Tweet_ID,Sentiment_Label,Probability_pos
1295691915300605953,neutral,0.5017543432377519
1295691915363573760,negative,0.011016856198323457
1295691915812384770,negative,0.16509321498723226
1295691915917168641,negative,0.308199125160694
1295691915925630978,negative,0.24769262548571583
1295691915950616577,negative,0.1093152816737875
1295691917792022528,negative,0.0003338606502341953
1295691917917933568,negative,0.10892672760764215
1295691917993402369,negative,0.05235170117218267
1295691918014259201,negative,0.3144874361122278
1295691918161059840,negative,0.013667621850923697
1295691918165381120,negative,5.460686303107623e-07
1295691918253359106,negative,0.0008199546819234915
1295691918270029831,negative,0.0045968869680548955
1295691918303621126,negative,0.00977337454887567
1295691918383316992,negative,0.00023530437211488536
1295691918442201089,positive,0.7081951555054813
1295691918530183168,neutral,0.4507454498615163
1295691921361235969,negative,8.317461762629718e-07
1295691921810231302,negative,0.02558756377544458
1295691922355286021,neutral,0.4507454498615163
1295691922447773696,negative,0.0022471699028677123
1295691922460352514,negative,0.08317377800270205
1295691922640535555,positive,0.8452921470041823
1295691922699431938,negative,0.04196084934621002
1295691922703560707,negative,4.006484458532278e-05
1295691922833629184,neutral,0.46500349569708016
1295691926457454598,negative,0.00481706198983289
1295691926910513152,negative,0.04303602972442552
1295691927266955264,negative,9.196923888637306e-06
1295691927292084231,negative,1.2827425165243526e-05
1295691927329931265,negative,0.0071604562497196425
1295691927346700288,negative,0.2611918645593331
1295691927409635328,positive,0.995628445894468
1295691928152027136,negative,0.0625932855156542
1295691930844762114,negative,0.027076159326781393
1295691931629101058,neutral,0.49789225920557484
1295691931809386496,negative,0.005941555239938602
1295691931872301056,negative,0.062055020990564765
1295691935328489472,negative,5.5420912616866526e-05
1295691935605293057,negative,0.0007745359129958626
1295691935609425921,negative,0.01980188107397208
1295691935743651843,negative,0.08593222672938432
1295691936700018689,positive,0.978342543989653
1295691939619262464,negative,0.12601313751072224
1295691939732508674,negative,0.13449786664433144
1295691939929559040,negative,0.004918365183818335
1295691939996737541,negative,0.18452869957961077
1295691940177031168,negative,0.12601313751072224
1295691941204590592,negative,0.0006356838427041847
1295691943637180417,positive,0.8363779306261194
1295691944425750528,negative,0.12601313751072224
1295691944518193153,positive,0.7549077896634909
1295691945864572929,negative,0.10576783759391008
1295691946590179328,negative,4.667225479795788e-05
1295691947416395776,negative,0.0018410093689423654
1295691948049805314,negative,9.647353488279784e-05
1295691948502786049,negative,0.03302965250828128
1295691948863488000,positive,0.9211060182468039
1295691949006102529,negative,0.01981185236540945
1295691951455580162,negative,0.0002160339310288676
1295691951711440896,neutral,0.49077241002739685
1295691951837257728,negative,0.0005638289355444513
1295691952093003777,neutral,0.5673971260133672
1295691952139239426,negative,0.003375547565638767
1295691952344702977,negative,0.03959534681343007
1295691952986390528,negative,0.018075472935833604
1295691953024245761,negative,0.007017270569682926
1295691956979261441,neutral,0.3480287120754801
1295691957377744896,negative,4.1670369225932593e-07
1295691957797257216,negative,2.0084103464376355e-05
1295691958267056128,negative,0.01128573738750588
1295691958346817536,negative,0.12601313751072224
1295691958661283840,negative,0.10600349061693258
1295691958694944769,positive,0.992761073168761
1295691959827230721,negative,0.0004611026564177984
1295691959923888129,negative,0.024405456238622735
1295691960553033729,negative,0.005533543696796599
1295691960687251457,neutral,0.6510058072737261
1295691962033594369,negative,0.0023611495863098864
1295691962050371585,negative,0.07473720646101467
1295691962817839114,neutral,0.36095958222040864
1295691965045116930,negative,0.10396600402265237
1295691965183467522,negative,1.686179336173349e-05
1295691965628112897,positive,0.9369933255935478
1295691966043365376,negative,0.00027458457419710325
1295691966127251459,neutral,0.5266607897375037
1295691967079251968,negative,0.17574468282769173
1295691968287301633,neutral,0.38348152311486716
1295691968589246465,negative,0.003637410545871736
1295691968622874625,negative,0.009501451079747378
1295691968815796224,neutral,0.4377458278770358
1295691970556366849,negative,0.12601313751072224
1295691972519354368,negative,5.108940604516084e-05
1295691972573831168,positive,0.8632347508264742
1295691972641009667,negative,0.02952619844153965
1295691973127475200,negative,0.0071604562497196425
1295691973437853696,negative,0.001814309492249782
1295691973442048000,negative,0.285570470899839
1295691973999894533,negative,0.03329967069360357
1295691977187561472,negative,1.7731518168713525e-07
1295691977191645184,negative,8.959738913786267e-10
1295691977300770818,neutral,0.4412034357541848
1295691977766440961,negative,0.10525148072768666
1295691977963577346,neutral,0.3414038599697658
1295691978001338369,negative,0.15331241043057187
1295691978093613059,negative,0.12601313751072224
1295691978949242880,negative,0.0005207109971164184
1295691981088325634,negative,0.1550183489344394
1295691981100851200,negative,3.1932377036407975e-09
1295691981482536961,negative,0.16867547946173717
1295691982443024384,negative,0.1774610194378818
1295691983197962240,negative,0.023633229732866152
1295691985282637824,negative,1.283142162657062e-09
1295691985303605250,negative,0.0018812428314412637
1295691985882353669,neutral,0.5130605840822943
1295691986037506048,negative,0.0007811723832325936
1295691986545106946,negative,0.058523244829896154
1295691986599649280,positive,0.985485644655314
1295691986603847680,negative,0.07172942413219888
1295691986796793856,negative,5.487973340630601e-07
1295691989451706368,negative,0.1544075867961877
1295691990122856455,negative,0.026640802956355434
1295691990542299137,negative,0.12721689261713987
1295691990638551041,neutral,0.5374478655040366
1295691993608314883,negative,0.0005207109971164184
1295691994233278471,negative,0.0006108580793436225
1295691994975674368,negative,7.646205832868047e-09
1295691995097247745,positive,0.8446963384289382
1295691995139186690,negative,6.550506374760837e-07
1295691995764195328,negative,0.12601313751072224
1295691995822923776,negative,0.05952519289747215
1295691995965423616,negative,0.03184689485492144
1295691996485636098,negative,0.0001482934713042492
1295691997848756230,negative,0.12601313751072224
1295691998033305606,negative,0.0014502901163096363
1295691998670790658,negative,0.07095289621829483
1295691998683332609,negative,0.1774610194378818
1295691999245414405,negative,0.0004528380994821413
1295691999312584705,negative,0.0071604562497196425
1295691999396364293,negative,0.02744523895436504
1295691999568330752,negative,0.049023363547907664
1295692001946611718,negative,0.001747925746858878
1295692001967509504,negative,0.17801659703476488
1295692002164711424,negative,0.010621211979987503
1295692002890260480,negative,0.024405456238622735
1295692003586473984,negative,0.12601313751072224
1295692003607547904,negative,0.2111239617353949
1295692006161821696,negative,0.0001631320351968574
1295692006426120193,negative,0.001592799806777657
1295692006749089792,neutral,0.4507454498615163
1295692006841360391,negative,0.13099419407611068
1295692007436943360,negative,0.008191430420702141
1295692007642406912,negative,0.006105280219504559
1295692007998988289,negative,0.03910081098223644
1295692008070303744,negative,0.014162992454384139
1295692010591068160,negative,0.04193759653229973
1295692010737762304,negative,0.04274145442441093
1295692010771419137,negative,0.0016910528260434628
1295692010914025473,negative,0.12601313751072224
1295692011194982400,negative,2.0220763477403688e-17
1295692011803213825,negative,0.01325874942621394
1295692012105105411,negative,6.920140304096141e-15
1295692014567202816,negative,4.814579886112316e-05
1295692014856687616,negative,0.12601313751072224
1295692015167049729,negative,0.0002725305551936254
1295692015615737862,negative,0.010973737627005728
1295692015678758912,negative,0.015114988563143843
1295692015682846722,negative,0.03957686157108606
1295692016207224834,negative,0.006830567305835134
1295692016970539008,negative,0.006749968586320787
1295692017079590913,negative,0.001783072441101613
1295692018912501760,neutral,0.6480131779952819
1295692019172597760,neutral,0.6121602322309323
1295692020640616449,negative,0.12601313751072224
1295692020900663299,neutral,0.5209138043720312
1295692020921573376,negative,0.22545662290535748
1295692021496074240,negative,0.09386000229361774
1295692022830059523,neutral,0.5118605533127536
1295692022951682048,negative,0.041817059661361594
1295692023148744706,negative,0.044051357276136495
1295692023736012806,neutral,0.3687273402679583
1295692024226734080,negative,2.3403121448531908e-05
1295692024461635587,neutral,0.5914254948659557
1295692024641998849,negative,6.061246140977036e-15
1295692025053020162,negative,0.12601313751072224
1295692025124225024,negative,0.18299730410594303
1295692025136910336,negative,8.204259029453393e-05
1295692027070500867,negative,0.005431354991412298
1295692027355701249,negative,0.0027564177341247585
1295692027481423874,negative,0.11325217705010698
1295692027900944384,negative,0.12601313751072224
1295692028316209152,negative,0.04993449538440103
1295692028400082944,negative,0.00019015055651031186
1295692031550005249,negative,0.005885460562758812
1295692031658950657,negative,0.00026265360871660865
1295692031726104579,negative,0.1885684173452611
1295692031763845120,negative,0.04773174557985611
1295692032019750913,negative,0.019901934905204827
1295692032959275009,negative,1.4003172575850302e-11
1295692033219350530,negative,0.006041975808575909
1295692033647153152,negative,0.0018489038645729556
1295692035333267458,negative,0.02132099595582579
1295692036394360832,negative,1.0372041670094597e-07
1295692036759343105,negative,0.0001731737757059785
1295692037006729216,negative,0.007461233439279354
1295692037715525639,negative,0.00013821230581932204
1295692038038523904,negative,0.13216781798733543
1295692039523307522,negative,0.0020047614364494064
1295692039980486657,negative,2.7576915926557836e-05
1295692040924286978,negative,0.004558700104150853
1295692040970424327,negative,0.009501451079747378
1295692042027388928,negative,0.00022992845502249097
1295692043700895744,negative,1.831468735373716e-07
1295692043726000130,negative,0.27331923946993114
1295692044581646336,neutral,0.4787360110784628
1295692047861637121,negative,0.18795859623648656
1295692048306253824,negative,0.05202455977353448
1295692048356585474,negative,0.00028696207194974194
1295692048805355522,negative,3.750265800303984e-05
1295692048822042624,negative,0.0010631531060193312
1295692048893456384,neutral,0.6189493602832854
1295692049027600391,negative,0.0008093690248941691
1295692049589702662,negative,9.125602869120427e-07
1295692049795158021,negative,0.26100766255661445
1295692049858146305,negative,0.0625932855156542
1295692052513136640,negative,0.06316873021486953
1295692052852887555,negative,9.444871411513912e-05
1295692052899008512,negative,0.01981185236540945
1295692052982894598,negative,4.052833109699081e-10
1295692053054136321,negative,2.1751507208047918e-11
1295692054106796034,negative,0.009922036565349755
1295692054245318656,negative,0.01980188107397208
1295692056396890112,negative,0.058527571783466986
1295692056581611522,neutral,0.5168850321624187
1295692057449824256,negative,0.029999446150337256
1295692057726550016,negative,8.418688190818232e-05
1295692057776971776,negative,0.0027387704668291593
1295692057839689742,negative,3.750265800303984e-05
1295692061329457153,negative,0.061977900024636844
1295692061803454465,negative,0.003923840154451813
1295692061807607808,negative,0.08129792725911103
1295692062180990979,negative,0.12601313751072224
1295692062185205760,negative,0.08238130995994213
1295692062680129536,negative,8.723139555122483e-07
1295692062784802823,positive,0.9942595399295008
1295692063162458114,negative,0.029317951978514226
1295692063690887169,negative,0.10240815662956858
1295692064659734536,negative,0.06623432860846734
1295692065234399233,negative,0.010137412085136563
1295692065658015749,negative,0.004346223592228677
1295692066014601219,negative,0.019901934905204827
1295692068619051008,negative,0.004118996523353098
1295692068791214080,negative,0.00048817095992775643
1295692069005131778,negative,0.3140380540806584
1295692069831311360,negative,0.0005207109971164184
1295692070154375168,negative,0.25861288300383867
1295692070259167232,negative,0.14039099866125015
1295692070464761858,positive,0.9665202645210251
1295692070972198915,positive,0.6634808066654354
1295692072951918593,negative,0.0013422869196148164
1295692073098719233,neutral,0.4020383545323593
1295692074143100929,negative,0.10396600402265237
1295692074604474370,negative,0.0008963773350045361
1295692074629685249,negative,0.10396600402265237
1295692075225223168,negative,0.0018657919984342661
1295692075267231744,negative,0.002262930620172813
1295692075414028288,negative,0.11887281031159908
1295692075535654919,negative,0.03463358968179388
1295692076265418758,negative,0.028387754637568395
1295692077175640064,negative,0.00018266803619236362
1295692077418905600,negative,4.0291333358608596e-16
1295692077465063426,negative,0.12601313751072224
1295692078022905856,negative,2.510317680729904e-07
1295692078421356544,negative,0.09421732100141891
1295692078840778754,positive,0.9311790272996017
1295692079092334592,negative,0.006631638814742494
1295692081411829762,negative,0.03221424722852353
1295692082040975360,negative,1.6747773683696866e-11
1295692082682699777,positive,0.9672296278908608
1295692083580280834,negative,0.03637183006511301
1295692083597123587,negative,0.03184689485492144
1295692083987177472,positive,0.6658837518006784
1295692084003983364,neutral,0.5112162807618442
1295692084347904000,negative,0.02593739630268229
1295692084679184384,negative,0.016631488513467445
1295692086818242567,negative,0.006625444075330749
1295692087023869952,negative,0.18213436514654072
1295692087321661440,negative,0.00010655715264314273
1295692087426453504,negative,0.04665295860282254
1295692087543947265,negative,0.0006173611014873878
1295692087996887041,negative,0.16107913327303805
1295692088265314304,negative,0.016393079289107666
1295692088512786433,negative,0.019524363050877746
1295692092744835072,negative,0.310581112478079
1295692095131471874,positive,0.6634765676318548
1295692095286648833,negative,0.28905663827339423
1295692095609610240,negative,0.10657592600821617
1295692095819309056,neutral,0.49789225920557484
1295692095865401348,negative,4.2299016935094674e-08
1295692096528162816,negative,1.0456826991772286e-05
1295692098755231745,positive,0.9477995601449292
1295692098969186304,negative,0.01325874942621394
1295692099933949953,neutral,0.36954100030307996
1295692103087984640,negative,0.2249413094413231
1295692104769974273,negative,0.09216300439702863
1295692104774156288,positive,0.9886442611031434
1295692105155846144,positive,0.9982068274458711
1295692105248051201,positive,0.6692308063745451
1295692105365561348,positive,0.6667640060523197
1295692106925834240,negative,0.0001631320351968574
1295692107018113028,negative,8.418688190818232e-05
1295692107181629440,negative,0.012512228272294352
1295692108041461763,neutral,0.36318560597515276
1295692108188327937,negative,0.0075130361079723046
1295692108586782720,negative,0.1394930379267572
1295692108943302658,negative,0.004270671939399968
1295692109375307776,negative,8.248000384986474e-09
1295692109450805250,negative,0.12241357769920357
1295692110813962241,negative,0.15849072312534396
1295692111241715717,negative,0.03960923441371956
1295692111321407489,positive,0.7523308298457139
1295692111510155265,positive,0.8997246519229046
1295692111657021446,negative,0.0005960794063345932
1295692111816396805,negative,6.321477866462529e-09
1295692112080580610,negative,0.02132099595582579
1295692112084770817,negative,0.000275203233115124
1295692112512593925,negative,0.022837716562820656
1295692112885878784,negative,2.0004588456728248e-05
1295692113062039557,negative,0.03960923441371956
1295692115197001730,positive,0.8872851345776688
1295692115440099329,neutral,0.49789225920557484
1295692115641597952,negative,9.844110545864803e-06
1295692116576866304,negative,0.03151875742659505
1295692116761415681,neutral,0.33440212514266987
1295692117252157441,negative,0.0075130361079723046
1295692117705187332,negative,0.2297984884374534
1295692120230174720,negative,0.14039099866125015
1295692120653733889,negative,0.01661503369708779
1295692121320562688,negative,5.887309468269936e-06
1295692121345753088,neutral,0.49789225920557484
1295692121559781376,positive,0.8446963384289382
1295692121580740608,negative,0.12601313751072224
1295692121656233984,negative,0.11631874523252289
1295692121693986818,negative,1.4962011985125465e-09
1295692121912029185,negative,0.03302965250828128
1295692122310488071,negative,0.0044997814129280065
1295692122641895424,negative,0.00852227027618223
1295692123937878016,negative,7.350523149394952e-05
1295692124348981248,negative,0.13449786664433144
1295692124499959808,negative,0.029250765732278215
1295692125200424966,negative,0.0004989025182391388
1295692128434237441,negative,0.004139388705274514
1295692128459337728,negative,0.10240815662956858
1295692129268903936,negative,0.12601313751072224
1295692129667125249,negative,0.0002362839713359226
1295692129830871041,neutral,0.5006086376065693
1295692131714109442,negative,0.004473623629585413
1295692132045512704,negative,0.0010638569621965002
1295692132112572419,negative,0.02545445313493427
1295692132422946816,negative,0.0007745359129958626
1295692136013279233,negative,0.12601313751072224
1295692136126582785,negative,0.040164632481277183
1295692136197713922,negative,0.01962009292673826
1295692136755736577,negative,2.5840930318075018e-05
1295692137426632705,negative,0.09158900473016739
1295692137531617281,negative,0.0015629092287634627
1295692137925926914,negative,0.028417209951075623
1295692140207583234,negative,5.262635876707223e-05
1295692140744511488,negative,0.0007516808755897104
1295692140941586432,negative,0.038506972152262876
1295692141168144384,negative,0.00028844065532588334
1295692141222670337,negative,0.0015645295878872025
1295692141524652033,negative,0.0009677493191237991
1295692142615158784,negative,0.0022940608856741123
1295692144016003072,negative,0.009536913502468594
1295692144339030016,negative,0.00021853997368491353
1295692145521823746,negative,0.020855081181035948
1295692146071285760,neutral,0.38006962912221015
1295692146910126081,negative,0.012197980149991955
1295692148885671936,negative,0.22688714797051343
1295692148969537541,negative,5.9943895779497526e-05
1295692149212749824,negative,0.0031797094825060327
1295692150248820738,negative,0.0018548968459970684
1295692151909736449,negative,0.004346223592228677
1295692153121837056,negative,0.00010105005016432953
1295692153415507969,negative,0.015281882716898143
1295692154015186949,negative,0.0013145473590628152
1295692155021910016,negative,0.019901934905204827
1295692155428564992,negative,1.953689421747593e-06
1295692157077139457,negative,0.07580719631438095
1295692157316206593,negative,0.2195755253789885
1295692157450428418,negative,4.901046805973468e-06
1295692157660078080,negative,0.00010105005016432953
1295692157857206272,neutral,0.5374478655040366
1295692158394077185,negative,0.00023530437211488536
1295692158889058305,negative,0.0009309096130113586
1295692158956167168,negative,0.00013880059891756714
1295692159316787200,negative,0.10923838763276379
1295692160675782661,positive,0.863814643834973
1295692161787342848,negative,0.00019228115737767866
1295692162030538753,negative,0.0031797094825060327
1295692162278076416,positive,0.921229895011978
1295692163729195011,negative,1.793321764538712e-05
1295692165855805441,negative,0.00011920047949049027
1295692166812098560,negative,8.110411664887951e-05
1295692167130882049,neutral,0.4074793410571932
1295692167495782401,negative,0.0028464838235345608
1295692167537725442,neutral,0.4339322263962922
1295692167567101953,negative,0.006499205934662348
1295692167634198529,neutral,0.3499352441185855
1295692170595389446,negative,0.2331926200734969
1295692170805092353,negative,0.12601313751072224
1295692171182563329,negative,0.0018489038645729556
1295692171597799424,neutral,0.3921302920635026
1295692171740315648,negative,0.016393079289107666
1295692172042346497,negative,1.062354889889182e-06
1295692173602627585,negative,7.351230567595561e-06
1295692173808209922,negative,0.036219400787242784
1295692174072467461,negative,0.0014887796179201005
1295692175280418824,negative,0.12601313751072224
1295692175926206464,negative,0.058527571783466986
1295692176450555906,negative,0.12601313751072224
1295692178266771456,negative,0.051006876849169186
1295692178656768000,negative,0.12601313751072224
1295692179449565185,negative,1.8405426670836894e-08
1295692179692826626,negative,5.452504054379245e-11
1295692180271529985,negative,0.10396600402265237
1295692182565695489,negative,0.0005207109971164184
1295692182708523010,negative,0.025054689733965654
1295692182758842368,negative,0.12601313751072224
1295692183492755458,negative,0.0011263032715119257
1295692183530549248,negative,1.1529729981146676e-06
1295692183786475521,negative,0.12601313751072224
1295692183996178433,negative,0.22368839527007878
1295692184931520518,negative,3.314886641772634e-05
1295692185002811392,negative,0.005661991519484838
1295692186416066560,neutral,0.34075176843878735
1295692186898530304,negative,2.0667016595593305e-05
1295692187385069574,neutral,0.5545018972333732
1295692187431309313,negative,0.004071594709284997
1295692187540295680,negative,0.12601313751072224
1295692187825512449,negative,5.201701635854466e-07
1295692188584747009,positive,0.9785319809413109
1295692190476361736,negative,0.1389357443319044
1295692190723825664,negative,0.06280703243675861
1295692190878924801,negative,0.07004907123183772
1295692191516577795,negative,0.12601313751072224
1295692191839510528,positive,0.9600962004567284
1295692192342773760,negative,2.09572971483285e-06
1295692192502226944,negative,0.05741082219477387
1295692193089421312,negative,4.500446212326973e-05
1295692195064770560,neutral,0.6059243529313615
1295692195207548928,negative,0.019901934905204827
1295692195895353345,negative,0.2486640047527842
1295692196235141121,negative,0.11699281319052396
1295692196532883458,negative,0.12601313751072224
1295692196683943936,negative,0.012423018378087515
1295692196700663809,neutral,0.49789225920557484
1295692196780417025,negative,0.0002047870926257499
1295692197845766144,negative,0.04016914105674992
1295692199330492416,negative,0.03669135265188776
1295692199682859013,negative,0.23568651887278078
1295692200047771649,negative,0.0037088730045077936
1295692201117265921,negative,0.06359855444894413
1295692201167671297,negative,0.05843131106794269
1295692201205420034,negative,0.12601313751072224
1295692201415106571,neutral,0.5507293349429573
1295692203252121605,negative,6.589743470440822e-07
1295692203637997570,negative,0.12601313751072224
1295692203881308163,negative,0.12601313751072224
1295692204783087619,negative,0.007269031233544275
1295692204783144962,neutral,0.38006962912221015
1295692205198389248,negative,0.08007641557858117
1295692205345120257,negative,3.3378741217278722e-06
1295692205626015746,negative,0.029564743419631778
1295692209648545795,negative,1.196141079822343e-06
1295692211275870209,negative,0.08601342985475055
1295692211561148417,negative,1.997136026850921e-06
1295692211774947329,neutral,0.3762518554844251
1295692211942821888,negative,0.08000202738784179
1295692212383219713,neutral,0.39470030856737465
1295692213255577600,negative,0.03184689485492144
1295692213947596803,negative,0.20926325795826467
1295692215839264768,negative,0.011791452389450587
1295692216766214144,neutral,0.5374478655040366
1295692216917200898,negative,2.4077595799363915e-11
1295692217009528834,negative,0.0017412810642321022
1295692217135357952,negative,0.23330602565071645
1295692217302913027,negative,0.007461233439279354
1295692220130045953,negative,0.0005628391895716866
1295692220268523521,negative,0.0001298683880414286
1295692221191258112,negative,0.07458021402745403
1295692221661028353,positive,0.9818875037731538
1295692221665214464,negative,0.0031114104884486767
1295692222000758785,negative,3.0439707664671607e-05
1295692222617268224,negative,0.0005671520375393779
1295692224815136768,negative,0.0007745359129958626
1295692225100251143,negative,0.21253266698548795
1295692225993740288,negative,6.0880798353042644e-05
1295692228749385729,negative,4.317664146834203e-05
1295692229160448000,positive,0.8446963384289382
1295692229172920320,negative,0.07387917408818065
1295692229303054339,negative,0.03957686157108606
1295692229386932231,negative,0.00013588788282992902
1295692229718290432,negative,1.8795765124134442e-05
1295692229789523969,neutral,0.35512220211167794
1295692229814747138,negative,0.31387462782038605
1295692230171205632,negative,0.12601313751072224
1295692230980665344,negative,0.03957686157108606
1295692233400889345,negative,0.0012067848819527598
1295692233732128770,positive,0.6634765676318548
1295692234487144456,negative,0.0017513491502150333
1295692234608775169,negative,0.00013555120578751933
1295692234659115013,negative,0.00011920047949049027
1295692234868903938,negative,0.0001519657399878777
1295692236521439233,positive,0.8519323863092952
1295692236689203200,negative,2.603385525489425e-07
1295692236697591809,negative,0.09701871024001232
1295692237872013315,negative,0.12601313751072224
1295692237943246849,neutral,0.5475197972905538
1295692238442377222,negative,0.0019424042083922522
1295692238794760192,negative,0.0018657919984342661
1295692239126044672,negative,0.05408388664826899
1295692239172182016,negative,0.12601313751072224
1295692239407112193,positive,0.6634765676318548
1295692241139359744,negative,0.001169767821233555
1295692241600749570,negative,0.2690283462402911
1295692241671991297,neutral,0.3820490650105751
1295692242070523904,negative,0.01923854486001863
1295692242380894208,negative,2.5059444679241787e-06
1295692242531704832,negative,0.09187059928750586
1295692242578014210,negative,1.2243072081156684e-07
1295692243488120833,negative,0.09750256409854446
1295692245136543744,negative,0.07764390997067958
1295692245304315904,negative,0.08856424974178811
1295692245509824518,negative,0.06992591001498223
1295692246906478603,neutral,0.47840844706262076
1295692247883751424,negative,0.012733965306920133
1295692249787961344,negative,0.08022047292342224
1295692249896976385,negative,0.3259054042899628
1295692250035388416,negative,0.16867547946173717
1295692252409470977,negative,1.0825897597371955e-06
1295692252849696768,negative,0.2891175993349077
1295692255106404357,negative,0.12601313751072224
1295692255139966981,negative,0.015761082568702373
1295692255274176512,negative,0.050931873995515894
1295692255429382145,negative,6.634005678783482e-07
1295692257664868352,negative,0.010973737627005728
1295692257752952832,negative,0.022093546602464296
1295692258017193984,negative,0.0004970582462023491
1295692258143068160,neutral,0.46788681931507514
1295692258973560832,negative,0.005199548893803385
1295692259099369472,positive,0.6634765676318548
1295692259426525187,negative,0.012398956014796429
1295692259732738049,negative,0.08007641557858117
1295692261976608768,negative,0.13449786664433144
1295692262085521408,neutral,0.5505550505941735
1295692262102401030,negative,0.05002882666705823
1295692262463209472,positive,0.9477995601449292
1295692262488379393,negative,0.11653724842490738
1295692262836523014,neutral,0.4985928500860049
1295692264367362048,neutral,0.3896137824712838
1295692264652582915,negative,0.013833284247575704
1295692266405867520,negative,0.12601313751072224
1295692266552676353,negative,0.049469577383670124
1295692266980487169,positive,0.8904241196117874
1295692267546697733,negative,0.12601313751072224
1295692267953561600,negative,0.02132099595582579
1295692268276518919,negative,0.008239628484586698
1295692270247739392,negative,0.0451367204794381
1295692271430635522,negative,0.05601365947456205
1295692271455739904,negative,0.07123164910996446
1295692271661256705,negative,0.006934852627921999
1295692272344993793,negative,0.01325874942621394
1295692273758470145,neutral,0.5016384297155078
1295692274463051776,negative,0.22596519436911686
1295692274677014528,negative,0.00024621912790476246
1295692275083882496,negative,0.05374573414052315
1295692275226415110,negative,0.07011964500940589
1295692276384096258,negative,0.00023766409213502195
1295692276698669056,negative,0.004082086500951181
1295692277436874754,neutral,0.5374478655040366
1295692278351233025,negative,0.21651339263655675
1295692278628061184,negative,1.8088188086353651e-06
1295692278716076032,positive,0.9952586562553446
1295692278892290048,negative,0.0837763170250123
1295692281580748800,negative,0.1383430451408162
1295692282679693312,negative,0.0002387529873352188
1295692282881081344,negative,0.04258011744510042
1295692283501740034,negative,0.016393079289107666
1295692283560558593,negative,0.12601313751072224
1295692283694776321,negative,5.320534599032569e-06
1295692284009295872,negative,1.7814803929903534e-07
1295692284026064897,negative,0.0006153423069075457
1295692284038529026,negative,1.332729351319976e-05
1295692284172931072,negative,0.03957686157108606
1295692287117332481,negative,0.014162992454384139
1295692287444422657,negative,0.12601313751072224
1295692287658176512,negative,0.010332653681365602
1295692289084395520,negative,0.013089281480064363
1295692289201799169,positive,0.9973650369537395
1295692289327673344,negative,0.12601313751072224
1295692289889701888,negative,0.03957686157108606
1295692291789795328,negative,0.12601313751072224
1295692292897083400,neutral,0.46127768308170247
1295692293001814016,negative,0.07638309556483551
1295692296114118656,negative,8.385594651385614e-06
1295692298194505728,negative,0.03329967069360357
1295692298488090626,positive,0.978342543989653
1295692298500612096,negative,8.418688190818232e-05
1295692299394064384,negative,0.004276722325626631
1295692299415027712,negative,0.0001372034411602301
1295692300148977664,negative,0.025054689733965654
1295692300937388032,neutral,0.5702313667234737
1295692302376144900,negative,0.03960923441371956
1295692303697313792,negative,0.0027473190018002655
1295692303789588480,negative,0.0007686883237431971
1295692305333133312,positive,0.9833149891693774
1295692307921018881,negative,0.02132099595582579
1295692308487311365,negative,0.020502265820911216
1295692308868993025,negative,0.010149179562856237
1295692308961091587,negative,0.19547901490473668
1295692308977979397,negative,0.05991339020560473
1295692310655782913,negative,0.05349642639458454
1295692310831943680,negative,0.034365340080358645
1295692311352029184,negative,0.0022016088801348165
1295692312505397249,neutral,0.6568638135349862
1295692313885212673,neutral,0.48038420429752
1295692314434850817,negative,0.0015794965598329347
1295692316456427521,negative,0.06755976209626206
1295692316557090818,negative,0.05692718287260758
1295692317085638656,negative,0.12601313751072224
1295692317714722817,negative,0.0021858083203273398
1295692317886681088,negative,0.0005960794063345932
1295692317937012736,negative,0.004394591719285517
1295692318683652096,negative,0.12601313751072224
1295692318750769152,negative,0.008042174481167513
1295692322429009922,neutral,0.49789225920557484
1295692322823446532,negative,0.004316169404615848
1295692325059006465,negative,5.341726040733777e-06
1295692325516120067,neutral,0.4507454498615163
1295692325692342273,negative,0.04698529354685927
1295692326405320706,negative,2.7364241383099026e-10
1295692326451412995,negative,0.028096341047909108
1295692326661246979,negative,0.21601015731274564
1295692326862454784,negative,0.003640647691730192
1295692327047045120,positive,0.9739322021227819
1295692327323926531,negative,0.030528267024105774
1295692329198723072,negative,0.0005207109971164184
1295692329488195584,negative,0.00434300526405367
1295692329517449217,negative,0.12601313751072224
1295692330729603072,negative,0.0507568439576558
1295692333158203394,negative,0.12601313751072224
1295692333996863488,negative,7.897417256710126e-06
1295692334185750528,negative,0.011755915877405505
1295692334487699457,negative,3.750265800303984e-05
1295692334693261316,negative,0.10526319886508102
1295692334798118913,neutral,0.49789225920557484
1295692335070744578,negative,0.004346223592228677
1295692335133663232,negative,0.014905447712904824
1295692338510073857,negative,0.005550913732832132
1295692339198009350,negative,0.10396600402265237
1295692339957071872,negative,0.03135431427877863
1295692344185040897,negative,0.2975804511234207
1295692344398938113,negative,0.0075130361079723046
1295692346567229441,negative,2.7576915926557836e-05
1295692346592501760,negative,0.00459425206002631
1295692346638716930,negative,0.011625430798121015
1295692347699798016,neutral,0.36515004349488694
1295692347951505409,negative,7.866025982493117e-09
1295692348190609411,neutral,0.3744649144149421
1295692348693848064,negative,2.7576915926557836e-05
1295692349356544002,neutral,0.4020383545323593
1295692349406957569,negative,0.041809939078466925
1295692349859913728,negative,0.004125156057804944
1295692350166044674,negative,0.12601313751072224
1295692350317047808,negative,0.12601313751072224
1295692350610706434,negative,3.4810464061639534e-13
1295692350895906822,positive,0.9973650369537395
1295692354226196481,negative,0.3038147247055497
1295692354435911685,negative,0.0034977018496922625
1295692355224338432,negative,0.0005207109971164184
1295692355299946496,negative,0.03669135265188776
1295692355845185536,negative,0.05416534894060859
1295692356205924352,neutral,0.5136446707795853
1295692356239400961,negative,0.12601313751072224
1295692356730134528,negative,0.0002502620350867945
1295692358571433986,negative,0.008346977325152978
1295692358785347586,negative,0.049023363547907664
1295692359062167553,negative,0.0009309096130113586
1295692359129341953,neutral,0.6566241105144913
1295692359133548546,negative,0.06124065710788909
1295692359259299841,negative,0.006830567305835134
1295692359603232770,neutral,0.5017543432377519
1295692360777707525,negative,0.0022050273212469375
1295692360836358144,negative,0.12601313751072224
1295692362962931713,negative,1.6409765488457423e-05
1295692364175028229,neutral,0.6563131832915976
1295692364519022593,negative,0.003565978531554597
1295692364640653312,negative,0.0022137326917686293
1295692366351872000,neutral,0.4927121302410118
1295692367396106240,negative,0.030084501304577203
1295692367513686018,negative,0.25675835552680515
1295692367526330369,positive,0.9623083789592953
1295692367568175105,negative,0.05242761188160797
1295692367761211393,neutral,0.5808741501827569
1295692368197431298,neutral,0.6010617675389737
1295692368675581953,neutral,0.46127768308170247
1295692369069842438,negative,0.02519241012574095
1295692370739105792,negative,0.0211885827659588
1295692370831462400,negative,0.033433363929101324
1295692371150155776,negative,2.744501571627519e-06
1295692371343155200,negative,3.343349218178529e-06
1295692371796070400,negative,0.00034325132712054304
1295692372504870913,negative,0.12601313751072224
1295692372790173696,neutral,0.49789225920557484
1295692372983128065,negative,0.007035170874555392
1295692373511503873,negative,0.18286116381631745
1295692373511548928,negative,0.013973349715236835
1295692375340261378,negative,0.0005851199134936583
1295692375914885121,negative,0.0003146503927633664
1295692376468590592,positive,0.9326364557407526
1295692376485310464,negative,0.10396600402265237
1295692376502140929,negative,0.001592945652452625
1295692376665657347,negative,0.001150404241661264
1295692377248739329,neutral,0.5374478655040366
1295692379190632456,positive,0.7275894186885508
1295692379228459009,negative,0.03483587511081818
1295692379232653313,negative,0.10396600402265237
1295692379467517953,negative,0.03669135265188776
1295692380113436672,negative,0.013237339417620555
1295692380335636483,negative,0.09953838153023874
1295692380767739906,negative,0.01594790534770191
1295692381464010752,negative,4.335613135308736e-05
1295692381803642880,negative,0.018521147897682503
1295692383766618114,negative,0.051006876849169186
1295692384194506754,negative,0.0007696983105597082
1295692384211070976,negative,8.61277669189921e-08
1295692384488038402,negative,0.002130330362340932
1295692385016590340,positive,0.859093326996013
1295692385268035590,positive,0.7790918312588097
1295692385465389058,negative,2.3856664743433645e-05
1295692385662500866,negative,0.08693130205318453
1295692386409091073,negative,9.047652902293045e-09
1295692386648104962,negative,0.12601313751072224
1295692387755405312,negative,0.0005237791596226494
1295692388413956096,negative,0.08135719087995276
1295692388904636419,negative,0.12601313751072224
1295692388925689857,negative,0.0001519657399878777
1295692389508681728,positive,0.7300840865009319
1295692390175576064,neutral,0.5465070840584711
1295692390267854848,negative,0.22734913645193428
1295692391605821445,negative,0.00017669975346972866
1295692392675397632,negative,0.09421732100141891
1295692392738299911,negative,0.003649583132482638
1295692393027641346,negative,0.009501451079747378
1295692393040228352,negative,7.72111439694878e-05
1295692393816231937,negative,6.0880798353042644e-05
1295692393971359744,negative,0.006201192931730067
1295692394151792640,positive,0.6634808066654354
1295692396144066560,negative,0.0010013544595791654
1295692396483817472,negative,0.03596506374660406
1295692396613832706,positive,0.9886442611031434
1295692397066833926,negative,0.13872550801969175
1295692397368598528,negative,0.0023860165152041414
1295692397460955137,negative,0.00010105005016432953
1295692397800759303,positive,0.9477995601449292
1295692401743466496,negative,0.020132804922154218
1295692404452974592,negative,0.024330614297394876
1295692404570361857,negative,0.03490678140598641
1295692404905967616,negative,0.2971569503176048
1295692405065363456,negative,0.008849858138102148
1295692405623136256,negative,0.21921412548362115
1295692405673529344,negative,0.10923838763276379
1295692405711106048,negative,0.002898081272577684
1295692405916737541,negative,5.1307897545092484e-05
1295692406336217090,positive,0.8904241196117874
1295692406839488517,positive,0.7870333605672559
1295692407112179714,positive,0.9880268580897802
1295692408848633858,negative,0.0005207109971164184
1295692409859440640,negative,0.31732489718339985
1295692410878676992,negative,0.00023530437211488536
1295692411134521345,negative,0.0024697054137113846
1295692411193131008,negative,0.18929068482049832
1295692411272822787,negative,0.13258330860466033
1295692411394498560,negative,0.009376774873432418
1295692414590554115,negative,0.04350140218881862
1295692414640848896,negative,0.07920208696601297
1295692415551053829,negative,0.025363475707923643
1295692416062808064,negative,3.16299037349373e-05
1295692417031692288,negative,0.0028449827055019097
1295692417946079232,negative,1.3290059832167561e-05
1295692418097045505,positive,0.8087893427906706
1295692418273161218,negative,0.02132099595582579
1295692419112022017,negative,0.22206001944178103
1295692419703271424,negative,1.0312430096392619e-07
1295692419716067332,positive,0.9187734058430442
1295692421540478978,negative,0.0004989025182391388
1295692421834190848,negative,0.109530257095368
1295692422345887746,negative,0.03345254746742283
1295692422350098437,neutral,0.33068200639324075
1295692422542917634,negative,0.07123164910996446
1295692422714986498,negative,0.23649811240819985
1295692422731636738,positive,0.9880824541591356
1295692422823976964,negative,0.12601313751072224
1295692423692259330,positive,0.9477995601449292
1295692423788732416,negative,0.02864401290939194
1295692425348947973,negative,0.00011878864516568124
1295692426691084289,positive,0.7196329766005192
1295692426741514248,negative,0.1691244645347935
1295692427207102464,neutral,0.5496678701602578
1295692427248967682,negative,0.014162992454384139
1295692428071112706,positive,0.8030084999898046
1295692429685854208,negative,1.678857879590205e-05
1295692430021402626,negative,0.00013642334311615047
1295692430487019520,negative,0.15814967988239612
1295692431246217216,neutral,0.38348152311486716
1295692433787887619,negative,0.010655361684533989
1295692433863262208,positive,0.9998835435395147
1295692433997651968,positive,0.9477995601449292
1295692434308050944,negative,0.0030701138703230625
1295692434513563652,negative,2.5840930318075018e-05
1295692434945576960,neutral,0.49789225920557484
1295692435214016513,negative,0.03302965250828128
1295692435318870016,neutral,0.5673971260133672
1295692435755020288,negative,0.12775632899510955
1295692435952107520,negative,0.12601313751072224
1295692436203810818,negative,0.0005351150832805206
1295692436283564032,negative,0.24900463767756426
1295692437965471747,neutral,0.3904466526192386
1295692438426746882,negative,0.06227944565466594
1295692438548381702,negative,0.18286116381631745
1295692438867193856,negative,0.0026280858875517583
1295692439588466688,negative,0.015251520132869876
1295692440431546370,negative,0.17836558564301538
1295692442306580481,negative,0.009077280950076014
1295692442365198336,negative,0.2071251955952833
1295692443317395459,negative,0.0013775374390480085
1295692443657043968,negative,0.004631627283949271
1295692443778797568,negative,6.885543352479649e-07
1295692444022046722,negative,0.006558222740242218
1295692445200637954,negative,0.21921412548362115
1295692446605680640,negative,0.0013422869196148164
1295692447369093120,positive,0.7302356148169574
1295692447591391232,negative,0.024405456238622735
1295692447801057280,positive,0.8048393408443595
1295692448837009408,negative,0.02132099595582579
1295692449696882691,negative,8.418688190818232e-05
1295692449810132997,negative,6.0880798353042644e-05
1295692450741329925,negative,0.3159848825805667
1295692451068416001,negative,0.017053534683234405
1295692451244646400,negative,0.15223178472656726
1295692451634655232,negative,0.12601313751072224
1295692452435759106,positive,0.9328828773935286
1295692452448346112,negative,0.12601313751072224
1295692452762968064,neutral,0.5505550505941735
1295692453358567424,negative,0.01568678767813856
1295692454801428480,neutral,0.42068907828281804
1295692454822371328,negative,0.005105476252448527
1295692454885306369,negative,0.03957686157108606
1295692455229227015,negative,0.1879479146110984
1295692455279550472,negative,0.006830567305835134
1295692455451471872,negative,0.06227944565466594
1295692455560372224,negative,0.004088368435796212
1295692456793722890,negative,0.18448366906044358
1295692457229709313,negative,0.004088368435796212
1295692457376612353,negative,0.31387462782038605
1295692457791959040,negative,0.21982838405972638
1295692457951322114,negative,0.12601313751072224
1295692458702114816,negative,0.0025748715787620034
1295692459104763905,negative,0.11325217705010698
1295692460014927873,neutral,0.5037337938975129
1295692460111417346,negative,0.0020834233869462602
1295692460161630209,negative,0.12601313751072224
1295692460287459329,negative,0.07297986551897258
1295692460895633408,neutral,0.3722486922901105
1295692461000589313,negative,0.1616413769909155
1295692461390561280,negative,0.0037007295488750373
1295692463311593472,negative,0.051006876849169186
1295692464205058048,negative,0.00030136635016748535
1295692464989372416,negative,0.1361035414564125
1295692465291309056,negative,0.1118889111901202
1295692465320624132,negative,0.08370102830580771
1295692465563930625,negative,4.901046805973468e-06
1295692465807265793,negative,0.0006947898159140582
1295692467635916800,negative,0.12601313751072224
1295692468336328712,negative,0.23871696831429615
1295692468487413760,negative,0.016393079289107666
1295692468592287744,negative,0.0011634135892160378
1295692468785160193,negative,0.044051357276136495
1295692469225521154,negative,0.00015156097491663485
1295692469229826050,negative,0.07387917408818065
1295692469460443136,negative,0.16867547946173717
1295692473189179394,negative,0.12767045709435793
1295692474074177537,negative,0.008473546305672767
1295692474111922178,negative,0.029421887527659826
1295692474875289600,negative,0.051839411327444455
1295692476636893186,neutral,0.43612039806852576
1295692477714898944,negative,0.03302400256793054
1295692478004244480,negative,0.08161158602374756
1295692478650220544,negative,0.08129792725911103
1295692480512430080,negative,0.03461353507512942
1295692480525021184,negative,0.12601313751072224
1295692481066041344,neutral,0.5298685075723683
1295692481095491584,negative,3.750265800303984e-05
1295692481334513669,negative,0.12601313751072224
1295692481791746050,neutral,0.4033702508780281
1295692484589293569,negative,0.0012344227010613817
1295692485252001792,negative,0.10766369086898193
1295692485294010368,negative,5.900062542311814e-05
1295692485616861185,negative,0.011577013803850641
1295692486598447104,negative,0.02145690612794093
1295692487000956929,negative,0.00010105005016432953
1295692487932153857,negative,0.002567586772626883
1295692488263569409,negative,0.0003022696654259574
1295692488267698176,negative,0.0019005526850097887
1295692488599101440,negative,0.07297986551897258
1295692489043644418,negative,0.0075130361079723046
1295692489052106752,neutral,0.35948143253622666
1295692489865728006,neutral,0.5374478655040366
1295692489995825152,negative,0.12601313751072224
1295692490222182400,negative,0.01325874942621394
1295692492503945216,positive,0.9785319809413109
1295692492516536323,negative,0.036809562773322126
1295692492529184768,neutral,0.49789225920557484
1295692493225418752,negative,4.89741470396055e-05
1295692493485494272,negative,0.0006034492095579572
1295692494160760832,negative,2.440712342384328e-05
1295692494236155912,negative,0.00010105005016432953
1295692494278209536,negative,2.7576915926557836e-05
1295692494408228864,negative,0.04609611391446554
1295692496740196353,neutral,0.5238781197433692
1295692497436450816,negative,0.02645044276578625
1295692497977516033,negative,0.12601313751072224
1295692498090827776,negative,0.12601313751072224
1295692498501808129,negative,0.27781596414135684
1295692498711478277,negative,0.12601313751072224
1295692498933886976,negative,0.23721339283699297
1295692498954854401,negative,0.03763208525525527
1295692499172888578,neutral,0.5112162807618442
1295692499382657024,positive,0.9880268580897802
1295692499521085443,positive,0.9960074632693179
1295692500863029249,negative,0.0012629288658169366
1295692500959625218,negative,1.6409765488457423e-05
1295692501022584832,negative,0.13216781798733543
1295692501190311936,negative,0.0001835347341020115
1295692501337202689,negative,0.010973737627005728
1295692501366517760,negative,0.0009208758131002621
1295692501530161155,negative,0.011586045402794596
1295692502524207104,neutral,0.46334480996064314
1295692502788382720,negative,9.368706654620793e-06
1295692503186841602,negative,0.20081843170922334
1295692503362961411,negative,0.03477891491735291
1295692503623114757,neutral,0.40674001738839816
1295692505992830976,neutral,0.5339747624636575
1295692506135515136,negative,0.22605958436374837
1295692506651394049,negative,0.2420357653306866
1295692506793938944,negative,0.0021858083203273398
1295692507154722817,neutral,0.6097258019479818
1295692507683213313,neutral,0.49789225920557484
1295692509277032448,negative,0.09421732100141891
1295692509423828992,positive,0.9225997454730238
1295692509595697153,negative,0.024405456238622735
1295692510015172613,negative,0.06316873021486953
1295692510824628224,negative,0.004072342382658138
1295692511315402752,negative,0.02132099595582579
1295692511562944517,negative,0.001949950112475981
1295692514243031047,negative,4.984175924209551e-09
1295692514746347520,neutral,0.49789225920557484
1295692515425869825,negative,0.010973737627005728
1295692518470942721,positive,0.9527619688681364
1295692521755095040,negative,0.06808258726477745
1295692522304438275,neutral,0.3709491165362941
1295692523004923905,negative,0.026712610815796057
1295692523315367943,negative,0.010221071027838362
1295692524258983942,negative,0.12601313751072224
1295692524477198336,negative,0.00018163029114407663
1295692525785747456,neutral,0.578479984244387
1295692526071013376,negative,0.01325874942621394
1295692527803043840,neutral,0.49789225920557484
1295692527895552002,neutral,0.5136446707795853
1295692528059133952,negative,0.051006876849169186
1295692528113651712,negative,0.01981185236540945
1295692528822505474,negative,0.2206150410091661
1295692530261151744,negative,0.13427103684869307
1295692530739273729,negative,8.843982921742892e-08
1295692531552985088,negative,0.0023101378003095264
1295692532274409472,negative,0.004346223592228677
1295692532404322304,negative,1.738480835754791e-11
1295692532437979136,negative,0.12601313751072224
1295692534392528897,negative,1.8282660187410557e-05
1295692534409306113,positive,0.9833149891693774
1295692535059361792,negative,0.0028840621963977723
1295692535277465600,negative,0.05290935476778606
1295692535294287873,negative,0.12601313751072224
1295692535747182597,negative,0.0718358858922714
1295692536179240960,negative,0.00011920047949049027
1295692536326033408,negative,0.016964151784983287
1295692536368058369,negative,0.00028696207194974194
1295692536489574403,neutral,0.5381097555575921
1295692536825155584,negative,0.31732489718339985
1295692539136299010,negative,0.10526319886508102
1295692539190796289,negative,0.12601313751072224
1295692539501182977,negative,0.12601313751072224
1295692539924750337,negative,0.007019384750380013
1295692541099212805,negative,0.023332538499514468
1295692541204070406,negative,0.12060037142876968
1295692543863197696,negative,0.0004089731337429402
1295692544731422720,negative,0.001947762946201267
1295692545201188864,negative,0.0004930985307503336
1295692545712939008,negative,7.59092448921456e-14
1295692545884917762,positive,0.6612526817235169
1295692547856244738,negative,0.06363859790170436
1295692547881349121,negative,0.0507568439576558
1295692547914903555,negative,0.2473619490630074
1295692548154023937,negative,0.024405456238622735
1295692548544004096,negative,0.0017851008275454312
1295692548732846083,negative,0.00011878864516568124
1295692549080875008,negative,0.0005707288715266583
1295692549127012353,negative,0.03490678140598641
1295692549147983873,negative,0.015587717568744454
1295692549416419330,negative,0.21879952739180128
1295692549777166336,negative,0.07241850314897574
1295692549986881542,negative,0.007954266495381734
1295692550007918593,negative,4.3195256391494465e-06
1295692551685627904,negative,0.0021150379560515515
1295692551744303104,negative,4.169541059454128e-05
1295692551807270912,negative,0.014905447712904824
1295692551979237378,positive,0.9550228286378061
1295692552159494145,negative,0.012794336949919475
1295692552356745216,negative,0.22561333375529458
1295692552667041792,negative,0.005980495305229929
1295692555385004032,negative,0.03957686157108606
1295692555489771520,neutral,0.4239485768510285
1295692555800252416,negative,0.0005207109971164184
1295692555892527104,negative,0.03302965250828128
1295692557129785349,negative,7.733989177825962e-11
1295692557272449024,negative,0.0005971364256259126
1295692559646367744,negative,0.03302965250828128
1295692559772262400,negative,0.018075472935833604
1295692559856148482,negative,1.6395967586671367e-05
1295692560237834240,negative,0.2342844411555879
1295692560313266176,negative,0.005085940366626463
1295692560313327616,positive,0.9932418432954684
1295692560829227009,negative,2.0833263279408446e-05
1295692560971726848,negative,0.04258011744510042
1295692561022099458,negative,0.12601313751072224
1295692561584201729,negative,0.10396600402265237
1295692561974276096,negative,0.007597990026667314
1295692564016898049,positive,0.9973650369537395
1295692564159442945,negative,0.04137605284192735
1295692564541181952,negative,0.12601313751072224
1295692565635833856,negative,0.0007884641689222634
1295692565753331713,negative,9.525100489506096e-07
1295692565984018432,positive,0.6612526817235169
1295692566294339585,negative,0.10009065629389999
1295692568227917824,negative,0.025532811890303698
1295692569406513152,neutral,0.3765210769033696
1295692569515569153,negative,0.01325874942621394
1295692570039910400,negative,0.03669135265188776
1295692570157297664,negative,0.12601313751072224
1295692572493590528,neutral,0.49789225920557484
1295692573005291523,positive,0.8957023356609392
1295692573244358656,neutral,0.47697210391394973
1295692573458206723,negative,0.001074221836268776
1295692573881901056,negative,0.0019161716794034898
1295692574070579202,negative,0.06901284341561151
1295692575043514375,negative,2.547492896439527e-07
1295692576364924930,negative,0.02132099595582579
1295692577514168322,positive,0.9430870189811013
1295692580575940608,negative,0.006299536341905953
1295692581184114689,negative,0.0033885059630881366
1295692581427445762,negative,0.007597990026667314
1295692582295658498,negative,0.000293413304020663
1295692582803169282,negative,0.12601313751072224
1295692584975728647,negative,0.13496828931847205
1295692585026179072,negative,0.0020834233869462602
1295692586234064896,negative,0.09421732100141891
1295692586468945920,positive,0.9880268580897802
1295692586984845312,negative,0.019725494973967896
1295692587114930176,negative,0.0035840906337699812
1295692589543428101,negative,0.0020031729611166655
1295692589782499328,negative,0.12601313751072224
1295692590877114369,negative,0.00011920047949049027
1295692591170752512,negative,0.00013555120578751933
1295692591284006912,positive,0.978342543989653
1295692591376326656,negative,0.003253036031092394
1295692593821626375,negative,0.012512228272294352
1295692594043854848,negative,0.0012583269715760366
1295692594211586049,negative,0.008212042951067923
1295692595239301120,negative,1.8844368557386622e-06
1295692595600007168,negative,0.14584367952055513
1295692595700666370,negative,0.024405456238622735
1295692595767771137,negative,0.019901934905204827
1295692596258508800,negative,0.012512228272294352
1295692599123222531,negative,0.000777269100867043
1295692599878201350,negative,0.15814967988239612
1295692600104628226,negative,2.5952806806830276e-05
1295692600930959361,negative,0.006631638814742494
1295692601308467200,negative,0.00032862021492752343
1295692601778216960,negative,0.0001568205364054759
1295692601916563456,negative,0.12601313751072224
1295692602826608640,neutral,0.4074793410571932
1295692603636285440,negative,0.12601313751072224
1295692604869349379,negative,0.019524363050877746
1295692605716602880,negative,0.30647167769809186
1295692605934702592,negative,0.21921412548362115
1295692606094151686,negative,0.04698529354685927
1295692606177972226,negative,1.6679971079782324e-06
1295692606211592193,negative,0.07224182677992767
1295692606584901634,negative,0.008551744862496442
1295692607046262785,positive,0.9922777277020463
1295692607234936832,neutral,0.5410702560054874
1295692608195514368,negative,0.03669135265188776
1295692610036785152,negative,0.07387917408818065
1295692610246455297,negative,0.1773930226506268
1295692610791780357,negative,0.03957686157108606
1295692611236311041,negative,0.04057149457878385
1295692611735498754,negative,0.002388462964244313
1295692612033273857,negative,0.10565688630721817
1295692614243622917,negative,0.06533844561136587
1295692614918955008,neutral,0.6563131832915976
1295692615229341696,negative,0.18795859623648656
1295692615522889734,negative,0.0020389288645137537
1295692615665557505,negative,0.08376611679530784
1295692616009494529,positive,0.6994096018272591
1295692616030396421,negative,0.002895751147165075
1295692616181387270,negative,0.12601313751072224
1295692616525205504,negative,0.06901284341561151
1295692616575651840,negative,7.752480450362732e-06
1295692616605020160,negative,1.6395967586671367e-05
1295692618647703555,negative,0.0002566590035321066
1295692618962264067,negative,0.00023530437211488536
1295692619171987458,negative,0.005268054254983569
1295692619188785153,negative,0.004500908720721487
1295692620069580800,positive,0.6698263576368745
1295692620589604865,neutral,0.36574236669839194
1295692620618969088,negative,0.01325874942621394
1295692620874817536,negative,0.0004794697418854239
1295692621159989248,neutral,0.5426596473129269
1295692622867169283,negative,0.13449786664433144
1295692623831851008,negative,0.037324115906656484
1295692623970209794,positive,0.9108092757545855
1295692627124408321,negative,9.530934821103964e-08
1295692627250229250,negative,0.00010540108013982607
1295692627308929024,negative,0.03957686157108606
1295692627464138752,negative,0.025988836584273426
1295692628135157763,negative,0.08793434435731305
1295692628743290880,negative,0.0007264972018350495
1295692630437789703,negative,0.11132356109298178
1295692631167696898,negative,0.12601313751072224
1295692631641661441,negative,0.006631638814742494
1295692631759040514,negative,0.00013588788282992902
1295692631767429129,negative,0.006365665095487753
1295692632199487495,negative,0.01841734174649318
1295692632677658627,neutral,0.3397172522164106
1295692633214529536,negative,0.1905096083448034
1295692635663937536,negative,0.08636030030294525
1295692635764592641,negative,0.03400880956227245
1295692635772985344,negative,0.00021395122029793098
1295692636700004352,neutral,0.54279854078783
1295692637140332546,neutral,0.5374478655040366
1295692637761089538,negative,0.1515850330288955
1295692639950577664,negative,0.12601313751072224
1295692640378396672,negative,0.031206618751031753
1295692640395173888,negative,0.012395618865407595
1295692640965611522,negative,1.0987980960836639e-07
1295692641150148611,neutral,0.4577475509761176
1295692641695342594,negative,0.12601313751072224
1295692644027445248,negative,0.000702211879074985
1295692644144812034,negative,0.22463230117098826
1295692644585213954,negative,0.03302965250828128
1295692644631351296,negative,0.22051075309162918
1295692645348577280,negative,0.12601313751072224
1295692645658959875,negative,0.006528353913551429
1295692646141304833,negative,0.0005971364256259126
1295692646250315781,negative,0.18448403645168363
1295692646334300162,negative,0.31732489718339985
1295692647949099008,negative,0.0620019746402427
1295692648251035648,neutral,0.4020383545323593
1295692649152864257,negative,0.004316169404615848
1295692651774251010,negative,0.12241357769920357
1295692652420247552,negative,0.12601313751072224
1295692652990672897,negative,0.0002239928918441019
1295692653280088065,negative,0.02140547128081953
1295692653707788291,negative,0.011865873644757326
1295692653821153283,negative,0.10396600402265237
1295692656463548417,negative,0.044051357276136495
1295692656543244290,positive,0.7541490414366273
1295692657063321600,negative,0.016393079289107666
1295692658921410562,negative,8.418688190818232e-05
1295692660523638784,negative,0.016393079289107666
1295692661257633793,negative,0.14004352384111818
1295692661857439746,negative,0.00044879097456852497
1295692662348095488,negative,2.3076203378099847e-06
1295692664957014017,neutral,0.34322267253793753
1295692665678438402,negative,0.14554881192253538
1295692665871372288,negative,0.0004989025182391388
1295692665900728320,positive,0.687969073623697
1295692665917444096,neutral,0.49789225920557484
1295692667297374210,negative,0.014236697872426797
1295692667725262849,neutral,0.6564541695231213
1295692669201657857,negative,0.019901934905204827
1295692669709168641,negative,0.001001582697052081
1295692669772083200,negative,0.12601313751072224
1295692669843378176,neutral,0.49789225920557484
1295692670082396161,negative,0.23547395389090442
1295692671361720325,negative,0.061898746271034984
1295692673232318466,negative,0.12601313751072224
1295692674289328130,negative,0.001150404241661264
1295692674901651456,negative,0.0014887796179201005
1295692675480539136,negative,0.004072342382658138
1295692675505692674,negative,0.00011371886963053537
1295692675820158978,negative,0.025208063068353482
1295692677019766784,negative,0.08636030030294525
1295692677254656000,negative,0.11218045315613208
1295692677376335872,negative,0.03329967069360357
1295692677619556354,positive,0.9810572388643256
1295692678110359552,negative,3.160425329811985e-05
1295692679662231558,negative,0.021597468805320055
1295692681184595969,negative,0.09387736919235898
1295692681935491074,negative,0.32494377004484065
1295692682224898048,negative,0.007156352166912681
1295692682346586115,positive,0.9973650369537395
1295692682493415425,neutral,0.49077241002739685
1295692685412569088,negative,0.0005207109971164184
1295692686104633344,negative,0.08040653715526924
1295692687069327360,negative,6.0880798353042644e-05
1295692687299891202,negative,0.058527571783466986
1295692687866241024,neutral,0.4412034357541848
1295692690441609216,negative,1.8088188086353651e-06
1295692690651262977,negative,0.013950348483235479
1295692690969960451,neutral,0.48038420429752
1295692691108499456,negative,0.0005707288715266583
1295692691263692800,negative,6.58409051554122e-06
1295692691418816515,negative,0.0005779896377575309
1295692691477602304,negative,0.1416388564376785
1295692691720867841,negative,0.006558222740242218
1295692691850895360,negative,0.04137605284192735
1295692693805334528,negative,0.12601313751072224
1295692694669402113,negative,0.014905447712904824
1295692694803623936,negative,1.8088188086353651e-06
1295692695013339136,negative,0.12601313751072224
1295692695449501696,negative,0.03467402380642028
1295692695646736384,negative,0.004316169404615848
1295692695864844289,negative,0.024888170940219626
1295692695898382336,negative,0.006749968586320787
1295692696787521538,negative,0.0016031042277751012
1295692698251386882,negative,0.044320080638114746
1295692698725351426,negative,0.051839411327444455
1295692699429933057,negative,0.0018267656388868177
1295692699794898944,negative,0.29686239864158553
1295692702370193411,negative,0.004316169404615848
1295692702747631617,negative,0.0001568205364054759
1295692702751678469,negative,0.044051357276136495
1295692703234129920,neutral,0.4412034357541848
1295692703359959042,negative,0.25038818731603035
1295692703938818050,neutral,0.6141984688261694
1295692703959846912,negative,1.5182022895132607e-15
1295692704668684299,negative,0.05385761168559656
1295692705054494723,negative,0.004346223592228677
1295692706086363138,negative,5.865934363663714e-05
1295692706442817536,negative,0.051006876849169186
1295692706598080513,negative,0.12601313751072224
1295692707264897025,neutral,0.46127768308170247
1295692707868954625,negative,0.002297799563603644
1295692708137373701,negative,0.10240815662956858
1295692708149960704,neutral,0.49789225920557484
1295692708468662273,negative,0.004637588544408518
1295692708833562624,negative,0.12601313751072224
1295692709391474690,negative,0.12601313751072224
1295692710570070017,neutral,0.49789225920557484
1295692711903674369,negative,8.418688190818232e-05
1295692713212469249,negative,0.037492882486075206
1295692713644429314,negative,0.02317370864828855
1295692715016019968,negative,0.0075130361079723046
1295692715406102528,negative,0.12601313751072224
1295692715791986689,negative,0.0075130361079723046
1295692715867484161,negative,0.04495693307702678
1295692716702142464,neutral,0.4575574633417399
1295692717058437121,negative,1.744154839205254e-05
1295692717134094338,neutral,0.5118605533127536
1295692717364850688,neutral,0.614952937468593
1295692717515837442,negative,0.03447967834188546
1295692719080308742,negative,5.3271621138165837e-05
1295692719180976128,positive,0.6740066611498648
1295692720242135041,negative,0.0003203602572668518
1295692720992903168,negative,0.031206618751031753
1295692723186524160,negative,0.00011920047949049027
1295692724889427969,negative,0.2020629899642651
1295692725682151433,negative,0.0006670395292925617
1295692726483259398,negative,0.05692718287260758
1295692727489830915,negative,0.12601313751072224
1295692727657652225,negative,0.11705956892677602
1295692727972179969,negative,0.00040201205567999364
1295692728697749505,negative,3.9388053141654886e-11
1295692728806903809,negative,0.27080060817883433
1295692729356357632,negative,0.0003984011770661783
1295692729549230080,negative,0.12601313751072224
1295692731931594752,negative,0.035143427857087524
1295692732837568513,positive,0.6634765676318548
1295692732892155904,negative,6.561871386007718e-10
1295692733072498688,negative,0.06113478433430597
1295692733546471426,negative,0.00011920047949049027
1295692736184672256,negative,0.008836813096591699
1295692736771895299,neutral,0.45031199287940094
1295692736826417152,negative,0.0002595035534251198
1295692738260803586,negative,0.12601313751072224
1295692738357338112,negative,0.019248932549269016
1295692738495643649,negative,0.11218045315613208
1295692740349562880,neutral,0.48038420429752
1295692740471160833,neutral,0.35833926598257637
1295692740731326464,negative,0.12601313751072224
1295692741746331650,negative,0.2677651204054746
1295692742077620226,negative,0.12601313751072224
1295692744380358657,negative,0.0037007295488750373
1295692744480960514,positive,0.9525161615420482
1295692744652992512,negative,2.6066814058639187e-05
1295692745571532807,negative,0.2972470243080481
1295692745668022272,negative,0.031393895097719345
1295692746485911553,negative,8.557523462904119e-05
1295692746804559880,negative,0.00011706970378355754
1295692748574666760,negative,0.029896758054325324
1295692748624932866,negative,0.3104061462042123
1295692749434490881,negative,0.006987281930126272
1295692752857038849,negative,0.0034294410935135746
1295692753754632192,negative,7.843612797587265e-05
1295692754794815489,negative,5.900062542311814e-05
1295692756984176648,negative,0.31873050610005654
1295692757256863745,negative,0.04163160973348694
1295692757705555968,negative,0.0600101272615417
1295692757940539401,negative,4.4042445761811306e-13
1295692758028636160,neutral,0.4412034357541848
1295692758347321344,negative,0.12601313751072224
1295692758720696321,negative,5.182750294571219e-08
1295692759244955648,negative,0.0016544375600636367
1295692760981417985,negative,0.03483307538077289
1295692761019162627,negative,0.009501451079747378
1295692761157566464,negative,0.003990479651486042
1295692761593794560,positive,0.9999989261151339
1295692762940137473,negative,4.49545340219575e-05
1295692763053330433,neutral,0.5745333002398455
1295692763267239936,negative,0.07297986551897258
1295692763334422528,negative,0.0600101272615417
1295692763468529665,negative,0.10019903376017361
1295692763984465921,negative,6.0880798353042644e-05
1295692765251145728,positive,0.6634765676318548
1295692765850984454,negative,0.051839411327444455
1295692766278803458,neutral,0.5808741501827569
1295692766547185664,negative,2.1751507208047918e-11
1295692767088254979,negative,0.12601313751072224
1295692767151128577,negative,0.12601313751072224
1295692767168004101,negative,0.12601313751072224
1295692767687999490,negative,1.4769928507775177e-05
1295692768053022722,negative,0.020597671655610602
1295692769202249728,negative,0.006443856252718849
1295692771060322305,negative,0.12601313751072224
1295692771072802818,negative,0.0010158740261481225
1295692771601387521,negative,0.12601313751072224
1295692773170044928,negative,0.04443081074622532
1295692774206066688,negative,0.19744132892808616
1295692775191719938,negative,6.193529561585191e-07
1295692776634548225,negative,0.10153886532073596
1295692776726827009,negative,0.044051357276136495
1295692776982667265,negative,0.145402450257652
1295692777863471104,negative,0.004346223592228677
1295692778257682432,negative,0.09547977103808883
1295692778593292290,negative,0.004280114626471995
1295692779679621121,negative,0.12331967209317418
1295692780375871488,negative,0.0034027641760319585
1295692782426890242,negative,0.0075130361079723046
1295692782590472192,negative,0.019901934905204827
1295692782653366273,negative,0.12601313751072224
1295692783391563777,negative,0.12601313751072224
1295692785761292293,negative,5.4765196866216256e-05
1295692786298224642,negative,0.12601313751072224
1295692786784784384,negative,0.11325217705010698
1295692787292278786,negative,0.008017733264469558
1295692789473325056,neutral,0.5808741501827569
1295692789536169984,negative,0.197221525988183
1295692790463000584,negative,0.007685525411441531
1295692790614171649,negative,0.22408391551629084
1295692790983163904,negative,0.000438835505889476
1295692791234924547,negative,0.009247246998905403
1295692791788568576,negative,0.12601313751072224
1295692792145104897,negative,4.5922762298768534e-05
1295692793386545154,negative,0.12601313751072224
1295692794468741125,negative,0.13186919957289805
1295692795810918406,negative,0.0003022696654259574
1295692796549124096,negative,0.002222529538524763
1295692796712681472,negative,0.00032862021492752343
1295692797094301706,negative,0.0011938802422112786
1295692797199241216,negative,0.13204644989123993
1295692797371179009,negative,0.0789249263765263
1295692799287984129,negative,0.012723223352748777
1295692799438811136,negative,0.0005207109971164184
1295692800424542208,negative,8.345841979484015e-05
1295692801129295879,negative,0.031393895097719345
1295692802056101888,negative,0.0005824384077836466
1295692803138297857,negative,0.0011309762573311643
1295692803566182400,negative,0.021588800805963336
1295692804958674944,negative,0.12601313751072224
1295692805604618240,negative,0.009451054075942938
1295692805747212288,negative,0.12601313751072224
1295692807076806656,negative,0.3096914160128243
1295692807982714880,negative,0.06682885583985214
1295692808276320256,neutral,0.49789225920557484
1295692808955793408,negative,3.502700132804409e-07
1295692809140350976,negative,0.044051357276136495
1295692811107471365,negative,0.09706208572230109
1295692811799592960,negative,0.2512242327566499
1295692812269363201,negative,0.12601313751072224
1295692813099655168,negative,0.2638910422882311
1295692814341345280,negative,0.12601313751072224
1295692815016398850,negative,0.003298827200594182
1295692815410827264,neutral,0.6189493602832854
1295692815582863360,negative,0.14824872487994167
1295692815649865728,positive,0.999658444393289
1295692815717064707,neutral,0.3499352441185855
1295692816320999427,neutral,0.47447150972788676
1295692816400568321,positive,0.7059502278545717
1295692816581001216,negative,0.00375422126470108
1295692816740503552,negative,0.00432973159051788
1295692817491206145,neutral,0.6563131832915976
1295692817717702658,negative,1.5013544927579065e-08
1295692818292375552,neutral,0.3582407160828304
1295692818455953410,negative,0.0008318837933754221
1295692819634552834,positive,0.9223292713734691
1295692819655467009,negative,4.5922762298768534e-05
1295692820095868928,negative,0.026797762366616296
1295692821501038592,negative,0.005612100416071948
1295692822423601152,neutral,0.33388627013223837
1295692824571269121,negative,0.0012742771223985272
1295692824776769536,negative,0.13459271084719943
1295692824818724867,negative,3.790652267274124e-06
1295692825447862272,negative,0.0023185423629550304
1295692825582075909,negative,0.025703757489524727
1295692828006383616,negative,0.0035865450116162475
1295692828136349697,negative,0.013952322011616607
1295692828622884864,negative,6.880008822954274e-10
1295692830250328070,neutral,0.5031820744633436
1295692832032817152,negative,0.0003933823660400398
1295692832209018885,negative,2.4871537542039375e-07
1295692834163613696,neutral,0.4740134798084637
1295692836722155520,negative,0.0004144922942213196
1295692838164979714,negative,0.11591121074334354
1295692838940938243,negative,0.034365340080358645
1295692840799002625,negative,1.3053980130407481e-05
1295692841398800386,positive,0.6753684099039622
1295692842971602944,negative,0.01325874942621394
1295692846423511041,negative,0.008697165722999776
1295692847543394305,neutral,0.4020383545323593
1295692850542321664,negative,0.017102397048928
1295692851184054272,negative,0.004316169404615848
1295692853331529731,negative,1.516175583590915e-05
1295692858687660032,negative,0.0004394380749290963
1295692862684835840,negative,0.00034504827944565046
1295692862747815936,negative,0.0004211981740700472
1295692862835826689,negative,0.003759820857635335
1295692863930540042,negative,2.2856810358661113e-08
1295692865570578435,negative,0.08022047292342224
1295692866174570499,negative,0.0037777677930687704
1295692866870812674,positive,0.9527619688681364
1295692868049395713,negative,0.04754638987686953
1295692868380692481,negative,0.17777149223494618
1295692869102075905,negative,0.02593739630268229
1295692870712733697,neutral,0.4020383545323593
1295692870884765696,negative,0.009501451079747378
1295692870981222405,negative,0.006499205934662348
1295692878321254400,negative,5.262635876707223e-05
1295692878388305921,neutral,0.49789225920557484
1295692879311130625,negative,0.002008722956982757
1295692879365656577,negative,0.05114630315216304
1295692879449542657,negative,0.001508225662847598
1295692879558582272,negative,0.1231060654687777
1295692883216019463,neutral,0.49789225920557484
1295692884889554945,negative,0.009247246998905403
1295692888656011268,negative,0.06410831248987119
1295692892636418053,negative,1.6409765488457423e-05
1295692892909056000,negative,0.0014645846384375286
1295692900316123141,negative,0.009086931261795272
1295692901213769731,neutral,0.4737554465528978
1295692901310234625,negative,0.09421732100141891
1295692901440077824,negative,0.007405772883421135
1295692901968760832,negative,0.00784536124966012
1295692904434999301,negative,0.23105349268460842
1295692904783060992,neutral,0.5017543432377519
1295692905173196800,negative,0.11264942672249874
1295692907899494401,positive,0.9839441604799507
1295692908042084352,positive,0.7907866516435821
1295692908532768768,negative,0.11591121074334354
1295692910135062528,negative,0.008551744862496442
1295692910214750210,negative,0.00010540108013982607
1295692910315397120,negative,0.12601313751072224
1295692911754055682,negative,0.002875069398710931
1295692912035008517,positive,0.7329932614079513
1295692912777400322,negative,3.1932377036407975e-09
1295692913456930816,negative,0.2677651204054746
1295692914329358338,negative,0.005431354991412298
1295692914413182977,negative,0.11267639419581865
1295692916627771393,negative,0.13216781798733543
1295692916757868544,negative,0.03669135265188776
1295692917613432838,negative,0.07486142346297389
1295692918947287042,negative,0.12601313751072224
1295692920557895681,negative,0.0024697054137113846
1295692921501618177,negative,0.10240815662956858
1295692924467007490,negative,0.1281817226037914
1295692924701888515,negative,0.019901934905204827
1295692925461028866,negative,0.0003134390869005688
1295692926241120256,negative,8.23130352954252e-05
1295692926920675329,negative,0.004211066657768023
1295692926945824770,negative,0.018213965099869618
1295692928787062784,negative,0.010391457920196811
1295692930410217478,negative,0.03686207756121334
1295692930951401472,negative,0.10923838763276379
1295692931018432515,negative,0.07459785508821828
1295692932855599104,positive,0.979643252197411
1295692933052628994,neutral,0.40506534230917196
1295692933199474691,negative,0.002262930620172813
1295692934315159552,negative,0.1691244645347935
1295692934852104192,negative,0.03135431427877863
1295692934864670721,neutral,0.49789225920557484
1295692934927601664,negative,0.04239833957058144
1295692935552524289,positive,0.8446963384289382
1295692935766274048,positive,0.9453907333364672
1295692937225961473,negative,0.0012245368831698732
1295692937376993281,negative,1.2314512764940161e-06
1295692937389584384,negative,0.1516090625394908
1295692939172229120,neutral,0.5374478655040366
1295692939390222337,negative,0.1410143388663337
1295692941562912768,negative,0.04255412701336059
1295692941684543499,neutral,0.4513605618894927
1295692942812864514,negative,0.0010783126209640826
1295692942884118528,positive,0.999946797016874
1295692943383298055,negative,0.18452869957961077
1295692943475474432,negative,0.12601313751072224
1295692944008241152,negative,0.011577013803850641
1295692946654859267,negative,0.00027856121602537866
1295692947153969156,negative,0.18286116381631745
1295692947208450049,negative,0.00635853707938829
1295692948844285953,negative,1.1274562606351329e-05
1295692949976735749,negative,0.2580006704245355
1295692950278746114,negative,0.003802063160635881
1295692950601596929,negative,0.12601313751072224
1295692950907871232,negative,0.0007326891784835017
1295692954586296322,negative,0.007503747480903371
1295692955622223875,negative,0.004896777214392374
1295692956603756545,negative,0.020648180998639198
1295692957039960066,negative,0.12601313751072224
1295692958419820546,negative,0.0001161609253170234
1295692958528929792,negative,0.12601313751072224
1295692959019655169,positive,0.9932418432954684
1295692959229321216,positive,0.978342543989653
1295692959741083649,negative,0.2071251955952833
1295692960097619969,negative,0.10092667776404579
1295692960584138755,negative,0.001005457773570323
1295692962534391809,negative,0.001005457773570323
1295692962542882822,negative,0.016461640321718846
1295692962626772994,negative,0.044051357276136495
1295692963054604289,negative,0.32017541060364124
1295692963306188803,negative,0.2971983187159106
1295692963402653697,negative,0.12601313751072224
1295692965369843712,negative,0.012356241528153953
1295692966795915264,negative,8.418688190818232e-05
1295692966816874496,negative,0.0019806594022639995
1295692966997172226,negative,0.20324586410364273
1295692967395680264,negative,0.02744523895436504
1295692968540741634,negative,0.002146950423868548
1295692968763052033,negative,1.8747772386304336e-07
1295692970855981057,negative,3.149228221673432e-05
1295692971371831296,negative,3.419972254241916e-05
1295692971418017792,negative,0.12601313751072224
1295692971921334272,neutral,0.49789225920557484
1295692972747563008,negative,0.17554537817858312
1295692973225672704,negative,0.0009677493191237991
1295692974836285441,negative,0.11205128800031092
1295692975025139713,negative,0.18289002663357812
1295692976677691392,neutral,0.35283904735240845
1295692977248010240,negative,0.12601313751072224
1295692977340387329,negative,0.0031065490960579044
1295692977369755648,negative,0.0075504812162167645
1295692977445244928,negative,0.12601313751072224
1295692979680624647,negative,0.08755118420002257
1295692980549017601,negative,0.0009372639399085621
1295692980708421634,neutral,0.49789225920557484
1295692980783915009,negative,0.0032149130202201023
1295692981148758016,negative,6.569537935209188e-05
1295692981513715712,negative,0.12601313751072224
1295692984218988544,negative,0.00022836723437527032
1295692984617402368,positive,0.9880268580897802
1295692984881680385,negative,0.0013422869196148164
1295692985242398720,negative,3.848142247025087e-06
1295692985498251264,negative,0.005524602437289666
1295692987406704651,negative,0.03141019371119556
1295692987519836162,negative,2.7576915926557836e-05
1295692987683540993,negative,0.006838962510347831
1295692987951984646,negative,0.0002950035274722003
1295692988052656128,negative,0.0006989424016434036
1295692988111257600,negative,0.085374508322731
1295692988539183105,negative,0.26312034122080286
1295692988895711236,negative,0.008551744862496442
1295692989092843521,negative,0.12601313751072224
1295692992595070976,negative,0.0020638186234684603
1295692993077415940,negative,0.06162813836981471
1295692993106776066,neutral,0.5246125955006017
1295692993819824128,positive,0.8490789719855607
1295692994004357122,positive,0.6718678318220362
1295692994075439104,neutral,0.5505550505941735
1295692994344083457,negative,0.12601313751072224
1295692994386042880,negative,1.8375128441496865e-07
1295692996109795329,neutral,0.5808741501827569
1295692996214652931,neutral,0.438658726745286
1295692996340482048,negative,0.003504783410074777
1295692996441145344,positive,0.6634808066654354
1295692997607280641,neutral,0.36095958222040864
1295693000589418497,negative,0.029137799014290405
1295693000849289217,positive,0.9730338934230709
1295693001952579589,negative,1.2525239437472828e-08
1295693002111889414,negative,0.09913771435987126
1295693004846530560,neutral,0.3996580091506196
1295693005186379777,negative,9.893971076654104e-07
1295693005983297536,negative,0.0018657919984342661
1295693006213992449,negative,0.0035698371063041284
1295693011628830723,negative,0.00029265733108210443
1295693011641339905,neutral,0.43612039806852576
1295693013239373824,negative,0.0019233929657328222
1295693014266982400,positive,0.9527619688681364
1295693017081360386,neutral,0.49789225920557484
1295693017953771525,positive,0.8030084999898046
1295693018901753857,negative,0.033280093885533685
1295693018994024448,negative,1.4769928507775177e-05
1295693020780793858,positive,0.91791553531831
1295693021535707137,negative,9.38209634834186e-05
1295693022609518592,negative,0.0001631320351968574
1295693025440653312,negative,0.10923838763276379
1295693026602385408,negative,1.7388202297334998e-10
1295693031023292416,negative,0.10072519861226575
1295693031643938816,negative,0.2677651204054746
1295693031946047488,negative,0.11591121074334354
1295693035850928129,negative,0.0002135772643659161
1295693036211576833,negative,0.11124520148446435
1295693042653908992,negative,0.0005675457138419956
1295693043794837504,negative,0.01656986811880944
1295693043929161729,neutral,0.3524082068011071
1295693044294049792,neutral,0.5374478655040366
1295693046059802625,negative,0.00018163029114407663
1295693046080733187,negative,0.03061094499246617
1295693047175487489,negative,7.836769542056489e-07
1295693050258305024,negative,0.0011227626404154223
1295693051474714624,negative,0.006316789437980586
1295693052108038146,negative,0.02545445313493427
1295693052435210241,negative,0.1691244645347935
1295693055253766144,negative,0.0041292076030689994
1295693057380278272,negative,0.031987158336843326
1295693064854474757,neutral,0.4020383545323593
1295693065911443456,negative,0.001947762946201267
1295693067341766657,negative,0.02811502354190008
1295693069489143810,negative,0.005575530768664181
1295693071670280193,negative,0.059386119304124865
1295693072018411520,negative,0.012794336949919475
1295693073796734978,negative,0.05589653378040388
1295693074123960320,negative,0.0009575922696316609
1295693075852021760,negative,0.006749968586320787
1295693077097730050,negative,3.750265800303984e-05
1295693078150422528,positive,0.9672296278908608
1295693082437066753,negative,0.047273963183596814
1295693082738995200,negative,0.0013422869196148164
1295693082860466183,negative,0.003973774529116202
1295693084769095680,negative,1.8088188086353651e-06
1295693086203490304,negative,0.0075598302636409355
1295693086207741953,neutral,0.48728019602140255
1295693088590106624,negative,0.02811502354190008
1295693089785421826,negative,0.0003062565448239696
1295693090263531521,negative,0.041402909781414456
1295693090578223111,negative,0.003114339165426751
1295693090632732672,negative,0.0006581944354432702
1295693092264321024,negative,0.0006461044860027397
1295693092599869440,negative,0.0001298683880414286
1295693093015040001,negative,0.07051582183482207
1295693093119852550,positive,0.6848930428554524
1295693093585465344,negative,0.00256364810333731
1295693094793420807,negative,0.12601313751072224
1295693094848004096,negative,0.002262930620172813
1295693096764747776,negative,0.12601313751072224
1295693096785719297,negative,0.028584505003951894
1295693097079382021,negative,0.12601313751072224
1295693097691746305,negative,8.819397173123945e-15
1295693098673111040,negative,0.09615957085032137
1295693098731929600,negative,0.10009065629389999
1295693101147668482,negative,0.0007516808755897104
1295693101219160064,negative,1.4824809422386495e-07
1295693101856698368,negative,9.110129550069289e-05
1295693102129319938,negative,2.382006117865899e-05
1295693102636847105,negative,0.11310721971512012
1295693102741704704,negative,0.00018077336447224322
1295693105681895425,negative,1.910151033515761e-11
1295693105715392514,negative,0.12251605215928715
1295693106323632128,negative,0.12601313751072224
1295693106919202816,negative,0.012723223352748777
1295693108072546304,negative,2.769653175654023e-05
1295693109259644930,negative,0.0032788704840635433
1295693109490266113,negative,0.02132099595582579
1295693109788053506,negative,0.013089281480064363
1295693110077460480,positive,0.6875103614998895
1295693111033831424,neutral,0.47840844706262076
1295693111071584257,negative,3.955198117769374e-10
1295693111386165249,negative,0.12601313751072224
1295693111826448387,negative,0.00714102963196105
1295693111923015682,negative,2.3403121448531908e-05
1295693113873268739,negative,0.12601313751072224
1295693115286855681,negative,0.12601313751072224
1295693115832008704,negative,0.0015709679877080364
1295693117451116550,negative,0.04877859584922033
1295693118076071937,negative,9.125602869120427e-07
1295693118331932672,negative,0.019457031587117646
1295693118411546624,negative,0.008988471288190933
1295693118667464704,negative,0.012794336949919475
1295693120223555584,negative,0.00019531622822837471
1295693120227737600,negative,0.12601313751072224
1295693121750274050,negative,0.00444932043941517
1295693122643439619,negative,0.010759319905479996
1295693123125944320,negative,0.23835515805295795
1295693123524362240,neutral,0.49789225920557484
1295693123599904769,positive,0.9972004813244529
1295693123830583297,negative,0.10396600402265237
1295693125034209280,negative,0.0006640554809628442
1295693125835341826,negative,7.989443337783905e-05
1295693127467044865,neutral,0.5526715850782244
1295693127794253825,negative,0.17829294110865151
1295693130365308929,positive,0.9527619688681364
1295693131313274881,negative,0.0813235814884597
1295693131321573377,positive,0.7056391422684636
1295693131330068480,neutral,0.4020383545323593
1295693131556560903,negative,0.001005457773570323
1295693132043100166,negative,0.006550065715273609
1295693132068249601,negative,8.645118006228635e-06
1295693134286983168,negative,0.00011920047949049027
1295693134433857536,negative,0.18322754718028955
1295693134949687296,neutral,0.5374478655040366
1295693136308699139,neutral,0.43956083614262703
1295693136744808448,negative,0.12601313751072224
1295693138863034369,negative,0.05736422592685412
1295693140393852929,negative,0.00010622856590906158
1295693140456812544,negative,0.02132099595582579
1295693141119574016,negative,0.0018489038645729556
1295693143178989568,negative,0.0004989025182391388
1295693144076554240,negative,0.00026465679472453585
1295693145695551490,negative,0.02535995361304543
1295693145963929605,negative,7.72633466857328e-05
1295693147184431106,negative,7.752480450362732e-06
1295693148644167680,negative,0.12601313751072224
1295693153123684353,negative,0.22561333375529458
1295693153329123329,negative,7.392341187571075e-05
1295693153740230656,negative,0.000932394645751871
1295693155514417152,negative,0.0118569507895528
1295693155937943552,negative,0.12601313751072224
1295693155958956037,negative,0.05337001628879598
1295693156785283072,negative,1.0825897597371955e-06
1295693156827172865,neutral,0.5824972541811451
1295693156923539458,negative,0.023780496501403316
1295693158039289857,negative,0.1416388564376785
1295693158072954880,negative,0.12601313751072224
1295693159549239297,negative,2.546013053414414e-09
1295693159708622849,negative,0.16760417267415498
1295693160144871425,negative,0.008587159630099938
1295693160392339463,negative,0.07654985916301264
1295693161235447809,negative,0.00298715316024076
1295693161554206721,neutral,0.5048839309749433
1295693161944289281,negative,0.12601313751072224
1295693161969442816,negative,4.8121330143161616e-06
1295693163944869889,negative,2.487313925655971e-05
1295693164360105985,negative,0.04495693307702678
1295693165048074245,negative,0.004428289656980076
1295693165572157441,negative,0.008551744862496442
1295693166935515142,negative,2.0004588456728248e-05
1295693168298663943,positive,0.978342543989653
1295693168747393025,negative,0.01899839199537312
1295693170194485248,negative,1.6003611398218892e-08
1295693172253786112,negative,0.004897277995918001
1295693172962729985,negative,0.0013714119122323928
1295693173407256577,negative,1.4562316231539355e-05
1295693173667368962,negative,0.15981543079415209
1295693174065598465,negative,0.0011386444048072048
1295693174099382272,negative,0.09625196586648148
1295693177513533441,neutral,0.5410702560054874
1295693177597427713,negative,0.004558700104150853
1295693180550164487,negative,0.0020834233869462602
1295693181309394946,negative,1.8004203256080677e-09
1295693181825224707,negative,0.17530011606073342
1295693181955321856,negative,0.026454052789898933
1295693182546698245,positive,0.9999995592370942
1295693182609567744,neutral,0.6563131832915976
1295693182685061121,neutral,0.5808741501827569
1295693182794182659,negative,0.08067430057204866
1295693186233499650,negative,6.821002005635079e-05
1295693186925461504,negative,0.07297986551897258
1295693189475635200,negative,0.005575530768664181
1295693189706375168,neutral,0.42235701952106647
1295693189987393538,negative,6.863908034955663e-05
1295693189987401729,negative,0.12181624077584324
1295693190012514304,negative,9.066669673544306e-05
1295693190444519425,negative,0.015956965911879527
1295693197587492864,negative,8.978209643204424e-09
1295693197859909632,negative,0.0060947487980962094
1295693198539587584,negative,0.0023326071363922608
1295693198900199424,negative,8.385594651385614e-06
1295693201962151938,negative,3.743332012628414e-08
1295693201970536448,negative,0.20388165935029987
1295693206068371456,negative,0.056496391794210295
1295693210057146370,negative,0.028966323821897157
1295693210124275712,neutral,0.4172001037592972
1295693211592253442,negative,0.1231060654687777
1295693215002169344,negative,0.3161603820591842
1295693218399621120,negative,0.0017913728375091049
1295693218730958848,positive,0.9999999999932925
1295693223311155200,negative,0.009850283409238552
1295693224154148865,negative,0.011740000460599049
1295693225236336642,negative,0.0006080368080257188
1295693226872057856,negative,0.014756886144976595
1295693228839182336,negative,0.0021045170298193538
1295693230625959937,positive,0.9567804017216212
1295693232203071488,negative,0.00029414012360962484
1295693232697942019,negative,0.07936514476569273
1295693232773517313,negative,0.0030701138703230625
1295693235076173825,negative,0.015648771116029535
1295693235885690880,negative,0.03135431427877863
1295693237252956161,negative,0.26538238009182796
1295693237655687172,negative,0.0005164467084843555
1295693240495202304,negative,0.00021629172304612657
1295693244173619208,negative,0.024497146896020432
1295693244416786432,negative,0.26096658350660207
1295693247852011520,negative,1.9574993175611114e-07
1295693253287858176,negative,0.004053118679355682
1295693254298677253,negative,0.00018390964620041046
1295693260657242114,negative,0.006045892608278416
1295693261839966210,neutral,0.46127768308170247
1295693262087434240,negative,0.00397410778148586
1295693263161229313,negative,0.17829294110865151
1295693263362457601,neutral,0.5643885256014837
1295693265950433280,negative,0.19689589041171218
1295693266004975617,neutral,0.614952937468593
1295693270941675521,negative,0.02132099595582579
1295693272527101952,negative,0.2629360293346444
1295693273571495936,negative,0.00020067782716551777
1295693274540367872,negative,0.0036567862877765383
1295693274825531393,negative,0.12601313751072224
1295693275102359552,negative,8.611134808275699e-06
1295693276939300865,neutral,0.4619627258896511
1295693277258231809,negative,0.0075598302636409355
1295693277354762240,negative,0.2021524280799645
1295693278155812867,negative,0.00018210413349271484
1295693278365601793,negative,0.0006571270993417355
1295693278441070593,neutral,0.48728019602140255
1295693279162400768,negative,0.019901934905204827
1295693279598698502,negative,0.12601313751072224
1295693279774814209,negative,0.11591121074334354
1295693281058324481,negative,0.005898915100706679
1295693283289714689,negative,0.05991339020560473
1295693285311352832,negative,0.00015346569853918462
1295693285378396160,negative,0.0018657919984342661
1295693285701357568,negative,0.027768670272415762
1295693286179577858,negative,0.0026362244038887527
1295693286301224962,negative,0.020789681555257598
1295693287161049090,negative,0.03924720654864543
1295693287312039936,negative,2.8513041781342423e-16
1295693287618220039,negative,0.024405456238622735
1295693289539215360,negative,0.019901934905204827
1295693291485368321,negative,7.668922769196227e-06
1295693294257741826,negative,0.26090090315184916
1295693298112311297,negative,0.2677651204054746
1295693298590461952,neutral,0.6044360339979967
1295693299240464389,positive,0.8849232976029481
1295693299337113600,negative,0.0003146503927633664
1295693300377292805,negative,0.00013588788282992902
1295693300956041218,negative,0.00040539858351233465
1295693301895573505,negative,0.000762746438358382
1295693301958553602,negative,0.0019001604968644217
1295693302294106114,neutral,0.47219346026268355
1295693302424010753,neutral,0.4744541669089408
1295693302994526208,negative,5.576031647107205e-05
1295693303879479298,negative,1.8088188086353651e-06
1295693304009564166,neutral,0.38348152311486716
1295693304244379649,negative,0.015058723599651947
1295693306794520577,negative,0.12601313751072224
1295693307079688193,negative,7.291366036196442e-07
1295693307167887361,negative,0.20140393126499936
1295693308434448384,negative,0.0004211981740700472
1295693310380646401,negative,0.0004675029248419805
1295693310401695744,negative,0.012021786064087958
1295693310418444288,negative,0.28590130779489875
1295693310779154432,negative,0.002262930620172813
1295693311458639873,neutral,0.42365593517234756
1295693312536518658,negative,0.00026465679472453585
1295693312616050688,negative,0.09604608166740844
1295693312779784193,negative,0.022056391488937604
1295693315644567553,negative,1.352697335477035e-05
1295693315875254274,negative,0.0009208758131002621
1295693315975925762,negative,0.001150404241661264
1295693316051423233,positive,0.9506868983918827
1295693316449873923,neutral,0.49789225920557484
1295693316655386625,negative,0.038029603072100446
1295693316672167936,positive,0.9880268580897802
1295693316948930563,negative,0.09159639262589876
1295693319108874240,negative,0.09604608166740844
1295693319486545920,negative,0.001150404241661264
1295693319528427527,negative,0.0001211268888537954
1295693320145047554,neutral,0.3734886429250822
1295693320807747585,negative,0.004072342382658138
1295693321478832128,negative,0.0005207109971164184
1295693321625452548,neutral,0.5505550505941735
1295693323076874241,negative,0.006749968586320787
1295693323529867264,negative,0.0316178391473936
1295693324418985984,negative,0.30134177180499794
1295693325303939073,neutral,0.5552826905476078
1295693327996723200,negative,0.12601313751072224
1295693328055402499,negative,0.12601313751072224
1295693328734920704,negative,0.05736422592685412
1295693328990732289,negative,0.12601313751072224
1295693329443762176,neutral,0.5017543432377519
1295693329968115713,negative,0.001191839457984038
1295693330232287239,negative,0.00051617285162906
1295693332291751936,negative,9.722467244087655e-08
1295693332593729536,negative,0.0002364563423326912
1295693333898174471,negative,1.4105811180703608e-07
1295693333956898816,negative,0.12601313751072224
1295693335848464385,negative,0.09615957085032137
1295693336360235009,negative,2.2421385368420998e-10
1295693337261936641,negative,0.1914674445331952
1295693337425358850,negative,1.2903702620193968e-05
1295693337689755648,negative,0.015033148138637454
1295693339954733058,negative,0.12601313751072224
1295693340369981441,negative,0.008473546305672767
1295693341242331136,positive,0.978342543989653
1295693341506641921,negative,0.006631638814742494
1295693341674405888,negative,0.001150404241661264
1295693342265802754,negative,0.04852490273088029
1295693344748732417,negative,0.056241780490010544
1295693344790609921,negative,0.0332520210121388
1295693344807542785,negative,4.2900768378697975e-05
1295693348947267584,positive,0.9477995601449292
1295693350587244546,positive,0.9314086650720714
1295693350914465792,negative,0.08334232640916842
1295693352382476289,negative,0.019064037861303864
1295693352629927937,neutral,0.49789225920557484
1295693352835395584,negative,2.0004588456728248e-05
1295693352852127744,negative,1.6395967586671367e-05
1295693353888239616,negative,0.1416388564376785
1295693354479616001,negative,6.485283205905081e-06
1295693354945122305,positive,0.6898556186345697
1295693357021372416,negative,8.876957217897358e-05
1295693357071716354,neutral,0.49789225920557484
1295693358648758274,negative,0.1342293919285897
1295693361094045696,negative,0.03138333274078604
1295693361618329601,neutral,0.6044360339979967
1295693363224743938,negative,0.12601313751072224
1295693364822777858,neutral,0.49789225920557484
1295693366542442496,negative,0.07502337401936078
1295693367121190912,negative,0.08429323407524633
1295693367750414341,negative,1.6513368418060304e-09
1295693369394462720,negative,0.005575530768664181
1295693369528778754,negative,6.085444525178023e-10
1295693369650413568,negative,0.32278410430080023
1295693370266914816,negative,0.0023204566357547217
1295693371328081920,negative,0.06070949230704605
1295693371714015234,positive,0.8945396879538031
1295693371722399744,negative,0.2685722482980289
1295693374213836800,negative,0.08964986511641117
1295693374243180544,negative,0.004676533131701293
1295693374809427968,neutral,0.5374478655040366
1295693376109645824,neutral,0.5374478655040366
1295693379666411520,neutral,0.5808741501827569
1295693379825803264,negative,0.03302965250828128
1295693383009214465,negative,0.001666204377815562
1295693383172792320,negative,0.00298715316024076
1295693383562866688,negative,5.262635876707223e-05
1295693385974587392,negative,1.6409765488457423e-05
1295693391511027712,negative,0.11591121074334354
1295693392354172930,negative,0.014044168633328864
1295693394858188800,negative,0.03628066589328279
1295693395730538497,negative,0.005520807239228727
1295693396405870592,negative,2.478698351223992e-10
1295693398641389569,neutral,0.49789225920557484
1295693398695911425,negative,0.0003169479634086676
1295693399442432000,neutral,0.4002030379402768
1295693402718253057,negative,4.0795796596269875e-11
1295693404211490819,negative,0.08154983938010245
1295693405050359808,negative,0.043026376844362585
1295693408716152832,negative,0.04939404693717943
1295693409294983170,negative,0.016393079289107666
1295693409320083456,positive,0.9820112306645435
1295693411434012672,neutral,0.47691914983468253
1295693411677286400,negative,0.006100314913498225
1295693417352232960,negative,0.09421732100141891
1295693419789135873,neutral,0.5374478655040366
1295693420451762176,negative,3.848778974849969e-06
1295693420485320705,neutral,0.5655826440228839
1295693421777231874,negative,0.07278988186945122
1295693425241661440,neutral,0.5533970533999424
1295693428785844224,negative,0.21262315063761303
1295693428823601153,negative,0.11317813547851237
1295693432669835265,negative,0.005745839871136872
1295693433055608833,negative,0.002080621256123315
1295693433210904582,negative,3.314886641772634e-05
1295693433257041920,negative,0.0027371390789015476
1295693437249912833,negative,0.001666204377815562
1295693438151729152,negative,0.0030413631185071664
1295693439342981121,negative,0.19254748361116575
1295693439661563904,positive,0.9976521473271183
1295693440467050498,negative,1.5252704580168468e-12
1295693441612029953,negative,0.10581215271041657
1295693444573257731,negative,1.489539725860804e-08
1295693446141947904,negative,0.06405231180963164
1295693447244984326,negative,0.2421388024884851
1295693448792682496,negative,0.18286116381631745
1295693450306822144,negative,1.370429901004835e-06
1295693451229425665,negative,2.7576915926557836e-05
1295693453683195906,negative,0.12601313751072224
1295693454027046912,negative,1.831468735373716e-07
1295693457592389636,positive,0.6792494575444393
1295693458326401024,negative,0.0018291724811123227
1295693459182034946,negative,0.024405456238622735
1295693459265859585,positive,0.8648373557377514
1295693459374977024,negative,7.163352262966595e-06
1295693459400122368,negative,0.04152593478532162
1295693461623013378,neutral,0.40164566407707886
1295693462394802177,negative,7.80348489514569e-05
1295693462881349634,negative,0.0018489038645729556
1295693463606964226,negative,0.049023363547907664
1295693463741239296,positive,0.999164352430556
1295693464261275650,negative,0.0005960794063345932
1295693465595109377,negative,0.1274573252029613
1295693465649418241,negative,0.002783255543769867
1295693466090057729,negative,0.03565945797252218
1295693467771969539,neutral,0.44619167763951406
1295693470003269632,negative,4.119382687378565e-08
1295693471806820352,negative,0.009501451079747378
1295693471836143616,negative,0.0009677493191237991
1295693472163418112,negative,0.01841734174649318
1295693472448610304,negative,0.06747121611459704
1295693474365345792,negative,0.009685376192504381
1295693474658951169,neutral,0.38515006550606107
1295693474935844864,negative,0.0010286123620002786
1295693475099312129,negative,0.25218830672541553
1295693475325911041,negative,1.0987980960836639e-07
1295693478228373505,negative,1.3067305944205895e-06
1295693479100780545,negative,0.12601313751072224
1295693479193051136,negative,7.752480450362732e-06
1295693480128380929,neutral,0.5496678701602578
1295693480828833793,negative,0.12601313751072224
1295693481147498497,negative,6.183794756735152e-08
1295693482489712640,negative,1.56899816493614e-05
1295693482661642241,positive,0.8332862936585594
1295693482804338688,negative,0.09181977463332583
1295693482896629765,negative,3.792795152750433e-06
1295693482938556416,negative,0.18348762168039248
1295693483316043777,negative,0.12601313751072224
1295693483748012038,negative,0.013022062937907742
1295693484075122688,neutral,0.4257463444734809
1295693484943462401,negative,0.12601313751072224
1295693487854190592,negative,0.0001631320351968574
1295693488131051520,negative,0.005765072333546698
1295693488256933889,negative,0.03669135265188776
1295693488500113411,negative,0.04239833957058144
1295693488605061120,negative,0.009247246998905403
1295693489166934017,negative,0.08129210279184403
1295693491390107648,negative,0.07711559401609352
1295693493373894657,negative,0.07297986551897258
1295693493520736256,negative,0.006631638814742494
1295693493634052098,negative,0.03675268887762048
1295693493722128384,positive,0.8872851345776688
1295693493868941322,negative,0.004143487398263657
1295693496293167105,negative,0.31732489718339985
1295693496658141184,negative,0.002144346545492051
1295693496804876289,negative,0.0044479462755209285
1295693496851013632,negative,0.07936514476569273
1295693497262059525,neutral,0.40164566407707886
1295693497853501445,negative,0.026454052789898933
1295693499497578496,negative,0.17777149223494618
1295693502031048707,negative,0.003120314493133608
1295693504488841217,negative,0.008205271286702304
1295693504669196289,negative,0.019901934905204827
1295693505650741248,negative,0.044051357276136495
1295693507621982210,negative,4.890881824425091e-09
1295693508007866368,neutral,0.5725630642436762
1295693508058193923,negative,0.0016127369173940102
1295693508272168960,negative,0.12251605215928715
1295693508645457920,negative,9.729399482075125e-06
1295693508788006912,negative,0.024405456238622735
1295693508796395521,negative,0.019901934905204827
1295693508913893377,negative,0.006830567305835134
1295693510352482306,negative,0.00011920047949049027
1295693512546160640,negative,1.131002850719095e-06
1295693512680312834,negative,0.12601313751072224
1295693513758253058,neutral,0.614952937468593
1295693516090286082,negative,0.12601313751072224
1295693516220375041,negative,0.196929953623471
1295693516501286912,negative,0.004316169404615848
1295693516572692480,negative,0.12601313751072224
1295693516685836289,negative,5.900062542311814e-05
1295693517323476993,negative,0.024405456238622735
1295693520360144896,negative,0.0003834424155035628
1295693521631023112,negative,0.15837100860812617
1295693522641682433,negative,0.0007702196299018435
1295693522872352768,negative,1.6395967586671367e-05
1295693523031859200,negative,0.004454287704540177
1295693523078045696,negative,0.029250765732278215
1295693523224801280,negative,0.0003984011770661783
1295693523254235136,negative,0.014593513426367858
1295693524105601024,negative,0.0018489038645729556
1295693525548445696,negative,0.06405231180963164
1295693525598777345,negative,0.0005971364256259126
1295693526433435648,negative,0.10115523144534383
1295693528497106946,negative,0.04717364055397147
1295693528912322560,negative,0.006749968586320787
1295693529650429955,negative,0.04511416669677751
1295693529742745600,negative,0.13099419407611068
1295693531336646659,negative,0.0011956937286207833
1295693533035270150,negative,0.15573433495788946
1295693533115043840,negative,0.00011920047949049027
1295693533215694848,negative,2.844725813204637e-06
1295693534050295811,negative,9.431773403078103e-07
1295693534394298368,negative,0.17829294110865151
1295693535082156034,positive,0.8945396879538031
1295693537091166210,negative,0.2762659459615751
1295693537577783296,positive,0.978342543989653
1295693538726940673,negative,0.0015399942543713942
1295693538743799809,negative,0.0075598302636409355
1295693541277151232,negative,0.05994482367752988
1295693542518644737,negative,0.008473546305672767
1295693543374290944,negative,1.181537865694093e-07
1295693544305418243,negative,4.317664146834203e-05
1295693545735626753,neutral,0.36618491165527856
1295693545777631232,negative,0.019901934905204827
1295693545848922116,negative,0.12631685887628316
1295693546364772359,negative,0.0864017004051769
1295693546918420483,negative,0.12601313751072224
1295693547878965248,negative,0.0005800095032008844
1295693548877230081,negative,0.07502337401936078
1295693549447544832,neutral,0.35948143253622666
1295693558037590017,negative,0.015252979150843095
1295693558859681797,negative,0.009685376192504381
1295693558868049921,negative,2.1751507208047918e-11
1295693562273816577,negative,0.14069621096564425
1295693567705460737,negative,0.006754488441245779
1295693571174150145,negative,0.027356145193386326
1295693571593580544,negative,0.2894510937489875
1295693572012941321,negative,0.0005207109971164184
1295693572709273600,negative,0.01224567771749932
1295693574714150914,negative,0.0006648583243694457
1295693581521428480,negative,0.13925162585677284
1295693581584347136,negative,0.011834018739946758
1295693583681552384,negative,0.007490117970101238
1295693584000327680,negative,0.02545445313493427
1295693585057107968,neutral,0.49789225920557484
1295693585225064470,negative,0.06747121611459704
1295693588802809856,negative,0.0003504551495849291
1295693588920037376,negative,0.0007516808755897104
1295693589624893440,neutral,0.49789225920557484
1295693592208474112,neutral,0.5017543432377519
1295693594049818625,negative,0.009775996870808844
1295693599892484097,neutral,0.3605334156250964
1295693601754755073,negative,0.008639012093279832
1295693606184013825,negative,1.358397612168635e-10
1295693609832976384,negative,0.13587261788930544
1295693610990686210,negative,0.03669135265188776
1295693617688977410,negative,0.0005207109971164184
1295693618594959360,positive,0.8424276859884701
1295693619152728064,negative,0.018075472935833604
1295693620167806978,negative,0.09503625566869267
1295693625079324673,negative,0.10923838763276379
1295693625469407232,negative,0.00330945477786577
1295693626081673218,neutral,0.6352609179901249
1295693626283089925,neutral,0.49789225920557484
1295693627713175552,neutral,0.5410702560054874
1295693629420445697,negative,0.0018086042847485903
1295693630166962177,negative,0.08128273845113233
1295693633698529285,neutral,0.4434191688350768
1295693633753153539,negative,0.005814099669931546
1295693633908342784,neutral,0.49789225920557484
1295693635514703872,negative,0.0034909925939107128
1295693635770556417,neutral,0.40164566407707886
1295693638224224257,negative,0.001150404241661264
1295693640132567040,negative,0.17829294110865151
1295693641021882368,negative,0.18286116381631745
1295693641839718400,negative,0.07893926090880485
1295693641890050048,negative,0.12601313751072224
1295693642514997248,neutral,0.5006086376065693
1295693643869822976,negative,3.750265800303984e-05
1295693645006479365,negative,0.07384998773891442
1295693646168293395,negative,0.13751572008905275
1295693647850217474,negative,0.3189879193612644
1295693647988641794,negative,0.0019754498953358525
1295693650849136640,negative,0.12601313751072224
1295693652631728128,neutral,0.6563131832915976
1295693652950429697,negative,0.005431354991412298
1295693653185302529,negative,0.0023326071363922608
1295693655198531584,negative,0.02132099595582579
1295693655446085645,negative,0.3230607424619318
1295693655706148866,positive,0.8063471523927073
1295693656234631169,negative,0.26096658350660207
1295693656305868800,negative,0.10619102611314067
1295693658952540164,negative,1.3196485157682906e-06
1295693659103428609,negative,0.00015816899939492205
1295693659854254080,negative,1.331826387292856e-10
1295693659900346368,negative,0.0011527586756136267
1295693660193984513,negative,0.013615277922561096
1295693660336660482,neutral,0.5568915774815658
1295693660705755136,negative,2.9753286949644413e-05
1295693660902891521,positive,0.9477995601449292
1295693663171825664,neutral,0.4074793410571932
1295693665252388866,negative,0.2071251955952833
1295693667466977280,negative,0.06747121611459704
1295693669811589121,negative,1.3211512633099801e-09
1295693671099244549,negative,0.06755976209626206
1295693671157903360,negative,0.0761968391258363
1295693671694839809,negative,0.09615957085032137
1295693672516915206,negative,0.21921412548362115
1295693672701460483,negative,0.12601313751072224
1295693672743395328,negative,0.23649811240819985
1295693672923758594,negative,0.01828909311949735
1295693673070497794,negative,2.9566422057866796e-05
1295693673070505985,negative,7.984528668177581e-09
1295693675322839040,negative,8.418688190818232e-05
1295693675473915904,negative,2.6925508107210986e-05
1295693675813638144,negative,0.3020135550609068
1295693676115628032,negative,0.23330602565071645
1295693676451069953,negative,0.006624306815238238
1295693677172490241,negative,0.0011294606863811757
1295693677319397376,negative,0.010391457920196811
1295693679764570112,negative,0.317955616456911
1295693679768862720,negative,0.12601313751072224
1295693682042183680,negative,8.912308652299627e-05
1295693683744964608,negative,0.23547395389090442
1295693687700291584,negative,0.0033494611486002057
1295693688409075713,negative,0.23619446192865795
1295693689138876421,negative,0.10886634654411638
1295693689549918208,negative,0.008870113261587983
1295693690191716352,negative,0.00029830118134460226
1295693692037021696,negative,0.3042846374134854
1295693692100128768,negative,0.031070038581693243
1295693693001728000,negative,0.3042846374134854
1295693696256663553,negative,0.010732304180412218
1295693696923586562,negative,0.0021399489404797948
1295693697078747138,negative,0.061588054418535924
1295693697955385346,negative,0.05736422592685412
1295693698928455680,negative,0.012556254412896956
1295693701658939392,negative,0.0012245368831698732
1295693701826654212,negative,0.12601313751072224
1295693701851820032,negative,0.056241780490010544
1295693702279630849,negative,0.0031797094825060327
1295693702711709696,negative,0.0004989025182391388
1295693702871097345,negative,0.007503747480903371
1295693703126949888,negative,0.0017927457853305088
1295693704699826176,neutral,0.46511884455441777
1295693705500819456,neutral,0.5410702560054874
1295693706125701120,negative,0.05649720434724899
1295693706159415299,positive,0.9911425042257934
1295693706738180098,negative,0.061588054418535924
1295693709087055872,negative,0.01873097965113746
1295693709342838784,negative,0.32260276238953295
1295693709502275584,negative,0.02395010310209498
1295693711662292993,negative,0.025054689733965654
1295693713323233280,negative,0.12601313751072224
1295693714183139328,negative,0.02545445313493427
1295693714208231425,neutral,0.36925576182941056
1295693714237652999,negative,0.00019659039475531688
1295693715139375104,negative,0.12601313751072224
1295693717769195520,positive,0.9930724014142563
1295693718708719619,negative,0.00015364832388412792
1295693718935273472,negative,1.5628293013898057e-05
1295693722244591616,negative,0.08785473316588438
1295693722324262912,negative,1.9646103334123537e-06
1295693723053981696,negative,0.25548462910084613
1295693724144537602,negative,0.0017927457853305088
1295693724534611968,neutral,0.42235701952106647
1295693724585009152,negative,0.0007745359129958626
1295693727462232065,negative,0.006499205934662348
1295693727873236993,negative,0.03135431427877863
1295693728087146496,negative,0.0003095909381230747
1295693728108208128,negative,0.03769540738213657
1295693728338894848,positive,0.6921591089126043
1295693728447963138,negative,0.12601313751072224
1295693730389917707,neutral,0.5112162807618442
1295693730779889665,negative,0.0003146503927633664
1295693731488772097,negative,7.904789616101705e-06
1295693731744505857,negative,0.0013422869196148164
1295693732277362690,negative,0.08022047292342224
1295693732419981314,negative,0.0002676475954483508
1295693735116836864,negative,0.02545445313493427
1295693735779430407,neutral,0.49789225920557484
1295693738627543040,negative,0.0011294606863811757
1295693741056053249,negative,0.01730255761276653
1295693743501324288,negative,0.013933544753656893
1295693743920746496,negative,0.10483317163597623
1295693743979470848,negative,0.011818966449914948
1295693747401953280,negative,1.0211573833574683e-05
1295693747825541120,positive,0.6634808066654354
1295693748433833987,negative,0.0032431265850275726
1295693748626694145,negative,0.0023204566357547217
1295693748672892928,negative,0.007503747480903371
1295693749004251136,neutral,0.4624814227746147
1295693754058395648,positive,0.9880268580897802
1295693754989457408,negative,0.0011294606863811757
1295693755484340226,positive,0.9831259672737361
1295693756063154176,negative,0.009685376192504381
1295693756293840897,neutral,0.5808741501827569
1295693760391794688,neutral,0.35512220211167794
1295693760731521025,neutral,0.49789225920557484
1295693763952640000,negative,3.750265800303984e-05
1295693764414103553,negative,0.00026465679472453585
1295693764468645889,neutral,0.4461733275406525
1295693765009641474,negative,0.05310668335597795
1295693766104358912,negative,3.314886641772634e-05
1295693768369287168,negative,0.05630998307007935
1295693769703129088,negative,1.0811310205123035e-06
1295693771896770565,negative,9.38209634834186e-05
1295693773243133956,negative,0.14479278223110487
1295693773616357377,negative,0.034419319326713584
1295693777156399106,neutral,0.5410702560054874
1295693780260212748,negative,0.05648910224872126
1295693781082284032,negative,0.0018657919984342661
1295693781228978176,negative,0.0026089728242214678
1295693781254180864,negative,0.19924545451767137
1295693782470590465,neutral,0.38484679636510133
1295693782801952768,positive,0.9885650789148517
1295693786253844486,negative,2.2750924645058717e-07
1295693786308280320,negative,0.31327053693211854
1295693786669088769,negative,0.0443064705871784
1295693789281923073,positive,0.6623384491935377
1295693790758363136,neutral,0.33349068117410546
1295693791068934146,negative,0.004053118679355682
1295693792696205312,neutral,0.43588086499091394
1295693793556144128,neutral,0.49789225920557484
1295693794583687170,negative,0.011577013803850641
1295693795393241088,negative,0.039362369110245925
1295693797049995264,negative,0.018100369612532655
1295693797293273088,negative,0.0075598302636409355
1295693798249570306,negative,0.0018657919984342661
1295693798983577600,negative,0.13459271084719943
1295693799163863041,negative,2.1751507208047918e-11
1295693803530133504,negative,0.006499205934662348
1295693807930036226,negative,0.085374508322731
1295693810819895307,positive,0.788203951131982
1295693811407101958,positive,0.7898999572820413
1295693813185261570,negative,0.00028471286004165693
1295693814737272832,negative,0.03184689485492144
1295693814942892035,negative,9.860671470811206e-06
1295693815790080000,negative,8.073395110218177e-05
1295693817841094656,negative,1.8088188086353651e-06
1295693819074289664,negative,0.2729430647459495
1295693820563251200,negative,0.04594715863082285
1295693822769246209,negative,0.0030701138703230625
1295693823885160450,negative,0.00010688505663777812
1295693823943806976,neutral,0.48278463288378104
1295693823964848128,negative,0.10873084537464295
1295693824346542080,negative,0.016964151784983287
1295693825168609291,negative,3.750265800303984e-05
1295693827257380867,negative,2.4637118897428485e-09
1295693828100423682,negative,7.171432620799822e-10
1295693828356214784,negative,7.324034448754939e-06
1295693829853589507,negative,0.12601313751072224
1295693830826549248,negative,0.044152057338296614
1295693831178878976,negative,0.0030701138703230625
1295693831728517121,negative,0.12868738112193812
1295693832189870080,negative,0.18286116381631745
1295693832961613824,negative,0.1416388564376785
1295693833242652672,negative,3.090432862665482e-05
1295693835318722566,negative,0.044051357276136495
1295693835943784448,negative,0.12737416550763359
1295693835956293632,negative,9.38209634834186e-05
1295693836136730629,negative,0.0004211981740700472
1295693837944463360,negative,0.014288267233821542
1295693838984585216,negative,0.0012822357906292076
1295693839156555781,neutral,0.5017543432377519
1295693839605342208,negative,0.12601313751072224
1295693843086610432,negative,0.034851858163452855
1295693844307152896,neutral,0.6590867923916502
1295693844638441472,negative,1.682333906295661e-11
1295693845234102272,negative,0.12601313751072224
1295693846324617217,positive,0.9527619688681364
1295693846991515650,negative,0.04717364055397147
1295693847805263872,negative,0.05894492330325338
1295693848333647872,negative,8.418688190818232e-05
1295693848660840448,positive,0.6606053116626762
1295693848841203718,negative,0.004833540813106615
1295693849034199041,negative,0.02431893794084675
1295693849327800320,negative,0.12601313751072224
1295693849482985473,negative,9.729399482075125e-06
1295693849600417793,negative,0.12601313751072224
1295693851353657344,negative,0.019901934905204827
1295693851915702272,negative,0.12601313751072224
1295693852339318784,negative,0.157771054753555
1295693853345886209,neutral,0.43748634116938717
1295693853970792453,negative,3.400035050613086e-05
1295693856009142272,negative,0.008191430420702141
1295693856395218944,neutral,0.5146144971132498
1295693857011769346,negative,0.12601313751072224
1295693857473142784,negative,0.01873097965113746
1295693857557041152,negative,0.0011294606863811757
1295693860400750597,negative,5.53031934897262e-06
1295693860581056512,negative,0.12601313751072224
1295693861466103808,negative,0.12601313751072224
1295693861562527747,negative,0.008551744862496442
1295693862372093958,neutral,0.5112162807618442
1295693862447587328,negative,0.08866443278120763
1295693862669778945,negative,0.09050164395625473
1295693862841847810,negative,0.08429323407524633
1295693864079065090,negative,0.06803556184923627
1295693864322375682,negative,0.05065454815485751
1295693864607657985,negative,0.07039115002182492
1295693865077428225,negative,0.29797611903559484
1295693866293768192,neutral,0.5808741501827569
1295693866553745409,negative,2.8656526328885995e-06
1295693868965474304,negative,0.0004394782131207557
1295693869603065856,negative,9.613116304977964e-05
1295693869967970304,negative,0.12601313751072224
1295693870890721285,negative,0.00061397056541725
1295693872635564032,neutral,0.49789225920557484
1295693873159733249,neutral,0.33440212514266987
1295693874908868609,negative,2.009288379416252e-08
1295693875944869888,negative,9.125602869120427e-07
1295693876020355073,neutral,0.3941200226871371
1295693876875931650,negative,0.006830567305835134
1295693877123387394,negative,0.0012742771223985272
1295693877542883328,negative,0.0443064705871784
1295693878776012800,negative,0.006515497784147753
1295693878792785920,negative,0.10396600402265237
1295693882596917249,negative,0.12601313751072224
1295693882706059264,neutral,0.47371072416927557
1295693883330965504,negative,0.009685376192504381
1295693885428170752,negative,0.018075472935833604
1295693885654675457,negative,0.0034294410935135746
1295693886615158786,negative,0.2222643278046453
1295693887160360960,negative,0.00033147708280829646
1295693889110790144,negative,0.10832477518839075
1295693889433731073,negative,0.0600101272615417
1295693889748307968,negative,0.047455582096463195
1295693891782488064,negative,0.007367628037429296
1295693893581844480,negative,0.026540777464210182
1295693895305658369,negative,0.1416388564376785
1295693895637127168,negative,0.0006034492095579572
1295693895951687685,negative,9.613116304977964e-05
1295693897591599104,negative,0.0003865368048029582
1295693898233372674,negative,0.0075598302636409355
1295693898996686848,negative,0.02545445313493427
1295693899340677121,negative,0.12601313751072224
1295693901647491072,negative,0.004053118679355682
1295693902209585153,negative,0.03669135265188776
1295693902490542083,negative,0.12601313751072224
1295693902956167168,negative,0.0002950035274722003
1295693907129491456,negative,0.14663503670783323
1295693907624427521,negative,0.0451367204794381
1295693909184655361,negative,0.004637588544408518
1295693910384287744,negative,0.007889208119510244
1295693911248252929,negative,3.853220707211131e-07
1295693916730200064,negative,0.0003470390348112431
1295693918663835649,negative,0.2757678107423984
1295693920467288070,negative,0.11317813547851237
1295693920488370176,negative,5.454423634033504e-05
1295693920714858496,negative,4.542564218866303e-05
1295693923604725760,negative,0.2312641836900203
1295693924363898881,negative,0.03629060712691205
1295693924649127941,negative,0.017737322312159787
1295693924678488064,negative,0.012423018378087515
1295693924925870080,negative,0.002326324288704742
1295693927618686976,negative,0.012794336949919475
1295693927740313601,negative,1.4976252542140145e-06
1295693928314929153,neutral,0.4167952827716902
1295693929510137861,neutral,0.3499352441185855
1295693929791315969,positive,0.834512004088045
1295693932773482496,negative,0.007889208119510244
1295693934409244673,neutral,0.5968109045004766
1295693937945051137,negative,0.0027371390789015476
1295693939790553089,negative,4.475456424697064e-08
1295693941040439302,negative,0.010214192794635778
1295693941468274689,positive,0.999418637980295
1295693948766347265,negative,0.00023856735987737933
1295693949068345346,negative,0.0018657919984342661
1295693952461529088,negative,0.13588550233840088
1295693953019179012,negative,0.02001226168693467
1295693957201039363,negative,0.0779243223608279
1295693958065131523,negative,0.003047515870004323
1295693960481038338,neutral,0.44619167763951406
1295693961265164291,negative,0.1631879671044134
1295693962238361600,negative,0.0027070679479569877
1295693962670411778,neutral,0.3666343766718227
1295693965790937091,negative,6.749335089010875e-07
1295693966848020481,negative,3.67997463881113e-05
1295693969570095104,negative,0.2512242327566499
1295693969595207683,negative,7.64261055881541e-06
1295693974276050948,neutral,0.49789225920557484
1295693975186280450,negative,0.006934852627921999
1295693979829248000,negative,0.0007516808755897104
1295693980752109568,negative,4.254189846153079e-05
1295693980827557896,negative,0.0011294606863811757
1295693984027869184,negative,0.04698529354685927
1295693986947117056,negative,0.3244783962234801
1295693987370668037,negative,0.004833540813106615
1295693995490840577,negative,0.14039099866125015
1295693995591569411,negative,0.00023856735987737933
1295693996212224000,negative,0.09604608166740844
1295693999177531392,negative,0.020115037031739554
1295693999815172097,negative,3.210425087808274e-08
1295694000402333696,negative,0.0005712064930346152
1295694002575101953,negative,0.0029141045709612933
1295694003099373568,neutral,0.37111150485659405
1295694004097617920,negative,9.263922870082445e-06
1295694007121707015,negative,4.1520701168680754e-08
1295694007163670528,neutral,0.6044360339979967
1295694007495020546,negative,0.12601313751072224
1295694008396787714,neutral,0.47697210391394973
1295694008430321672,negative,0.0027371390789015476
1295694008975527936,negative,0.001005457773570323
1295694011001380867,negative,0.01732729749221734
1295694011131453440,negative,0.0020003948539604284
1295694011248902145,negative,0.003220274299756451
1295694012716855299,negative,0.04205735766145716
1295694012796620800,negative,0.0035514624857615356
1295694013056659456,negative,0.0014553794969695828
1295694013580955649,negative,0.05736422592685412
1295694014306492417,negative,0.004316169404615848
1295694015199879169,negative,0.17608952084669718
1295694016193925121,negative,0.27080060817883433
1295694019331227648,negative,0.021242124373254734
1295694019545247745,negative,0.0026362244038887527
1295694019620679685,negative,0.2923410061872379
1295694020707078144,positive,0.732702833889683
1295694021634019328,negative,5.398891048761519e-05
1295694021764026368,negative,0.12683675606769856
1295694021956907009,negative,0.06747121611459704
1295694023278166017,negative,2.1101011135035283e-05
1295694023286562816,negative,2.001887924973282e-16
1295694023840145408,negative,0.07247569986325751
1295694024716713984,negative,0.0011294606863811757
1295694024876142592,negative,0.06901284341561151
1295694025224269824,negative,0.021963674448664774
1295694026209992705,negative,8.418688190818232e-05
1295694027518550018,negative,0.004053118679355682
1295694028424581122,negative,0.2502307089101224
1295694030274207744,negative,0.03686207756121334
1295694032291672064,negative,0.06405231180963164
1295694032648261633,negative,0.0022023690508181813
1295694032727764993,negative,0.044051357276136495
1295694036351811584,negative,0.004053118679355682
1295694036498616320,negative,0.12601313751072224
1295694036934832136,negative,0.019901934905204827
1295694037761097731,negative,0.23875393223878058
1295694038075662337,negative,0.0004498087860835411
1295694038369271809,neutral,0.37111150485659405
1295694040529342465,negative,0.04281451971862007
1295694040688742401,negative,6.019578862716503e-07
1295694042030919685,negative,0.2894510937489875
1295694045390528512,negative,0.00335758703234252
1295694045897994240,negative,0.12601313751072224
1295694046128553985,negative,0.041397926880495546
1295694046359363584,neutral,0.4324713396725653
1295694047181443072,negative,0.12601313751072224
1295694048884334595,negative,0.17993819594702187
1295694050155270144,negative,0.23875393223878058
1295694050302066688,negative,7.577285357894906e-05
1295694050939502592,negative,0.0028464838235345608
1295694052889972737,negative,2.465229185943215e-07
1295694053078634496,positive,0.978342543989653
1295694053145812992,negative,2.329643140279997e-08
1295694053355528192,negative,0.18452869957961077
1295694054487973889,negative,0.10009065629389999
1295694054689144832,negative,2.7576915926557836e-05
1295694058694811649,negative,0.1121283605446386
1295694058963312645,negative,0.04350140218881862
1295694058984222721,negative,0.0011294606863811757
1295694059365978113,positive,0.9477995601449292
1295694059911163905,negative,0.001150404241661264
1295694062218022913,negative,0.12601313751072224
1295694063279185920,negative,0.0011150295543511913
1295694063409287174,negative,2.9046459388935296e-06
1295694065925750785,negative,0.004558700104150853
1295694066890543104,negative,0.008023221816847045
1295694067540492288,negative,0.1631879671044134
1295694069688152069,negative,0.0075598302636409355
1295694070472466432,positive,0.8709756691360152
1295694070636060673,neutral,0.49789225920557484
1295694070929485825,neutral,0.40112326862808023
1295694071344898048,negative,0.024099724346771094
1295694071911141376,negative,0.08429323407524633
1295694074943545344,neutral,0.49789225920557484
1295694076667453440,positive,0.7091390451292086
1295694078047289356,negative,0.019901934905204827
1295694078278021121,neutral,0.4635476503877262
1295694078877851648,neutral,0.438658726745286
1295694080463314944,neutral,0.43612039806852576
1295694080803065856,negative,0.08785473316588438
1295694080941449216,negative,0.2606067650413055
1295694082551865344,negative,2.4993220491118347e-05
1295694082950529026,negative,0.0002469272781940365
1295694083189608448,negative,0.10396600402265237
1295694083722285058,negative,0.008443710401535461
1295694087027224578,negative,0.20912194550007074
1295694088096960518,negative,0.009775996870808844
1295694092018561024,neutral,0.49789225920557484
1295694093213892608,negative,0.08409254837948442
1295694096984682496,negative,0.0027371390789015476
1295694104169414658,negative,0.09597142797967903
1295694105423601664,negative,0.0003146503927633664
1295694105511628801,neutral,0.5374478655040366
1295694107508170752,negative,0.0008192123973477321
1295694107738873857,negative,0.034419319326713584
1295694111572463618,negative,0.012356241528153953
1295694113015177217,negative,0.005317214705418283
1295694116131614720,negative,5.134517981240715e-10
1295694117360619521,neutral,0.47638887177747796
1295694122343444481,negative,0.2528250802794703
1295694122662100992,negative,6.499393125913433e-10
1295694124528611329,negative,0.3273095963041822
1295694125019181058,neutral,0.49789225920557484
1295694128446144512,negative,0.008042174481167513
1295694132619378688,negative,0.00044879097456852497
1295694132862746626,negative,0.001416437233214302
1295694133764423681,negative,0.00019531622822837471
1295694133936488448,neutral,0.5374478655040366
1295694135186411527,negative,0.00018163029114407663
1295694139070218240,negative,0.0013422869196148164
1295694141540700160,negative,0.10396600402265237
1295694141612007425,negative,7.57896889141287e-07
1295694142857793538,negative,3.696537021966495e-08
1295694145407913985,negative,2.333414683424017e-09
1295694146519400448,negative,0.006631638814742494
1295694147517591554,negative,3.738358815885524e-13
1295694149199499266,negative,0.0026089728242214678
1295694150671704066,negative,0.2402853033262102
1295694153645527041,negative,0.000256476416924701
1295694154836705281,negative,0.05498892973564985
1295694158334746626,negative,0.004854890112959517
1295694160771649537,negative,0.0002568825722987905
1295694161815969792,negative,0.00025862293097150384
1295694168015208453,negative,0.013235353502007866
1295694170837983233,neutral,0.49789225920557484
1295694170988990465,negative,0.024457242709405764
1295694171349618689,negative,0.007302956732843028
1295694171752333313,negative,3.005732455410782e-10
1295694175464230913,negative,0.0010169062482447502
1295694176793833474,negative,0.1740105501457912
1295694177687175168,neutral,0.4074793410571932
1295694178601570313,negative,0.0008975858644083835
1295694179431886851,neutral,0.5505550505941735
1295694179687968769,negative,0.004351175580628696
1295694179893415936,negative,0.10240815662956858
1295694182846169088,negative,3.25722101444236e-05
1295694183353786369,negative,0.00033946384124888953
1295694184305876999,negative,0.14039099866125015
1295694184658210816,positive,0.7624434922959884
1295694187531309056,negative,0.05814074992082237
1295694189364158465,negative,0.10873084537464295
1295694191578746881,negative,0.00023856735987737933
1295694192421863424,negative,1.9646103334123537e-06
1295694193000513537,negative,0.035455282928623696
1295694193294225408,negative,3.750265800303984e-05
1295694193785016320,negative,0.12601313751072224
1295694195466936325,negative,0.006433722393402795
1295694195634700289,negative,0.12601313751072224
1295694196322570240,neutral,0.38348152311486716
1295694197316444160,negative,0.3042846374134854
1295694198105137153,negative,0.12601313751072224
1295694198180544512,neutral,0.4737554465528978
1295694198658695169,negative,0.12601313751072224
1295694200030269440,negative,0.02132099595582579
1295694200130932737,negative,0.011802592011969692
1295694201007624192,negative,0.001768793486325788
1295694201750003723,negative,0.024405456238622735
1295694201833889792,negative,4.663251931788113e-06
1295694202060193793,negative,0.00311164279770578
1295694202232172544,negative,4.862367593514411e-05
1295694204954390528,neutral,0.48439634580644964
1295694206070140928,negative,6.828105161337989e-08
1295694206204289024,negative,0.0058701756108818694
1295694208951619584,negative,0.012794336949919475
1295694209836613632,negative,0.002290616945605888
1295694211010920449,positive,0.9888263781040868
1295694211056988162,negative,0.05649720434724899
1295694212818755584,positive,0.9477995601449292
1295694213372354561,negative,0.12601313751072224
1295694214072868865,negative,2.6826285603706382e-05
1295694214119002113,negative,6.11535551092027e-05
1295694214232145921,negative,0.0026927157872898163
1295694214660055043,negative,0.003120314493133608
1295694214689370114,negative,0.003802063160635881
1295694214853009408,neutral,0.35948143253622666
1295694216396525568,negative,0.05601365947456205
1295694216895565825,neutral,0.6563131832915976
1295694217768034305,negative,0.0016537749991679535
1295694218325831681,negative,0.09341160624889108
1295694220678828034,negative,0.0018566680135371292
1295694222046171136,negative,0.007181478780361355
1295694222167887873,negative,0.11645903093912732
1295694222427926528,negative,0.000646002034938235
1295694222625046529,negative,4.041636720946097e-10
1295694222666981378,negative,0.006863354588176793
1295694225837875200,neutral,0.5372318511317483
1295694225909190656,negative,0.08429323407524633
1295694226391552005,negative,0.16275881899724381
1295694226475417600,negative,0.001006279251931539
1295694226571825152,neutral,0.614952937468593
1295694229411430401,negative,0.27523023993719187
1295694229604368385,positive,0.8252136773099861
1295694229788938241,negative,0.003044106291481157
1295694230405500928,neutral,0.3941200226871371
1295694230464143360,negative,8.192119755651809e-08
1295694231311454208,negative,0.12601313751072224
1295694233647689731,negative,0.0075598302636409355
1295694233928597510,negative,0.3029968537174699
1295694235010826243,negative,0.003120314493133608
1295694235287552000,negative,0.08007641557858117
1295694235950297088,negative,0.02132099595582579
1295694237439270912,negative,0.0006146947006735611
1295694237707706371,negative,3.246751803969083e-11
1295694237888110592,negative,4.357475174769276e-06
1295694238156546048,negative,0.10396600402265237
1295694238664011776,negative,0.1948410199639604
1295694238739574790,negative,8.418688190818232e-05
1295694238848618497,negative,3.480539778702862e-07
1295694238903140352,negative,0.12601313751072224
1295694241906262017,neutral,0.47840844706262076
1295694242371829762,negative,0.019901934905204827
1295694242757644289,negative,0.009888101427119786
1295694243000995843,negative,0.003831908090516488
1295694243110031361,negative,0.12601313751072224
1295694243361587200,negative,0.02132099595582579
1295694243491713026,neutral,0.5372318511317483
1295694243764285441,negative,0.12601313751072224
1295694245957902337,neutral,0.5017543432377519
1295694246301904896,negative,0.0018489038645729556
1295694247333629953,negative,0.12601313751072224
1295694248378077188,negative,0.0003808339208963271
1295694251863441409,negative,0.07039115002182492
1295694252375187458,negative,0.0018774611713644215
1295694252547112960,neutral,0.43854245468307546
1295694254547795969,negative,0.0072323276641176005
1295694254891769857,negative,0.12601313751072224
1295694255458062337,negative,6.123010504650005e-06
1295694256682799104,negative,3.25722101444236e-05
1295694256821145600,negative,0.06747121611459704
1295694257106440194,negative,0.31732489718339985
1295694257806876673,negative,0.0023204566357547217
1295694258050080769,negative,0.11591121074334354
1295694258918350854,negative,0.12601313751072224
1295694260340174849,negative,3.25722101444236e-05
1295694260466057219,negative,0.2677651204054746
1295694260776374272,neutral,0.5344029679637843
1295694262907088897,negative,0.0024215042420286056
1295694263691423744,negative,0.12601313751072224
1295694263880224768,negative,0.12601313751072224
1295694264228290560,negative,0.02132099595582579
1295694268112281601,negative,0.01885248090587977
1295694271375343617,negative,0.08007641557858117
1295694271715172357,negative,0.03171583571671794
1295694271752949760,negative,0.002053661853727173
1295694272944013319,negative,0.056496391794210295
1295694275133558784,negative,6.569537935209188e-05
1295694276274335745,negative,0.00033825003506000114
1295694286709837824,neutral,0.43612039806852576
1295694288202936321,negative,0.00028696207194974194
1295694290295955457,negative,1.0211573833574683e-05
1295694292317614080,negative,0.06803556184923627
1295694293387153408,neutral,0.5374478655040366
1295694295098445825,positive,0.6651558287189983
1295694298139234304,negative,0.02545445313493427
1295694300634845187,negative,0.029211653005974933
1295694301213659136,positive,0.9477995601449292
1295694305055485953,negative,0.2399581767063833
1295694305814810625,negative,0.00011178157159397397
1295694305835847680,neutral,0.4324110897427152
1295694307450589186,negative,0.235825130958337
1295694309631627264,negative,4.475456424697064e-08
1295694312982937601,negative,0.0005161776607331496
1295694313041678338,negative,0.2157293232345827
1295694313461092352,neutral,0.49789225920557484
1295694314178215936,negative,0.00010105005016432953
1295694314631237633,negative,0.00704582976784181
1295694314903920641,negative,2.6567749296804964e-07
1295694315394654214,negative,0.0009336459595666463
1295694317911080960,positive,0.9817024514231727
1295694318804623362,negative,0.011577013803850641
1295694318888292352,neutral,0.5118605533127536
1295694319270219777,negative,0.0001979900002262817
1295694321585401861,negative,0.02273213176552269
1295694321723867140,negative,0.014208198819400638
1295694321728053248,positive,0.923989541722227
1295694321853898752,negative,3.750265800303984e-05
1295694321857986563,negative,0.0011382360564339917
1295694322982178816,negative,0.0020005978539990544
1295694325549019136,neutral,0.5374478655040366
1295694326106742785,negative,0.05649720434724899
1295694327675486209,negative,1.7404084643364946e-07
1295694327801196546,negative,0.24012018476473915
1295694329651122176,negative,0.07357108162995876
1295694329730805761,negative,0.18286116381631745
1295694329848254464,negative,0.07757049903543814
1295694333899935744,neutral,0.49789225920557484
1295694334336151554,negative,0.0001519657399878777
1295694336596881410,negative,0.024497146896020432
1295694339134365696,negative,0.0017851008275454312
1295694339784441856,negative,2.319856221296994e-09
1295694343190327298,negative,0.1740105501457912
1295694344683507713,negative,3.25722101444236e-05
1295694346570915840,negative,0.00010776676969651055
1295694348370219010,negative,0.05741082219477387
1295694348525412353,neutral,0.49789225920557484
1295694356377210880,negative,0.20958256306611736
1295694357761331201,negative,0.009685376192504381
1295694360949002245,negative,0.0075130361079723046
1295694361066377216,negative,0.12601313751072224
1295694361343270912,negative,0.12601313751072224
1295694363503230976,negative,0.12601313751072224
1295694365969600515,negative,0.11591685326288977
1295694367345324033,negative,0.05741082219477387
1295694368280543232,neutral,0.36427112830875125
1295694368477720577,negative,0.00018987384704124033
1295694368872042497,negative,0.001583189841867743
1295694368930705408,neutral,0.5374478655040366
1295694369253720065,negative,0.27411883165530465
1295694369413103616,negative,0.127990936663227
1295694371736752131,neutral,0.44313818668812904
1295694371812245504,negative,0.12601313751072224
1295694372240003072,negative,0.00033101244748151717
1295694372386885634,positive,0.7279654809883875
1295694372642709506,negative,0.0004211981740700472
1295694372646924288,negative,0.04255412701336059
1295694373078827008,negative,7.249830641931212e-06
1295694373179588613,negative,0.01972877856220939
1295694373280251904,neutral,0.49977554971376664
1295694375679340546,neutral,0.5808741501827569
1295694376149102594,neutral,0.568313565714886
1295694376325320704,negative,0.06316873021486953
1295694376518275077,negative,0.0315061214645871
1295694376824446978,negative,0.12601313751072224
1295694377298415616,negative,0.02545445313493427
1295694377629753347,negative,0.05814074992082237
1295694377633943555,negative,0.12601313751072224
1295694377822621696,negative,0.0004394782131207557
1295694379924049921,negative,0.11036198772120058
1295694379957485569,neutral,0.4371764550815651
1295694379991142403,neutral,0.36095958222040864
1295694380448317442,negative,0.04852490273088029
1295694380485967872,negative,0.006631638814742494
1295694380603506690,neutral,0.49789225920557484
1295694381744357376,negative,0.0002771074175155766
1295694384680308736,neutral,0.46511884455441777
1295694385166901248,negative,0.058527571783466986
1295694385481494529,negative,0.0013880657869445626
1295694385678553092,negative,0.18180295294117416
1295694386009956354,negative,0.23562175037635588
1295694386966204416,negative,5.127895268203641e-11
1295694389231181824,negative,0.11325217705010698
1295694389327667202,negative,0.018422548000497863
1295694389860347905,negative,1.8562012354532162e-06
1295694390430707712,negative,0.10923838763276379
1295694393576480768,negative,1.8088188086353651e-06
1295694393609945088,negative,0.044051357276136495
1295694393714921473,negative,0.006515497784147753
1295694394364956673,negative,0.019901934905204827
1295694394629279750,negative,0.055057252092284965
1295694395778519042,negative,0.12601313751072224
1295694395786887168,negative,0.12601313751072224
1295694396743208960,negative,0.20832211473462056
1295694397506498566,negative,0.15981543079415209
1295694397980499969,negative,0.08785473316588438
1295694399284838400,negative,0.0011469598636884354
1295694401407193090,negative,0.23982916469988902
1295694401767956483,negative,0.0018657919984342661
1295694402178998272,negative,0.12601313751072224
1295694406419394560,negative,0.2677651204054746
1295694406448807937,negative,0.044051357276136495
1295694406889209856,neutral,0.4020383545323593
1295694407711293440,negative,0.00680984513328773
1295694408231391232,negative,3.750265800303984e-05
1295694410563358720,negative,0.12601313751072224
1295694410563411968,negative,0.019901934905204827
1295694410877935618,negative,0.0058726683980790005
1295694411406413826,negative,0.0507568439576558
1295694411456806912,negative,0.3102729882087575
1295694412236894210,negative,0.14824872487994167
1295694412257923073,negative,0.1752924051472428
1295694412652122112,negative,0.0005207109971164184
1295694413495185413,negative,0.00022992845502249097
1295694414552223749,negative,1.0139400946637754e-05
1295694415088975878,negative,0.26096658350660207
1295694415550390273,negative,0.07186664869213227
1295694419186810881,neutral,0.5374478655040366
1295694419526660100,negative,0.049719866118462526
1295694420055130112,negative,0.1251685562098861
1295694422450077697,negative,0.12601313751072224
1295694422911463424,negative,0.0028464838235345608
1295694423339044866,positive,0.9058556076415677
1295694423792275463,negative,1.4976252542140145e-06
1295694423846785024,negative,0.12601313751072224
1295694424064905216,negative,1.0825897597371955e-06
1295694429089669122,negative,0.0004144922942213196
1295694429542547461,negative,0.015852856664334784
1295694431199416322,negative,4.716247025992842e-06
1295694431715303424,negative,4.619647430154242e-10
1295694432520425473,neutral,0.5169955073393762
1295694432596103171,negative,0.2199852191582704
1295694432608628736,negative,0.0004692367915139291
1295694432675618826,negative,4.3868137008612955e-06
1295694432688275457,negative,0.06924054420465577
1295694434382876673,negative,2.1549171395195644e-11
1295694434655514624,negative,0.034419319326713584
1295694435326537728,negative,0.0031696343284910045
1295694436207415296,negative,0.12601313751072224
1295694436899356672,negative,0.014519971220134003
1295694437159510017,negative,0.012512228272294352
1295694437180411904,negative,0.12601313751072224
1295694437532794881,positive,0.9428688322929487
1295694439327948801,positive,0.8848870890657803
1295694441076985858,negative,0.001596665210797886
1295694442066845702,negative,0.0004944761195631106
1295694442821812232,negative,0.15814469705786108
1295694442926673921,negative,0.12657094478285125
1295694443375398912,neutral,0.34124747030427405
1295694443438395393,negative,0.15331241043057187
1295694443979448321,negative,0.004053118679355682
1295694444683878400,negative,5.398891048761519e-05
1295694447049691136,negative,0.013255415355137275
1295694447116681216,negative,0.05736422592685412
1295694447808778240,negative,0.07673934607651961
1295694447846526976,negative,8.418688190818232e-05
1295694448333148162,negative,2.7293985090972598e-06
1295694448341516290,negative,0.12830371513052494
1295694448479920128,positive,0.9792354641139018
1295694449176084480,negative,0.17523535288413794
1295694451290120192,negative,0.0004989025182391388
1295694452074348544,negative,0.024405456238622735
1295694452246425601,negative,0.00335758703234252
1295694452271570951,negative,0.044051357276136495
1295694455366852608,negative,0.032280599521447545
1295694455937228801,negative,0.31224978496645767
1295694456117755906,negative,0.24641485676701597
1295694456490991619,negative,0.019901934905204827
1295694456985878529,negative,0.017424456863196443
1295694457141067777,negative,9.184982556388137e-05
1295694457615134721,positive,0.9477995601449292
1295694458030358528,neutral,0.38006962912221015
1295694459590647813,negative,0.03184689485492144
1295694460395958273,negative,0.12601313751072224
1295694460983169025,negative,0.05692718287260758
1295694461830389760,negative,0.01981185236540945
1295694464388698112,negative,0.02811502354190008
1295694464753827840,negative,0.00027651636022552024
1295694464929890308,positive,0.9527619688681364
1295694468906180609,neutral,0.4542817246763916
1295694469199691780,negative,0.03085729346770106
1295694472664289282,negative,0.15958962610042962
1295694473175994369,negative,0.03135431427877863
1295694473976934400,negative,6.569537935209188e-05
1295694474358726656,negative,0.05498892973564985
1295694476627902471,negative,0.004717148548311198
1295694478154575872,negative,0.019901934905204827
1295694478855090179,negative,0.01981185236540945
1295694478909607936,negative,0.00635853707938829
1295694480658628611,negative,0.1113934855028397
1295694481262510083,negative,0.1390682402016792
1295694482717974528,negative,0.25367856821004336
1295694484475449345,negative,0.04093431405330192
1295694485171707904,negative,0.3272040767796065
1295694485247201281,negative,0.0008950642300597208
1295694486157352967,negative,0.3029968537174699
1295694491073105921,negative,0.00891330116507618
1295694493161787395,negative,0.1683149649361946
1295694495175106560,neutral,0.3867737279337002
1295694495783227392,negative,0.3100854772536763
1295694497410580480,negative,0.11591121074334354
1295694497884643329,negative,0.004053118679355682
1295694498199228416,negative,0.03135431427877863
1295694499579154432,negative,0.00016651300808120657
1295694500015353860,negative,2.1751507208047918e-11
1295694500229152769,negative,0.0451367204794381
1295694500380254208,negative,1.0399775654964052e-06
1295694501609189376,negative,0.26266205404482146
1295694501659410432,neutral,0.4924379600156537
1295694502234148864,negative,0.12667109735141951
1295694502678728705,positive,0.8508357203600186
1295694502825467904,positive,0.8945396879538031
1295694503010086913,negative,0.0007516808755897104
1295694503345618949,positive,0.9807673678154544
1295694503521722371,positive,0.8802114115380569
1295694503748272128,negative,0.1441173872269608
1295694506197745670,negative,1.6984295578127374e-09
1295694506415792131,neutral,0.5374478655040366
1295694508060024832,negative,0.06648983850325393
1295694512124198914,negative,0.0001519657399878777
1295694517035839488,negative,4.393670387864838e-05
1295694519263014918,negative,0.27362376564949353
1295694532189790210,negative,0.0020264829264148286
1295694536178630662,positive,0.9923207538311524
1295694537684389890,positive,0.8550097322777185
1295694539571769344,negative,0.019248932549269016
1295694541908058117,negative,0.12601313751072224
1295694542382010368,neutral,0.5404162437053041
1295694543380197376,negative,0.035827231049096575
1295694543573192704,negative,0.12601313751072224
1295694543908732928,neutral,0.37722201417133755
1295694544676290560,negative,0.12601313751072224
1295694544806326273,negative,0.12601313751072224
1295694545737392129,negative,0.0013145473590628152
1295694547645800460,negative,0.0005325050988963557
1295694547725541376,negative,1.8088188086353651e-06
1295694548333662212,negative,0.0018489038645729556
1295694549403209730,negative,0.12601313751072224
1295694551009591300,negative,0.20102445941554453
1295694552989401088,neutral,0.38006962912221015
1295694553064841216,negative,0.12601313751072224
1295694553211527169,neutral,0.3619451476948216
1295694553945645058,negative,0.12601313751072224
1295694554046140416,negative,0.08007641557858117
1295694556273549317,negative,0.008375238490053194
1295694556349059072,negative,2.0236448931675106e-06
1295694556453908482,neutral,0.36440385825114957
1295694556541984771,negative,0.1416388564376785
1295694557426978817,negative,0.12601313751072224
1295694558387417090,negative,1.8088188086353651e-06
1295694558915895297,positive,0.9383781582536525
1295694560442617856,negative,0.0018489038645729556
1295694560941821952,negative,0.11354375765384447
1295694561331863552,negative,2.0484507797794677e-05
1295694561449316352,negative,0.0006034492095579572
1295694562636247050,negative,0.044051357276136495
1295694563122843649,negative,0.08007641557858117
1295694563122860032,negative,0.11591685326288977
1295694565589082115,negative,0.009180238586950978
1295694565983375360,negative,0.06924054420465577
1295694565991645184,negative,0.003120314493133608
1295694566314651649,negative,0.12601313751072224
1295694566755110912,neutral,0.5224961866741138
1295694566813765634,neutral,0.5808741501827569
1295694567606542337,negative,2.6693070505109328e-06
1295694568604794883,negative,0.07936514476569273
1295694569405808640,negative,0.23726351990999656
1295694569552719874,negative,0.012710410471887139
1295694569556893696,negative,0.014209273197050518
1295694572790730752,negative,0.001005457773570323
1295694572819972096,negative,0.12601313751072224
1295694572971077632,negative,0.008697165722999776
1295694573084213256,negative,0.2677651204054746
1295694574426492928,negative,7.030557941657752e-07
1295694574820655105,neutral,0.5209138043720312
1295694575500173312,positive,0.882428902554305
1295694575596707841,negative,0.02593739630268229
1295694577471492096,negative,0.044051357276136495
1295694577920282624,negative,0.002799869741458346
1295694578532712450,neutral,0.4306241434182096
1295694578675220480,negative,0.12601313751072224
1295694579790942210,neutral,0.38006962912221015
1295694579820355584,negative,0.036938445467534886
1295694581271539714,neutral,0.38348152311486716
1295694581397430272,negative,0.004703363506748253
1295694581523251200,negative,0.09112209021514082
1295694582504718336,negative,0.0006329011592705375
1295694585914630146,negative,0.08567173392873434
1295694586116034562,negative,0.00012803279689314805
1295694586304778240,neutral,0.5193365255049426
1295694586896101377,neutral,0.549883372498786
1295694587055538176,negative,7.960405959135916e-06
1295694587227447296,neutral,0.6083819313192237
1295694589710553088,negative,3.25722101444236e-05
1295694590054367234,negative,0.0011721779510440629
1295694591136542720,neutral,0.38956336392465263
1295694591153381376,negative,0.17777149223494618
1295694591421710336,negative,0.059012754824896534
1295694591551836163,negative,0.0022718807564622145
1295694591556034561,neutral,0.4148345353894823
1295694593934217218,negative,0.015741985975735853
1295694595368652803,negative,3.1537875830041073e-08
1295694595481907201,neutral,0.4593391898063893
1295694596220100610,negative,2.9891394114867305e-09
1295694596371099648,negative,0.12601313751072224
1295694596492623872,negative,0.010090195243636876
1295694596580704258,negative,0.004316169404615848
1295694598820503555,negative,0.3126171222630846
1295694600363966467,negative,0.026797762366616296
1295694602704429059,negative,0.20640574443446935
1295694602901610502,negative,3.0701704169733926e-05
1295694603828498433,neutral,0.3372959100559912
1295694604034023430,neutral,0.3538861917861785
1295694605309149186,neutral,0.5374478655040366
1295694607347580929,negative,0.0002213268271794912
1295694608198926337,negative,6.569537935209188e-05
1295694608807202821,negative,5.279183055035049e-16
1295694608907866114,negative,0.12601313751072224
1295694611747426304,negative,0.0005378770758926604
1295694611994873858,negative,3.373735621510146e-06
1295694612695265283,negative,0.2235246683023315
1295694612842139648,negative,0.2453908022146001
1295694613290856448,negative,0.004342799245922514
1295694615140544513,negative,0.0399613717496648
1295694615593410560,negative,2.3946284063477706e-07
1295694615820079104,neutral,0.37722201417133755
1295694616394706945,positive,0.9922777277020463
1295694616805736448,negative,0.02811502354190008
1295694617485115394,neutral,0.6301234559680013
1295694619762724865,negative,0.04604255386764733
1295694620039565312,negative,0.001150404241661264
1295694620492472320,neutral,0.49789225920557484
1295694620547063808,negative,0.041097832655170315
1295694623743127552,negative,0.1574455452156799
1295694624674263041,negative,0.0013880657869445626
1295694626045689861,negative,0.0023204566357547217
1295694626066751488,negative,0.18929068482049832
1295694626230341632,negative,0.12568228858081346
1295694627442429955,negative,0.02545445313493427
1295694629682192385,negative,0.0011142260110299246
1295694629690658820,negative,0.012794336949919475
1295694631544520705,negative,0.01943786463375533
1295694632370737155,negative,0.019901934905204827
1295694632689573888,negative,0.05515079516493201
1295694632798629891,negative,0.0005161776607331496
1295694633155072002,negative,0.00027571158322011445
1295694634006523904,negative,0.12601313751072224
1295694636477014018,neutral,0.49789225920557484
1295694639895384066,negative,0.05814074992082237
1295694646329442305,negative,0.07288412549374303
1295694646727847936,negative,2.410702253332014e-05
1295694648606896129,neutral,0.4447524058193092
1295694650259517441,negative,0.06901284341561151
1295694652985745412,negative,0.13653836154540896
1295694653493313537,negative,0.00028696207194974194
1295694653656883200,neutral,0.5112162807618442
1295694657322725377,positive,0.8030084999898046
1295694657423319040,negative,0.0016383787777491349
1295694657926696961,negative,0.017561528342792822
1295694661655330817,negative,3.383337837202764e-08
1295694662020280320,neutral,0.49789225920557484
1295694662586568704,negative,0.0050686961198576925
1295694663236673537,negative,0.006392967544739209
1295694666730536960,neutral,0.43481168191019
1295694667615547394,negative,0.002388462964244313
1295694670538969091,negative,0.004316169404615848
1295694672145285120,negative,0.007739061748709749
1295694675244978176,neutral,0.49789225920557484
1295694678273208320,negative,6.367491780703942e-05
1295694681075068928,positive,0.9998172880243945
1295694681964257280,negative,0.004717148548311198
1295694682014412800,negative,0.16435684993276148
1295694683381927939,neutral,0.5716429118342062
1295694688293445632,neutral,0.36925576182941056
1295694692089311232,neutral,0.4074793410571932
1295694693146206209,negative,0.08785473316588438
1295694696337965056,negative,0.0004211981740700472
1295694697235709952,negative,0.02547808823252095
1295694698779234306,negative,0.06227799640260944
1295694699286716417,negative,0.004717148548311198
1295694701060816896,negative,0.0050686961198576925
1295694701312593920,negative,0.001713229400749842
1295694701409034240,negative,0.005575530768664181
1295694704475070467,negative,0.05050562446616487
1295694704663760896,neutral,0.37142605093897746
1295694705016143874,negative,0.02199540883603602
1295694709172703232,negative,1.8088188086353651e-06
1295694709483098112,negative,0.0013145473590628152
1295694712167432193,negative,0.00014734438357912638
1295694712523849729,negative,0.003738651823964611
1295694715950702593,negative,0.0075130361079723046
1295694716240093185,negative,0.11591121074334354
1295694717825548290,negative,1.3897482055119745e-06
1295694717947084800,neutral,0.45305672672867087
1295694718576336896,negative,0.0006640554809628442
1295694720505610242,negative,0.14069621096564425
1295694721814343685,negative,0.004053118679355682
1295694724926451713,negative,0.002799869741458346
1295694724934832129,negative,0.16636466199571492
1295694726348316679,negative,0.12601313751072224
1295694728281886720,positive,0.95367471828064
1295694728781078529,negative,0.28822966114974197
1295694729007554566,negative,0.07764390997067958
1295694729892499457,negative,5.3226289214690454e-05
1295694730559356930,negative,0.00036013341975725364
1295694730605494272,negative,1.3156963324658311e-05
1295694732925046784,negative,0.014066282932521622
1295694733726158849,negative,0.01978172325238759
1295694733789081608,negative,0.12601313751072224
1295694734795644928,negative,0.01943786463375533
1295694735068274694,neutral,0.4274047939449264
1295694735160606721,negative,0.12601313751072224
1295694738209873922,negative,0.12601313751072224
1295694739363299330,negative,0.001471908237229243
1295694740965466112,negative,0.008023512825134173
1295694742295117824,negative,0.019901934905204827
1295694742378950656,negative,0.10765320341439025
1295694742513213444,neutral,0.5344029679637843
1295694742576074752,negative,0.06040519773329467
1295694742668419074,neutral,0.4456205046094367
1295694745105309697,negative,0.12601313751072224
1295694745201709056,negative,0.019901934905204827
1295694745755418624,negative,0.12601313751072224
1295694746934038536,negative,0.019901934905204827
1295694749006004224,negative,0.004088368435796212
1295694750205595649,negative,0.019901934905204827
1295694750583074818,negative,0.12601313751072224
1295694751463809024,neutral,0.6465417153562611
1295694751522598913,negative,1.087091841338e-05
1295694752189255681,negative,0.0007516808755897104
1295694754806747137,positive,0.978342543989653
1295694755557408769,negative,0.0004692367915139291
1295694755679145991,positive,0.9977886568918186
1295694755880415233,negative,0.0004211981740700472
1295694757285560323,neutral,0.5377139219007021
1295694757960843267,negative,3.360678145406366e-11
1295694758514266112,negative,0.004279745424342648
1295694760531943424,negative,0.12601313751072224
1295694761567965184,negative,0.000543624066264661
1295694761714757632,negative,0.0648347248169569
1295694763182772224,negative,3.525954242192967e-05
1295694763778334720,negative,0.0075130361079723046
1295694764285861894,positive,0.9477995601449292
1295694766898913280,negative,0.018422548000497863
1295694768102690816,negative,0.019901934905204827
1295694768480096256,negative,0.03184689485492144
1295694769075752960,positive,0.6668220920310173
1295694770178850817,negative,0.0015406280621921245
1295694770631847936,negative,0.0006255307067596186
1295694771030286336,negative,0.05427905299014074
1295694772099842049,negative,0.1498052850432653
1295694772267618307,negative,0.0004989025182391388
1295694772397629444,negative,0.06405231180963164
1295694772745764866,negative,0.006156429586268012
1295694772863107072,negative,0.001150404241661264
1295694775450914816,negative,1.4105811180703608e-07
1295694775459422210,negative,0.12601313751072224
1295694776600338432,negative,0.0024063297313619446
1295694776646479877,negative,0.008123408607279942
1295694778470928385,negative,0.024497146896020432
1295694778630156290,negative,0.1960314052301848
1295694779020455936,negative,0.00018357844881728013
1295694780949827585,negative,0.12601313751072224
1295694782904311808,negative,0.0018489038645729556
1295694783323820032,negative,0.02132099595582579
1295694783567069185,negative,0.17632601764987182
1295694783747432456,negative,0.12915919607723306
1295694783751565312,negative,0.12601313751072224
1295694784649203714,negative,0.015741985975735853
1295694784775020545,negative,0.18299730410594303
1295694785005654016,negative,0.013543760932559145
1295694786997956609,neutral,0.5030332264438171
1295694787820032002,negative,0.019639234042405317
1295694787941670912,negative,0.044333540125882046
1295694788218454016,neutral,0.5602839575697446
1295694789099294720,negative,0.0005562485303181633
1295694789187440641,negative,0.25218830672541553
1295694789267070976,neutral,0.5652309771345115
1295694791121031170,negative,0.03415294965175088
1295694791154511877,negative,0.236617000455749
1295694793637605378,negative,0.16131820999542962
1295694795667468289,negative,0.004053118679355682
1295694797467013120,negative,0.00032862021492752343
1295694797940940804,negative,0.0023204566357547217
1295694798066786304,neutral,0.35687064213506103
1295694798234558464,negative,0.1565163056002866
1295694799895494657,negative,0.028217838387258883
1295694800495288321,negative,0.03669135265188776
1295694801535406081,negative,0.04313315036845397
1295694802651152384,negative,8.914672585952269e-07
1295694803586486273,negative,0.0005620448611516705
1295694806551793664,negative,0.0075724768889254826
1295694806673489920,negative,0.001508225662847598
1295694808137302021,neutral,0.4020383545323593
1295694808250568705,negative,0.05982791052816328
1295694809395585024,negative,0.040762107189511655
1295694809638854657,negative,0.19252725873648002
1295694809949069312,negative,1.6546123968287637e-07
1295694810146377728,negative,0.0430101816775751
1295694810322554881,negative,0.0011062952288890932
1295694810347720704,neutral,0.3827918541337397
1295694812570624000,negative,0.12601313751072224
1295694812881063937,negative,0.08756696528079053
1295694813954596865,neutral,0.49789225920557484
1295694816530042880,negative,0.3118464187575457
1295694816790159361,negative,0.1848452413191434
1295694820393005059,negative,0.007389960127685304
1295694820531490816,negative,0.0018489038645729556
1295694820875341825,negative,0.000549655710832865
1295694821026299904,neutral,0.49789225920557484
1295694821328396288,negative,0.18286116381631745
1295694822431436801,negative,0.0026453217091509363
1295694825971503107,negative,0.0013422869196148164
1295694826676129792,negative,0.1320054398652975
1295694830702661633,negative,0.02811502354190008
1295694833630281728,negative,0.09584287861960455
1295694835106471937,negative,0.085374508322731
1295694842375405568,negative,0.0026362244038887527
1295694842547384324,neutral,0.5017543432377519
1295694842845110273,positive,0.6792494575444393
1295694843998593025,neutral,0.46127768308170247
1295694847937064960,negative,0.20446132414446663
1295694851913191424,negative,0.052231609671514995
1295694854039769088,negative,0.0477248511808551
1295694854379524099,negative,0.0017999513691086342
1295694854715039744,negative,0.029293262619601707
1295694854996058113,neutral,0.6003729188084833
1295694855121903616,positive,0.788203951131982
1295694863728545792,negative,0.008695209699262558
1295694867767734275,negative,0.00023856735987737933
1295694868803653633,positive,0.788203951131982
1295694869290156033,negative,7.099990193142809e-08
1295694869592252417,neutral,0.4737554465528978
1295694870779236354,negative,0.02082628146624805
1295694870976303106,negative,0.0024586035031514547
1295694871336906752,negative,0.0009317632767322139
1295694871848554496,negative,5.202283895135449e-06
1295694872373010434,negative,0.0006105900976490636
1295694872385658881,negative,0.026640802956355434
1295694876970029060,neutral,0.3821571958457934
1295694877515304961,negative,0.0006640554809628442
1295694881126572032,negative,0.0018657919984342661
1295694881415979009,negative,1.8474307346600955e-05
1295694887736807425,negative,0.05784351897484676
1295694890488213504,negative,0.16157547498984023
1295694890702196737,negative,0.044051357276136495
1295694892463775744,negative,1.8840123291481317e-12
1295694893814349825,negative,0.0018436368372910083
1295694895961845760,negative,0.02545445313493427
1295694896397983745,negative,0.011791452389450587
1295694898365108233,neutral,0.379231781488087
1295694899434737664,negative,0.037277801313377816
1295694901208928263,negative,0.2645804637748251
1295694901531693058,negative,0.003802063160635881
1295694904744644608,negative,0.03631693708030691
1295694905826779136,negative,0.09615957085032137
1295694908259524610,neutral,0.37722201417133755
1295694909228429315,negative,0.00032862021492752343
1295694909933002754,neutral,0.6134813222180897
1295694910264311808,negative,0.002225068373748838
1295694910402768896,negative,0.010732304180412218
1295694912562831360,negative,0.28245440304104097
1295694912638394368,negative,0.09386000229361774
1295694913041059840,negative,0.23105349268460842
1295694913246564354,negative,0.12601313751072224
1295694914337021952,positive,0.9477995601449292
1295694914357952512,negative,0.000584355353193028
1295694914894860289,neutral,0.521864301361791
1295694916711075845,negative,0.015986331008201234
1295694916790747142,negative,0.12644881697480445
1295694917067563008,negative,0.0017851008275454312
1295694917491187712,positive,0.7091390451292086
1295694917554057217,negative,0.0033090456914312647
1295694918791434241,negative,0.011633718337075664
1295694919219269633,negative,0.05408388664826899
1295694919340826631,negative,0.0007516668950709654
1295694919584153601,negative,1.4105811180703608e-07
1295694921106628611,negative,0.17867774670664033
1295694921249292291,negative,0.013537728858278796
1295694921769390080,negative,0.034419319326713584
1295694923203846144,negative,3.187674406752324e-06
1295694923224813569,negative,0.02132099595582579
1295694925594468352,negative,0.20379163173075512
1295694925900775425,negative,0.12601313751072224
1295694926387335170,negative,0.007669553228524804
1295694926714372097,negative,0.05736422592685412
1295694927209418754,negative,3.765892923183452e-05
1295694927746281473,neutral,0.577666603710434
1295694930095091719,negative,0.02545445313493427
1295694930543861760,negative,0.12156871881952784
1295694932418744320,negative,0.00032862021492752343
1295694932733243392,negative,5.227190576803064e-06
1295694932804608001,positive,0.9477995601449292
1295694933727338497,positive,0.8508357203600186
1295694933991596034,neutral,0.5505550505941735
1295694934373208064,negative,0.000557154190575298
1295694935954468865,negative,0.12601313751072224
1295694936143278082,negative,0.12601313751072224
1295694941931343876,negative,0.022817114394286096
1295694942359244800,negative,0.003120314493133608
1295694943042842624,negative,8.645058962820159e-06
1295694943441375232,negative,0.05738731705847255
1295694943625924608,negative,0.004072342382658138
1295694946570182657,negative,0.07062368656384453
1295694947438538754,negative,0.006558222740242218
1295694947526545409,negative,0.19369210141944002
1295694948503781377,negative,0.0001403816560213296
1295694948700913665,negative,0.31387462782038605
1295694948755480577,negative,0.1336690851601187
1295694948847812610,negative,0.09421732100141891
1295694950407995394,negative,0.20585874511563804
1295694951876112385,negative,0.11982286141208336
1295694951951597569,neutral,0.3320433216146709
1295694952157065216,neutral,0.6510058072737261
1295694952534552578,neutral,0.5169955073393762
1295694953503432704,negative,0.005776973620188984
1295694958868025344,neutral,0.4238782672432391
1295694959883034624,negative,0.009735864625261994
1295694960159789059,negative,0.001005457773570323
1295694960235360256,negative,0.11218045315613208
1295694960545734658,negative,0.014044168633328864
1295694961078304770,positive,0.9652451555465855
1295694961128677376,negative,0.0009158911092799684
1295694963196469252,negative,0.085374508322731
1295694963473350657,negative,0.13946947846492105
1295694963901108224,negative,0.02811502354190008
1295694963968270337,negative,0.0020834233869462602
1295694964295376898,positive,0.7919841905998705
1295694965008412672,negative,0.0004989025182391388
1295694965029384195,negative,0.1730746230786644
1295694967407407104,neutral,0.43429453788206035
1295694967755681792,negative,0.03138333274078604
1295694969332793350,negative,0.013054472707536402
1295694969618014216,neutral,0.37874993579954885
1295694969882238976,negative,0.2172965450741971
1295694970050023424,negative,0.00024451406247885454
1295694972017086464,negative,0.004872804898966058
1295694972352684033,neutral,0.4894886660404289
1295694972352700418,negative,0.015977674023607547
1295694972646195200,negative,1.6395967586671367e-05
1295694972738588673,negative,0.01978172325238759
1295694973275381760,neutral,0.6284384685094335
1295694973896138752,neutral,0.5315025225330297
1295694974047199232,negative,0.0005961562991797661
1295694976735641601,negative,0.16960450530625104
1295694977390059520,negative,0.12601313751072224
1295694977645895680,negative,0.05065454815485751
1295694979730477057,negative,1.0536238508354427e-10
1295694980401561600,negative,0.12601313751072224
1295694981718593536,negative,0.3266123976931018
1295694984960790533,negative,0.0837763170250123
1295694985745006595,negative,0.00011792992032227626
1295694986265202689,negative,0.0005039465865416886
1295694988773404679,negative,0.00015641570587274144
1295694988899229701,negative,0.020651589493662862
1295694989331173378,negative,8.657684844413725e-05
1295694989616459777,positive,0.95367471828064
1295694990685995008,negative,2.8199754722507484e-09
1295694991252164609,negative,1.4105811180703608e-07
1295694993626038272,negative,0.0014525761685447408
1295694997195567104,neutral,0.4744007417802897
1295694998759968768,negative,0.022462354256301727
1295695001792520195,negative,3.750265800303984e-05
1295695005915516928,negative,0.00010540108013982607
1295695005995196417,negative,0.07384998773891442
1295695006003613698,negative,0.0016187183127839941
1295695006699868160,neutral,0.5698599814429232
1295695007018627072,negative,0.0034270335264942773
1295695010801823745,negative,2.3946284063477706e-07
1295695011036749825,negative,0.015977674023607547
1295695011753930753,neutral,0.4033702508780281
1295695019844816898,negative,0.11317813547851237
1295695020037566464,negative,0.14672792641044635
1295695022902435841,positive,0.877937901066401
1295695026945761280,negative,0.00846071005507212
1295695027734290432,positive,0.8597620531084419
1295695027767857152,negative,0.2213259417848902
1295695028204036096,negative,0.005491178799438912
1295695030145949698,positive,0.7485850229634111
1295695032377397248,neutral,0.43612039806852576
1295695035258810373,neutral,0.37874993579954885
1295695035938353153,negative,0.21651339263655675
1295695036361957377,negative,0.01325874942621394
1295695036445859840,negative,0.0002923764765615636
1295695038471643137,negative,0.004454287704540177
1295695040254226432,neutral,0.49789225920557484
1295695040405282817,negative,0.05495648329772498
1295695044998037504,negative,0.017737322312159787
1295695045333364741,negative,0.01325874942621394
1295695045501345792,negative,0.12426640196187025
1295695045635518465,negative,0.21651339263655675
1295695045673328640,negative,0.041817059661361594
1295695046877024256,negative,0.002153352869189063
1295695047376207872,negative,0.004558700104150853
1295695047770419202,negative,0.000253058869872319
1295695049548759041,negative,0.06227944565466594
1295695051058753539,neutral,0.3524082068011071
1295695051587121153,negative,0.00033147708280829646
1295695051834773505,negative,4.475456424697064e-08
1295695051855560710,negative,0.034929355141008964
1295695052610691072,negative,3.750265800303984e-05
1295695052614901762,negative,0.0010286123620002786
1295695052749111297,negative,0.1808482412859558
1295695055940968449,negative,0.0008400601476104507
1295695056482041861,negative,0.003802063160635881
1295695056708329472,negative,0.0019818169123709756
1295695056859541505,positive,0.6721553852967019
1295695057694134274,positive,0.9477995601449292
1295695060500189186,negative,3.750265800303984e-05
1295695061158637573,negative,3.750265800303984e-05
1295695061771079682,negative,0.013125329259237345
1295695064958676992,negative,0.03889721158873237
1295695065356972032,negative,0.10173094556258375
1295695065852108802,negative,0.18299730410594303
1295695067806674944,negative,0.0005207109971164184
1295695067982823424,negative,6.836736230591161e-05
1295695068570017792,negative,0.003923840154451813
1295695076807540737,negative,0.12891547399172404
1295695078959218688,negative,0.10639255501839902
1295695080330678272,negative,0.027324455278970948
1295695080473403392,negative,0.03879364008169714
1295695081039634433,negative,0.04137605284192735
1295695081656246272,negative,8.657684844413725e-05
1295695082113433600,negative,0.04274870898572828
1295695085129138176,negative,1.8892830860368673e-05
1295695086290964481,negative,0.07162066540347119
1295695089059213312,negative,0.00022824862617855718
1295695089105342464,negative,2.566873999327107e-05
1295695089436471301,negative,0.04411743197344541
1295695089608556545,negative,0.003140036982740375
1295695089675710465,neutral,0.38950124742370573
1295695090216841221,negative,0.008473546305672767
1295695090401390594,negative,0.0005207109971164184
1295695090493599744,negative,0.12601313751072224
1295695091198308353,negative,0.0034598192216384405
1295695091676385281,neutral,0.5118605533127536
1295695093601570817,negative,0.12601313751072224
1295695094859870208,negative,0.10886634654411638
1295695095107379206,negative,0.12601313751072224
1295695097464532992,negative,0.0571065066101217
1295695097493966848,neutral,0.5808741501827569
1295695098026614796,negative,0.26617985279126233
1295695098131382280,positive,0.7356736247795549
1295695098336825346,negative,0.05351052829684485
1295695098739482624,negative,0.025981587712427246
1295695098789990400,neutral,0.42507619662732005
1295695099054010368,negative,0.0004692367915139291
1295695099368792064,negative,0.0003205050348450402
1295695101579190272,negative,0.0057152767518527285
1295695101935734785,negative,0.12601313751072224
1295695102178975750,negative,0.10115523144534383
1295695105949675520,negative,0.02692761398853204
1295695106293542919,negative,0.024405456238622735
1295695106641666049,negative,0.019901934905204827
1295695107124088834,negative,0.045297767696794014
1295695107698626560,neutral,0.4497313986298474
1295695108310994944,neutral,0.37874993579954885
1295695109728735233,positive,0.9032085845989591
1295695109976137728,negative,0.17897843598741808
1295695110143868928,negative,0.13456312081642746
1295695110206820353,negative,0.025054689733965654
1295695110240440321,neutral,0.6563131832915976
1295695110517252097,neutral,0.34424962258880354
1295695110563344386,negative,0.003855477868923558
1295695110798278657,negative,0.03798189394405064
1295695112220090369,positive,0.6792494575444393
1295695112287203328,negative,0.014288259881866964
1295695114329903105,negative,0.19369210141944002
1295695114413776897,negative,0.0024063297313619446
1295695114552184832,negative,0.06650926067224533
1295695114564784131,negative,0.20976441277881258
1295695115902767106,negative,0.012746164353133261
1295695116825485312,negative,0.001867845091487553
1295695117895053314,neutral,0.38559982259955006
1295695118398304257,negative,0.00011379540270006691
1295695119044280321,negative,0.05151310432687011
1295695119065260032,negative,0.0009861103515841606
1295695119224627200,negative,0.0837763170250123
1295695119828627457,negative,0.12601313751072224
1295695120042545155,negative,0.12601313751072224
1295695120617086977,negative,0.16435684993276148
1295695121044971523,negative,0.21920622203790338
1295695121187577858,negative,0.004316169404615848
1295695121208541184,negative,7.226716094718875e-05
1295695121472790528,negative,0.19992595846264505
1295695122294857729,negative,0.024405456238622735
1295695122353586177,negative,0.00030316263227627815
1295695123779641344,neutral,0.5136446707795853
1295695123939037186,negative,0.03957686157108606
1295695124576505856,negative,0.044051357276136495
1295695125147000832,negative,0.0032533681489490627
1295695125323091970,negative,0.0009677493191237991
1295695126946144256,neutral,0.5505550505941735
1295695127281831937,neutral,0.5808741501827569
1295695128045268995,negative,0.00027651636022552024
1295695128343064578,negative,0.014154193208363157
1295695128988921858,neutral,0.49789225920557484
1295695129307734018,negative,0.12601313751072224
1295695130914164741,negative,1.4976252542140145e-06
1295695131564220417,negative,0.0005207109971164184
1295695131820068864,neutral,0.5977195569850609
1295695132084371457,negative,0.26096658350660207
1295695132575109123,positive,0.8956669519901621
1295695133564968960,neutral,0.49789225920557484
1295695134974255106,negative,0.1336690851601187
1295695135259480064,negative,0.029094994177504198
1295695135414640640,negative,7.061263482415408e-06
1295695135464923136,negative,0.12601313751072224
1295695136261918721,negative,0.08095474620657347
1295695136907722757,negative,0.007248278871724113
1295695137797025794,negative,0.00028844065532588334
1295695137801211905,negative,0.12601313751072224
1295695137885097984,negative,0.046519373930939696
1295695139193618439,negative,0.02151758722145058
1295695139940302863,positive,0.6982093816623263
1295695140892413957,negative,0.002917779808484119
1295695141718589442,negative,0.04698529354685927
1295695143333433345,neutral,0.6042201275795289
1295695143853531136,neutral,0.4107186781339169
1295695144839032837,negative,0.0027371390789015476
1295695145330003970,negative,0.02151758722145058
1295695145589972998,negative,0.11276646861472159
1295695145766191106,negative,0.006322017660267978
1295695147523616768,negative,0.00020310290000926588
1295695147548672001,negative,0.13186919957289805
1295695147792052225,negative,0.00013221660512642143
1295695148924506112,neutral,0.49789225920557484
1295695149838852096,negative,0.03686207756121334
1295695151877304320,negative,0.003802063160635881
1295695151927570432,negative,1.1628344938547741e-05
1295695151969579008,neutral,0.3941200226871371
1295695152221237252,negative,0.12601313751072224
1295695152602927104,negative,0.12601313751072224
1295695152623869952,negative,1.924994310517135e-07
1295695153534050304,negative,1.4875961542521807e-05
1295695153655689216,negative,0.1730746230786644
1295695153710149634,positive,0.6792494575444393
1295695154221854722,negative,0.12601313751072224
1295695154335096832,negative,0.04550932329001948
1295695154389692416,neutral,0.5374478655040366
1295695156293832704,negative,0.0015452987078595143
1295695156734197760,negative,0.0015645295878872025
1295695156948197376,negative,1.5406168915318204e-09
1295695157015306242,negative,0.0014072736349825304
1295695157669527552,negative,0.12601313751072224
1295695157808037895,negative,0.2155945142213284
1295695158521069570,negative,0.024405456238622735
1295695158693036033,neutral,0.4412034357541848
1295695161540960257,negative,0.003089349637653276
1295695162081972224,neutral,0.49789225920557484
1295695162652459009,negative,1.4105811180703608e-07
1295695163218518018,negative,5.262635876707223e-05
1295695164871245824,negative,0.005770526114234429
1295695164971855873,negative,0.004671422170912628
1295695165248745472,negative,0.10396600402265237
1295695165667938304,negative,0.00033147708280829646
1295695165705920512,negative,0.005317214705418283
1295695166205038594,negative,0.00011920047949049027
1295695168599990273,negative,0.11111173099832893
1295695168843251712,negative,0.006550065715273609
1295695168977412096,negative,0.0012440260738469993
1295695169082339328,negative,0.12601313751072224
1295695169375936512,negative,0.001206291773054535
1295695169464029184,negative,0.0020834233869462602
1295695169766006785,negative,0.12601313751072224
1295695170302812160,negative,0.003802063160635881
1295695170332172288,negative,0.0003438889572594303
1295695174635532288,negative,3.255634595926801e-09
1295695174979522562,positive,0.8864305022684958
1295695175319248896,negative,0.006515497784147753
1295695175545757696,negative,0.0004246759703373585
1295695177047310340,negative,0.2677651204054746
1295695177244389376,negative,0.12601313751072224
1295695177294716936,neutral,0.3499352441185855
1295695177416413185,negative,0.0003136892478963506
1295695179022774273,negative,2.0691182298083786e-08
1295695181887475712,negative,0.11591121074334354
1295695182596276229,negative,1.3290059832167561e-05
1295695182768353283,negative,0.16683621277684435
1295695183267287044,negative,0.10855095454566259
1295695183317786625,negative,0.04569812496178801
1295695183485587458,negative,0.2634750464041236
1295695186404814848,negative,0.05784351897484676
1295695186845196289,negative,0.009812897573398495
1295695186966851586,neutral,0.37024352799666777
1295695187239370757,negative,0.014778488808589304
1295695187377889286,negative,0.11888264431085406
1295695187671257090,negative,0.22872133346403514
1295695187746979840,positive,0.9954541684866436
1295695187864358913,negative,2.449629380437679e-05
1295695189441421312,negative,0.03001219436296953
1295695189562888192,negative,0.20034320132447106
1295695189739175937,negative,0.018075472935833604
1295695191102361602,negative,0.024405456238622735
1295695191756742657,negative,0.18809000318368863
1295695191765127169,negative,0.017137255967422774
1295695191836434434,positive,0.6786838886027308
1295695193698705408,negative,0.023375664249609268
1295695194218795008,negative,6.253669972557441e-06
1295695194445275138,negative,0.0004989025182391388
1295695194868854785,neutral,0.35687064213506103
1295695194910851072,negative,2.342367657765406e-05
1295695195204456454,negative,0.0008120014228891967
1295695195204464643,negative,1.8088188086353651e-06
1295695195300925440,negative,0.12601313751072224
1295695198043987970,negative,0.0002499556283363015
1295695198413115392,negative,0.015725023981785494
1295695198475956224,negative,0.0075130361079723046
1295695200195665921,negative,0.07936514476569273
1295695200308867072,negative,0.05967661049750143
1295695202242506755,negative,0.00044034794340645116
1295695202741440517,neutral,0.49789225920557484
1295695203609858049,negative,8.657684844413725e-05
1295695203706245120,negative,0.019901934905204827
1295695206642221067,negative,0.0008686793933022024
1295695206751318016,negative,4.702077234256023e-06
1295695207753687044,negative,8.657684844413725e-05
1295695210568126465,negative,0.0004211981740700472
1295695211042091009,negative,0.28361541751911556
1295695211147010050,negative,0.12568228858081346
1295695211323174912,negative,0.12601313751072224
1295695211415384064,positive,0.940872614194551
1295695212203786240,negative,0.0007516808755897104
1295695212220743681,negative,0.014162992454384139
1295695212229132293,negative,0.009735864625261994
1295695212237533185,negative,0.05445670601085713
1295695215551029248,negative,0.15622904195160636
1295695217870471169,negative,3.25722101444236e-05
1295695219028099078,negative,0.05784351897484676
1295695219082563584,negative,1.3290059832167561e-05
1295695219145551879,negative,0.03302965250828128
1295695219153928192,negative,0.006601174867843928
1295695219317407745,negative,2.5278911340401305e-07
1295695219594321924,negative,1.730112965112409e-11
1295695219602620417,negative,0.12601313751072224
1295695220030476289,negative,0.0032533681489490627
1295695220475072513,negative,2.004629037561568e-06
1295695221137825792,negative,0.023786238065994784
1295695221322321920,negative,0.0009309096130113586
1295695221368524800,positive,0.6864552647401683
1295695221645365248,negative,0.001150404241661264
1295695223629250565,negative,0.14968461681504064
1295695223775993857,negative,0.1808482412859558
1295695224740745219,negative,0.12601313751072224
1295695224862388225,neutral,0.49789225920557484
1295695225306910722,negative,0.006433722393402795
1295695225625686017,positive,0.9658119604621324
1295695226242310146,negative,0.007701554906241651
1295695226514931712,negative,0.3266123976931018
1295695227865436160,negative,0.08753832149818308
1295695227945132033,negative,0.0002940610510143099
1295695227961958402,negative,0.11888264431085406
1295695228205228033,positive,0.9118049193492904
1295695228612091905,neutral,0.37111150485659405
1295695229115342848,negative,0.011834018739946758
1295695229291503619,negative,0.0004944761195631106
1295695229576675328,negative,0.18452869957961077
1295695232093360128,negative,0.012852334104892576
1295695232336564226,negative,0.004316169404615848
1295695232667975680,negative,0.24888301568591675
1295695233582333952,negative,0.10396600402265237
1295695234383446018,negative,0.045386486328793774
1295695234547023872,negative,1.7388202297334998e-10
1295695235738144770,negative,0.030395847706257383
1295695236090540034,negative,0.0001731737757059785
1295695236379947008,negative,0.07936514476569273
1295695236459638784,negative,0.12601313751072224
1295695236493193218,negative,3.521257297874697e-05
1295695236509900801,negative,0.028188493202134807
1295695236786724872,negative,0.056976080521815804
1295695237596286976,negative,0.07763840771209739
1295695237826912256,negative,0.0014032236344779314
1295695238300930048,positive,0.9428688322929487
1295695239257227267,negative,1.6395967586671367e-05
1295695240649637888,negative,0.00028696207194974194
1295695240804933633,negative,0.12601313751072224
1295695240846815234,negative,2.959897859878525e-06
1295695242092519428,negative,0.08546935861439567
1295695242130329605,negative,1.1974118444360394e-06
1295695242189053953,negative,0.02132099595582579
1295695244038742016,neutral,0.6537445474366684
1295695244131020801,negative,0.1336690851601187
1295695244630142976,negative,3.412303197652264e-05
1295695245028532225,negative,0.08007641557858117
1295695245234012161,positive,0.6792494575444393
1295695246110724098,negative,0.03541852314666285
1295695246161043458,negative,0.12601313751072224
1295695246710525952,negative,0.005336292313385552
1295695248287395845,negative,0.048038338004875995
1295695248576909312,negative,0.11594547425212554
1295695249361248257,negative,4.286656567642669e-06
1295695249692602369,positive,0.8030084999898046
1295695250237923330,negative,0.13449786664433144
1295695251101888513,negative,0.0018768278365656219
1295695252431527936,positive,0.866197228789535
1295695252951629825,negative,0.02502895255757975
1295695252985122816,neutral,0.522611717834044
1295695253203230721,negative,0.21021711587454064
1295695253425532929,neutral,0.6189493602832854
1295695254843260928,negative,8.173771588365996e-05
1295695254977421312,negative,0.001005457773570323
1295695257095610368,negative,0.12601313751072224
1295695257213042696,negative,0.06616083932071785
1295695257565368320,negative,0.08007641557858117
1295695258538455043,negative,0.0005290426296571825
1295695258777530371,positive,0.9960074632693179
1295695261415747584,negative,0.12601313751072224
1295695261466009602,negative,0.08785473316588438
1295695261713551360,negative,0.015244616094258166
1295695261944160259,negative,0.009706594782752234
1295695262476902401,positive,0.9999994888527254
1295695262728560643,neutral,0.3903360426245309
1295695263118614529,negative,1.3290059832167561e-05
1295695263269629954,negative,0.030721648368896477
1295695263303110658,negative,0.17247635733728575
1295695265106669568,neutral,0.39373332280730516
1295695265446481920,negative,8.14655458650577e-09
1295695265471528961,negative,5.1490743476825796e-05
1295695267384238080,negative,0.01961387259264077
1295695267459629058,negative,0.0032533681489490627
1295695267497414656,negative,0.00033147708280829646
1295695267543552000,negative,0.015023457674832992
1295695268009189384,negative,0.012814756564749712
1295695269091323904,negative,3.750265800303984e-05
1295695269137391616,negative,0.01981185236540945
1295695269523329027,negative,5.017225430728284e-10
1295695269795893248,negative,0.018845708956115616
1295695269976330240,negative,0.2207058397378527
1295695270873833472,negative,0.12241357769920357
1295695271310000133,negative,0.13449786664433144
1295695273579216896,negative,0.006631638814742494
1295695273952518144,positive,0.8808094069168896
1295695274426404867,negative,0.0004170586749296156
1295695274569064448,neutral,0.5838831779515203
1295695275089186817,negative,2.105379230111989e-10
1295695275227516929,negative,0.007302956732843028
1295695275609206784,neutral,0.35580142773938084
1295695276943060992,negative,0.012644927397157883
1295695278205472768,negative,0.0013357574667229451
1295695278767472640,negative,0.1571210442572203
1295695279413432322,negative,0.12601313751072224
1295695279962951688,negative,0.019901934905204827
1295695282412441603,neutral,0.5268389811296795
1295695283221860352,neutral,0.42644650482172014
1295695283356082182,negative,0.12601313751072224
1295695283385401344,negative,0.2071251955952833
1295695283532247040,negative,8.81460731572711e-06
1295695283637149698,negative,3.07252428283667e-06
1295695283674849281,neutral,0.3327887111056961
1295695284098543617,negative,0.02235312339833114
1295695286086635526,negative,0.0008270144979346074
1295695287332343809,negative,0.12601313751072224
1295695288494174212,positive,0.8575035686713095
1295695289022648323,negative,0.06521865188419113
1295695289035169792,negative,0.10396600402265237
1295695291346292737,negative,0.19260763984072263
1295695292227096581,negative,0.025109973535694066
1295695292633952256,negative,8.418688190818232e-05
1295695292659052546,negative,0.12601313751072224
1295695292868841473,negative,0.16107913327303805
1295695293393129472,negative,0.0005851199134936583
1295695294043127809,negative,0.2240216202550199
1295695296610131968,negative,0.004346223592228677
1295695299231518722,negative,0.01325874942621394
1295695299822985216,negative,0.006201192931730067
1295695300087156736,negative,0.12601313751072224
1295695300250697728,positive,0.9477995601449292
1295695300951027712,negative,0.013973349715236835
1295695301248987142,negative,0.0003977166092169002
1295695301391548422,negative,0.00020223627530913043
1295695302746427399,negative,0.2071251955952833
1295695303081951237,negative,0.0012013725297238258
1295695303283281921,negative,0.02545445313493427
1295695303358779393,negative,0.23649811240819985
1295695303471923207,negative,0.12601313751072224
1295695304084402177,positive,0.8802318978328959
1295695304331755521,negative,0.005232784958225788
1295695304361156608,negative,0.06755976209626206
1295695304679993344,negative,0.12601313751072224
1295695304814075904,negative,0.20324586410364273
1295695305288159236,negative,0.009077280950076014
1295695306974285824,negative,0.0026814816816275607
1295695307142049793,negative,0.004342799245922514
1295695307255222272,neutral,0.37874993579954885
1295695308475826176,negative,0.0004734185438228526
1295695308589019136,negative,8.657684844413725e-05
1295695308685553664,negative,6.728739943149117e-05
1295695309197238275,neutral,0.3722486922901105
1295695311386574848,negative,0.0003808339208963271
1295695311889932290,negative,0.004083201071338447
1295695313764855811,negative,1.5696399023533093e-17
1295695314268172288,negative,0.0003653756690817054
1295695314448453634,negative,0.12601313751072224
1295695315929124867,negative,0.021597468805320055
1295695315971067906,negative,0.0021858083203273398
1295695316394676224,negative,0.0006823915642352229
1295695316558258176,negative,0.006900600520480288
1295695317107695617,negative,3.5104280771475665e-07
1295695317447462912,negative,3.9520642463340037e-05
1295695317594181633,negative,0.12601313751072224
1295695318256934916,negative,2.9091176336191346e-05
1295695319305461760,negative,0.0005160388999215636
1295695319397797894,negative,0.0002117265601469863
1295695319506747397,negative,0.036219400787242784
1295695319523635200,negative,1.6176354991352895e-05
1295695320345645057,negative,0.0033566349974010474
1295695321205485568,negative,0.03646283797671769
1295695321234845696,neutral,0.40820399930221624
1295695324703526913,negative,0.007393213909418886
1295695324862914560,negative,0.10396600402265237
1295695325278208000,negative,8.714642607483966e-05
1295695325672472577,negative,0.03061094499246617
1295695326125449217,negative,1.4976252542140145e-06
1295695327866114049,negative,0.31732489718339985
1295695328327467008,negative,9.91046172109712e-08
1295695328998563842,negative,3.739720612896032e-05
1295695329342496769,negative,0.0004170586749296156
1295695330105753600,negative,0.022975556009793507
1295695330445582336,neutral,0.43995305544012414
1295695330986598401,negative,0.08376611679530784
1295695332010065920,negative,0.02132099595582579
1295695332555227136,negative,0.00033147708280829646
1295695332647501825,negative,0.12601313751072224
1295695332823703552,neutral,0.540519232205556
1295695332924428290,negative,0.00023404244564836986
1295695333117370371,positive,0.8126966345249254
1295695333339652096,positive,0.6634765676318548
1295695334161743874,negative,0.006515497784147753
1295695334291705863,negative,0.26096658350660207
1295695334333718540,negative,0.01785347011195913
1295695334967062529,negative,0.03700175107257115
1295695336179142656,negative,0.0009645445931260158
1295695336644784128,negative,3.750265800303984e-05
1295695336896438272,negative,0.01325874942621394
1295695337408077824,negative,8.440868932636764e-05
1295695339111014400,neutral,0.5006086376065693
1295695342097313792,neutral,0.49789225920557484
1295695342839660545,negative,0.00029520936094202984
1295695343049420802,negative,0.0023204566357547217
1295695343104000002,negative,0.12601313751072224
1295695343229849601,negative,0.00023047083285471104
1295695343267586048,negative,0.03629060712691205
1295695343481499648,negative,4.413101180055358e-06
1295695345519857665,negative,0.002225068373748838
1295695347344445441,negative,0.2537175793800262
1295695347566678017,negative,0.031393895097719345
1295695347860348931,negative,0.008137991118896442
1295695348942417920,negative,0.0005207109971164184
1295695349701632001,negative,0.006100314913498225
1295695350683107329,negative,0.07936514476569273
1295695350699905029,negative,0.012794336949919475
1295695352964747265,negative,0.05358577594516053
1295695354202075136,negative,0.12493807702021531
1295695354273431553,neutral,0.509264438518885
1295695354642522120,negative,0.09287726429136627
1295695354772545537,neutral,0.5118605533127536
1295695355552686080,neutral,0.5118605533127536
1295695357041664005,negative,0.016287271094586983
1295695357339459584,negative,0.18299730410594303
1295695357649784832,negative,1.0987980960836639e-07
1295695358400634880,positive,0.9477995601449292
1295695358635454464,negative,0.0007811723832325936
1295695358832586758,negative,0.000549655710832865
1295695359365316611,neutral,0.3619451476948216
1295695359382114307,negative,0.001115952507180762
1295695361349160960,positive,0.9807221252670664
1295695364306227201,negative,0.02077809299477492
1295695364415258624,negative,7.752480450362732e-06
1295695364763287552,negative,0.004139388705274514
1295695365644189698,negative,0.09074541817226207
1295695366793441282,negative,0.12601313751072224
1295695366873112579,negative,0.0063358461189960535
1295695367292551168,negative,0.2512242327566499
1295695367330304000,negative,0.014479366522355026
1295695367615524866,negative,0.03483307538077289
1295695369767092224,negative,0.0020264829264148286
1295695369775570944,negative,0.016393079289107666
1295695369905623040,negative,0.0075130361079723046
1295695370064994304,positive,0.9664775276391212
1295695370283094016,neutral,0.6026400931813143
1295695370647896064,negative,0.11888264431085406
1295695372837367808,neutral,0.4175926357499371
1295695372971581443,neutral,0.42532232393522185
1295695373483290626,negative,0.018075472935833604
1295695374439587840,negative,0.15331241043057187
1295695375060422658,negative,0.008737168796915818
1295695376125702145,negative,8.137741416861204e-06
1295695376259985408,neutral,0.5112162807618442
1295695376540934144,negative,0.012814756564749712
1295695376792653824,negative,0.04119695970773731
1295695376851369987,negative,0.007723769237115648
1295695378273239041,negative,0.10600072960838487
1295695379162370050,negative,0.0009523254789268912
1295695379346984960,negative,0.02797257883588501
1295695379472711680,negative,0.13216781798733543
1295695380223537152,negative,0.008473546305672767
1295695380550737920,negative,0.20324586410364273
1295695380676579329,neutral,0.49789225920557484
1295695382618550272,neutral,0.45269202337308395
1295695383373533191,negative,0.041817059661361594
1295695383390289920,negative,0.0769833895051728
1295695383407013894,negative,1.0987980960836639e-07
1295695384002600963,negative,0.016393079289107666
1295695384564715521,negative,0.024405456238622735
1295695384631803904,negative,0.0003022696654259574
1295695384770236416,negative,0.00011920047949049027
1295695385004933122,negative,0.0012643754658529468
1295695386473095168,negative,0.0014357255260605008
1295695386544418818,negative,0.07954395985317907
1295695387228098561,negative,0.12601313751072224
1295695387282505728,negative,0.0005207109971164184
1295695387576147968,neutral,0.40878386115917803
1295695388071034882,negative,0.0032533681489490627
1295695388351934466,negative,0.015983759857438076
1295695388385714177,negative,0.31732489718339985
1295695388389908480,negative,0.014479366522355026
1295695388645756929,negative,2.601458306158271e-08
1295695389019037696,negative,0.08785473316588438
1295695389190955009,negative,0.10459830546158512
1295695391279779841,negative,3.257942016045252e-07
1295695391695024129,negative,0.13402844583612183
1295695391938301952,negative,0.12601313751072224
1295695391984410631,negative,0.08839218656053918
1295695392621965312,negative,0.0021433954446389053
1295695392743587847,negative,0.019901934905204827
1295695394912047108,negative,0.10967668378995687
1295695395067170817,negative,6.379389218829304e-08
1295695396140797952,negative,0.02046882312337601
1295695396992360449,negative,0.004342799245922514
1295695397021716480,negative,0.12830371513052494
1295695397126418432,neutral,0.571920005532001
1295695397369806848,negative,0.012794336949919475
1295695397537685504,negative,0.06747121611459704
1295695399420862465,positive,0.6634808066654354
1295695400079372288,negative,0.00054360588531286
1295695400561672192,negative,5.171075623315001e-10
1295695400612102144,negative,0.001150404241661264
1295695400645668867,negative,0.1932916795198969
1295695400842801155,negative,0.009735864625261994
1295695401018961923,negative,0.00022824862617855718
1295695403535478786,negative,0.08022047292342224
1295695403757850624,negative,0.051006876849169186
1295695405469126657,negative,0.0011148668426931671
1295695405477498881,negative,0.02545445313493427
1295695405515235329,negative,0.051006876849169186
1295695407901794307,negative,1.556506638562639e-08
1295695409457790978,negative,0.3266123976931018
1295695410288263170,negative,0.16107913327303805
1295695410682630145,negative,0.000543624066264661
1295695412142182400,negative,0.0004246759703373585
1295695412477800448,negative,0.017137255967422774
1295695412721000448,negative,0.0003529968007269023
1295695414545592320,negative,1.2861574313822617e-05
1295695415128592384,neutral,0.5374478655040366
1295695415879372808,negative,0.2512242327566499
1295695416198082561,negative,0.017366087277804164
1295695416336490498,negative,0.1808482412859558
1295695416617390081,negative,0.045386486328793774
1295695416751792134,negative,0.0009645445931260158
1295695417661947904,neutral,0.35687064213506103
1295695417708093441,neutral,0.49789225920557484
1295695417888448512,negative,0.12241357769920357
1295695420094652417,neutral,0.33440212514266987
1295695420505690114,positive,0.9477995601449292
1295695422338588673,neutral,0.49789225920557484
1295695422602850311,negative,0.17672755989941588
1295695424767111168,negative,0.32528643544231356
1295695424922071042,negative,0.060028842192859276
1295695425207508992,negative,1.6538952987409616e-09
1295695426784501761,negative,3.0439707664671607e-05
1295695426797043712,negative,0.012248977052320816
1295695426985897984,negative,0.04527665282732278
1295695429103783937,negative,0.03302965250828128
1295695430509113344,neutral,0.40164566407707886
1295695430873997312,negative,9.846939125263714e-05
1295695431096205312,neutral,0.37874993579954885
1295695432761442304,negative,0.0007750748805802907
1295695432962772992,negative,0.0073598940686291575
1295695433059258369,negative,0.007499672881357266
1295695433466077185,negative,0.008832673167730024
1295695434216886273,neutral,0.4588907906816704
1295695434279772160,negative,0.09147931027663674
1295695435231899649,negative,8.418688190818232e-05
1295695435420639232,negative,0.04515771554911309
1295695437148688384,negative,0.0015645295878872025
1295695438172106753,negative,0.022032456208629474
1295695438218133504,negative,0.00030472750754389366
1295695438436282368,negative,0.004346223592228677
1295695438801022979,neutral,0.6366168611456661
1295695439153504256,negative,0.06834832878789121
1295695439312719872,positive,0.9985155333106502
1295695441514962945,negative,0.019901934905204827
1295695443784065027,negative,0.008443710401535461
1295695444073426945,negative,0.04731861203868253
1295695446690668544,negative,0.01810773356783586
1295695447089176578,negative,1.942496466946439e-09
1295695448246833158,neutral,0.4127710176521352
1295695449672753153,negative,0.10601066995125227
1295695450679410688,negative,0.07764390997067958
1295695451077980161,negative,0.015854100043442374
1295695453980303362,negative,0.05784351897484676
1295695454185889794,negative,0.04274870898572828
1295695454672478211,negative,0.035798658276010545
1295695454810800134,negative,0.00047865814142438286
1295695454970183682,negative,2.1751507208047918e-11
1295695455137996800,neutral,0.4020383545323593
1295695455943184385,negative,0.03184689485492144
1295695456203309056,neutral,0.37982325509987064
1295695456572514304,negative,0.001851102442117919
1295695456580894723,negative,0.15814967988239612
1295695456694161409,negative,0.020391557496868766
1295695457889419264,negative,0.0001631320351968574
1295695458048913409,negative,1.3134230130718601e-05
1295695458908741633,negative,0.08095474620657347
1295695459747594241,neutral,0.3327887111056961
1295695459806322689,negative,0.0010391131602780004
1295695459890192385,negative,0.03937252231432889
1295695459986608128,negative,0.17897843598741808
1295695460095733760,negative,0.0016576778712567043
1295695460317958145,negative,0.3110259487239704
1295695462423564288,neutral,0.3437102378220017
1295695462494806016,positive,0.7906640455658245
1295695462998122497,negative,0.044051357276136495
1295695463073669120,neutral,0.4878716358652305
1295695463547576321,negative,0.025860226654766966
1295695463753056258,negative,0.000964658993917683
1295695464155746304,negative,0.0018657919984342661
1295695464784965632,negative,0.12601313751072224
1295695465208590336,negative,7.488200524068137e-08
1295695466601091072,negative,0.04274870898572828
1295695466672410624,negative,0.08846196368575912
1295695466949226497,neutral,0.3499352441185855
1295695467016261632,neutral,0.3688791045404273
1295695468123611136,negative,0.08785473316588438
1295695468165574656,negative,0.02504361883387675
1295695468278808576,negative,1.1053149849244914e-05
1295695468786257920,negative,0.2828136932208214
1295695471168626688,negative,0.12601313751072224
1295695472632487938,negative,0.25100531347307287
1295695472741494784,negative,0.005052790349944764
1295695472791871491,negative,1.6395967586671367e-05
1295695474679255040,negative,2.0525527670392053e-07
1295695475115536389,negative,0.0037007295488750373
1295695476277121024,negative,0.00010330807767089323
1295695476277346310,negative,3.25722101444236e-05
1295695476856107008,negative,0.016964151784983287
1295695476969426944,negative,2.601458306158271e-08
1295695477128802312,negative,0.0010391131602780004
1295695477476818944,negative,0.006631638814742494
1295695478831689728,negative,0.0005707288715266583
1295695478928084993,negative,0.00022855630436214103
1295695479611838465,negative,0.12601313751072224
1295695480761049088,negative,0.006558222740242218
1295695480958128128,negative,0.06099532678456868
1295695480966590465,positive,0.8076253605841208
1295695483239714817,neutral,0.5505550505941735
1295695483457937410,negative,2.4327530648140274e-08
1295695483797733376,negative,1.5434111183392278e-05
1295695483827040256,negative,0.024405456238622735
1295695484233879552,negative,0.12601313751072224
1295695484749848580,positive,0.8089242832726584
1295695485152432128,negative,0.12601313751072224
1295695487501250562,neutral,0.5112162807618442
1295695487518101504,negative,0.03135431427877863
1295695487740399617,negative,0.12601313751072224
1295695487773954049,negative,0.004316169404615848
1295695488902213635,negative,0.019901934905204827
1295695489304875010,negative,0.045296301213504996
1295695489791397888,negative,1.1574353332268527e-05
1295695489917161472,negative,0.03138333274078604
1295695491490099202,negative,0.12601313751072224
1295695491905269760,negative,0.010308924795285574
1295695492823887872,negative,0.16520986905231105
1295695493222162432,negative,6.379389218829304e-08
1295695493671133186,negative,0.031206618751031753
1295695493926920192,negative,0.12601313751072224
1295695494145024000,negative,0.001005457773570323
1295695494996529155,negative,0.00011444017129220063
1295695495600508928,negative,3.25722101444236e-05
1295695495827001346,negative,5.6955588109608626e-05
1295695496649101312,negative,2.5085304443587474e-06
1295695498180005889,negative,0.0007439604748604142
1295695498230272002,negative,0.020211647130593965
1295695498591055873,negative,5.50616759352807e-05
1295695499299700736,negative,0.00027251872690673817
1295695499299872770,negative,0.014115142147844902
1295695500134547457,negative,0.0017278084595822715
1295695500973412352,positive,0.9477995601449292
1295695501682245635,negative,0.033540249360698195
1295695502290358273,negative,0.00011920047949049027
1295695504513413121,neutral,0.46127768308170247
1295695504534372352,positive,0.9960074632693179
1295695504622444544,negative,0.03734775599302679
1295695504882294785,positive,0.7091390451292086
1295695505373237250,negative,6.569537935209188e-05
1295695505868103680,negative,0.1336690851601187
1295695505939410946,negative,0.12601313751072224
1295695506639925250,negative,0.0001709037216081674
1295695509039058946,negative,0.01325874942621394
1295695509215207424,positive,0.8508357203600186
1295695509911482368,positive,0.7283649342587287
1295695510662193152,negative,6.0880798353042644e-05
1295695512323194880,negative,0.003658190668298629
1295695512574795777,negative,0.0005207109971164184
1295695514223013889,negative,0.012635600115458955
1295695514512642051,negative,0.12601313751072224
1295695514743300101,neutral,0.4215559435071324
1295695514793586688,negative,0.12601313751072224
1295695515481300993,negative,8.657684844413725e-05
1295695515682852865,negative,0.11887281031159908
1295695516752326656,negative,1.4769928507775177e-05
1295695516836212737,negative,0.03555762238773833
1295695516836270080,negative,0.12601313751072224
1295695516869722112,neutral,0.5146144971132498
1295695516873961474,positive,0.8851615015859414
1295695517587050497,negative,0.0625932855156542
1295695518325235713,negative,0.12601313751072224
1295695520749563906,neutral,0.3821571958457934
1295695520866938882,negative,9.186278410072847e-05
1295695520908943361,negative,0.010320231446011024
1295695520963465216,negative,0.019901934905204827
1295695522188144641,negative,0.03797852148678085
1295695522410516480,negative,3.314886641772634e-05
1295695522821541889,negative,1.3154358959154792e-05
1295695525031927808,negative,0.0061246493048689185
1295695525300318210,negative,8.60298934714149e-07
1295695525422010368,neutral,0.3380731292468521
1295695525929349122,negative,0.0012238334958247366
1295695526780903424,negative,0.0016726607585559445
1295695527389073408,positive,0.978342543989653
1295695529091964928,negative,9.144623511748049e-05
1295695529578553345,negative,1.3172070075965035e-05
1295695530190929920,negative,0.03135431427877863
1295695530362904577,negative,8.657684844413725e-05
1295695532053139459,negative,0.14364185390983958
1295695532606631936,negative,0.007461233439279354
1295695533726720000,negative,0.0005207109971164184
1295695533999296512,positive,0.9960074632693179
1295695534477451264,negative,0.2029615144872654
1295695534557143043,negative,0.0027652069923277743
1295695535014371328,negative,0.024960699497228598
1295695535282827265,negative,0.002657136583535468
1295695535983271937,neutral,0.43612039806852576
1295695536251645952,negative,0.00010105005016432953
1295695536260034560,negative,0.20113130175671473
1295695538696982530,negative,9.403755701127903e-05
1295695539271589888,neutral,0.6563131832915976
1295695539749752832,positive,0.6792494575444393
1295695539770728449,neutral,0.5732367557321649
1295695541712683009,negative,0.1118889111901202
1295695542203428870,negative,0.17632601764987182
1295695542954143747,negative,0.006100314913498225
1295695543352602624,negative,0.004735179607920581
1295695543675625473,negative,7.322592154147889e-05
1295695544279535617,negative,0.00012760254668681871
1295695544480870400,neutral,0.4201497068539103
1295695546401927169,negative,1.6068548022717642e-12
1295695547232387072,negative,0.01661503369708779
1295695547848970240,negative,0.12601313751072224
1295695547966328833,negative,0.013118210465193894
1295695550076129282,negative,0.016810541074748334
1295695550118088705,neutral,0.4254633873928329
1295695550814224385,negative,2.86839422984461e-09
1295695550969450502,negative,0.00025904746119073126
1295695551850307585,negative,0.31820487300311295
1295695551917428743,negative,0.12601313751072224
1295695551988666370,negative,0.32774664998481645
1295695552651427840,negative,1.0632289787665309e-12
1295695554513645568,negative,1.9646103334123537e-06
1295695555935567872,negative,0.06853349609388013
1295695556208205830,negative,0.024405456238622735
1295695557248323584,negative,0.03302965250828128
1295695558594699265,negative,6.422240027286571e-05
1295695558762541057,negative,0.03734775599302679
1295695558770937856,negative,0.019901934905204827
1295695558909276160,negative,0.0013145473590628152
1295695559307800579,negative,0.006830567305835134
1295695559500718080,negative,0.02132099595582579
1295695560264036352,negative,0.001640735659542853
1295695560712818689,negative,0.02530030887967354
1295695560922603520,negative,0.12601313751072224
1295695562755506178,neutral,0.49789225920557484
1295695562919030785,neutral,0.5118605533127536
1295695562994589697,negative,0.03957686157108606
1295695564575842304,negative,0.0002950035274722003
1295695564689092609,negative,0.0008858895329875235
1295695565125287942,neutral,0.5980440068996524
1295695565385347074,neutral,0.3437102378220017
1295695566995890182,negative,0.0004989025182391388
1295695567058763781,negative,0.1441173872269608
1295695567222444032,negative,2.6087038592021024e-05
1295695567373455361,negative,4.130281525384858e-15
1295695567797002241,negative,0.044051357276136495
1295695568405135360,negative,0.023375664249609268
1295695568686260224,negative,7.664109598963273e-06
1295695568732381184,negative,1.3222144544916988e-06
1295695569248071680,negative,0.14313291750544455
1295695571181764608,negative,0.22946348594270183
1295695571584528387,neutral,0.49743493899739033
1295695571802566656,negative,8.927824018157378e-06
1295695572184244227,negative,0.05774420246377149
1295695572310130688,negative,0.0074543887530357155
1295695573706776576,negative,0.11594547425212554
1295695574046576641,negative,0.012314000692267466
1295695574365331461,negative,0.031070038581693243
1295695575627767808,negative,0.003126273623426175
1295695575690731520,neutral,0.40820399930221624
1295695575703269377,negative,0.001947762946201267
1295695575900397568,negative,0.020756289013948888
1295695575992750081,neutral,0.4740134798084637
1295695576332410881,neutral,0.49789225920557484
1295695576378507264,neutral,0.5344029679637843
1295695576462503938,positive,0.7177408255309699
1295695577041305603,negative,0.0010391131602780004
1295695579415281665,neutral,0.5949070813344741
1295695580975566850,negative,0.13296828739358688
1295695581822832640,negative,0.03734775599302679
1295695582208679937,positive,0.8768196981848377
1295695582422589442,negative,2.680591821559064e-11
1295695582745501700,neutral,0.5536191970234094
1295695584410636288,negative,0.05778564844841696
1295695584855195650,negative,0.00011920047949049027
1295695585190666242,negative,0.0027371390789015476
1295695585253527555,negative,0.07962720699289316
1295695585270468608,negative,0.12601313751072224
1295695585308286976,negative,2.4162165402845185e-08
1295695585857732609,negative,0.03669135265188776
1295695586658836480,negative,0.008051939801989316
1295695588261060608,negative,0.01981185236540945
1295695588332384257,negative,0.17969662739490969
1295695588936298496,neutral,0.6510058072737261
1295695589334831106,negative,1.2986560984810305e-08
1295695589867507713,negative,0.0430101816775751
1295695589972353024,neutral,0.5056162179407367
1295695592371486722,negative,0.08007641557858117
1295695592530817024,negative,0.03957686157108606
1295695592585297920,negative,0.06377054157198513
1295695592799309826,negative,0.12601313751072224
1295695593134682112,negative,0.12601313751072224
1295695593206165504,negative,0.12601313751072224
1295695593222877186,negative,0.004523101297113272
1295695594502094852,negative,0.12601313751072224
1295695594510589953,negative,0.2512242327566499
1295695594607042566,negative,0.00018165554581156722
1295695596297347073,negative,0.0011908232097848322
1295695596490297346,positive,0.8592695784025288
1295695596616114177,negative,0.21021711587454064
1295695596716797952,negative,0.012383398250971732
1295695597496827904,negative,0.026632575582824065
1295695597505323013,negative,0.00019851015813620367
1295695598100848640,negative,0.0015645295878872025
1295695598566420487,negative,0.05495648329772498
1295695598574764032,negative,0.0011938802422112786
1295695601162768384,negative,0.06747121611459704
1295695601343049728,negative,0.0017851008275454312
1295695601405964288,negative,0.12601313751072224
1295695602504937472,negative,0.07384998773891442
1295695602593009665,positive,0.9973650369537395
1295695602827878406,negative,0.0009677493191237991
1295695602911780864,negative,0.001150404241661264
1295695605201801216,negative,0.1808482412859558
1295695605315108864,negative,0.03302965250828128
1295695605705121792,negative,0.10526319886508102
1295695606007111680,negative,0.05843131106794269
1295695606799831040,neutral,0.37874993579954885
1295695607533903873,negative,0.12601313751072224
1295695608813166593,negative,0.00021568262034992093
1295695609173860353,negative,4.509278316776111e-05
1295695609484251136,negative,0.007383138017639642
1295695609706491906,negative,0.03957686157108606
1295695610029514752,negative,0.12601313751072224
1295695610352480256,negative,0.15790496696334008
1295695613317742592,negative,0.12601313751072224
1295695613619732482,negative,0.019014702882922403
1295695614181859328,negative,0.02545445313493427
1295695615540723714,negative,0.027198082472619935
1295695615549218816,negative,1.0708997805531267e-05
1295695617109430273,negative,0.23339683167154027
1295695617352769537,negative,1.7772333797832801e-06
1295695618061537281,negative,0.019901934905204827
1295695618099294208,negative,1.9165166767589908e-07
1295695619097538560,negative,0.06747121611459704
1295695619344957441,negative,0.008618234305968434
1295695619768582144,negative,1.3475308716055106e-07
1295695619869347841,negative,0.0002047870926257499
1295695619923881984,negative,0.12601313751072224
1295695621769367553,negative,0.003120314493133608
1295695623023460352,negative,0.2677651204054746
1295695623744888833,negative,2.6377507074478755e-07
1295695623879036928,negative,0.001150404241661264
1295695625766539270,positive,0.9118049193492904
1295695626034974720,negative,0.004594812194422551
1295695626404061184,negative,0.04505628578148248
1295695627628589062,negative,0.001143248545912074
1295695628274733064,negative,0.0017402149048634386
1295695628354424832,negative,0.0002625637244123595
1295695629948276740,negative,0.292400617981811
1295695630032146433,negative,0.05774420246377149
1295695630304784385,negative,0.07039115002182492
1295695630522867712,negative,1.2949847717599433e-05
1295695630648606726,negative,0.11888264431085406
1295695631256870913,positive,0.9477995601449292
1295695632653574144,negative,2.3418699877331616e-09
1295695634629042181,negative,0.12601313751072224
1295695635446890500,negative,0.07615459294080293
1295695635514109954,negative,0.004316169404615848
1295695635627282432,negative,0.12601313751072224
1295695636067684354,negative,0.010037349721627073
1295695636382330880,negative,0.013038079720524051
1295695636420014083,negative,0.07039115002182492
1295695638458499072,negative,0.012395618865407595
1295695638500462592,negative,0.03477891491735291
1295695639024721921,negative,0.031393895097719345
1295695639397965824,negative,0.001240814962155188
1295695639909740545,positive,0.9527619688681364
1295695640123576320,negative,2.7576915926557836e-05
1295695640517914624,negative,0.12601313751072224
1295695641067368449,negative,0.12601313751072224
1295695641369284608,negative,0.00028696207194974194
1295695641503567873,negative,0.31798292558120406
1295695642350759937,negative,4.689034725199209e-07
1295695642606612480,negative,0.02772390927145949
1295695643764236288,neutral,0.33618804379693296
1295695645089697795,positive,0.6792494575444393
1295695645135843329,neutral,0.39094844848026
1295695645257408512,negative,0.03135431427877863
1295695647140716546,negative,0.0015645295878872025
1295695647451078656,negative,0.002141626713702949
1295695647920852993,negative,2.2450777015509443e-07
1295695648067551234,negative,0.011749189805757905
1295695648075939841,neutral,0.4020383545323593
1295695648084434944,negative,0.1730746230786644
1295695648961040386,negative,0.01288881408222828
1295695649049108482,negative,0.0013422869196148164
1295695650701619201,negative,0.041377207314524975
1295695650932363264,neutral,0.5288636399463092
1295695651448205312,positive,0.9477995601449292
1295695652085739525,negative,5.0973831485084806e-05
1295695652123443200,negative,0.0018784919840575279
1295695652207431683,negative,1.53693455525649e-10
1295695652551262208,negative,0.01021730787635008
1295695652903628800,negative,0.019901934905204827
1295695652962422784,negative,0.317955616456911
1295695653230739457,negative,0.005105476252448527
1295695655084621831,negative,1.787613516492282e-05
1295695655478886401,negative,0.0037940593498939643
1295695655911010304,negative,0.019901934905204827
1295695656804331525,negative,0.001210193830614999
1295695657391489024,negative,0.11844453614665748
1295695659736207360,neutral,0.3845928729314734
1295695660268879873,negative,4.829401365958685e-10
1295695660361166848,negative,0.0017278084595822715
1295695660885381121,negative,0.008443710401535461
1295695661485170688,negative,0.00017437477402292841
1295695662072430592,negative,0.12601313751072224
1295695662131171328,neutral,0.5475385610968239
1295695663896944640,negative,0.12601313751072224
1295695664538624006,negative,1.6341092615540585e-10
1295695668602908679,negative,0.0005207109971164184
1295695669118803968,negative,0.00011706970378355754
1295695669165002752,negative,0.010732304180412218
1295695669349548032,negative,0.01520039634523802
1295695669408272384,negative,0.0005207109971164184
1295695669651558403,negative,0.10954204025941133
1295695670012194817,negative,1.4976252542140145e-06
1295695670125514752,positive,0.9999969797138556
1295695672142962688,negative,0.018075472935833604
1295695672436494338,negative,6.154094061731032e-05
1295695672780435456,negative,0.00010105005016432953
1295695672826564609,negative,0.0063358461189960535
1295695673283809281,neutral,0.5344029679637843
1295695673434800128,negative,0.07068105848647452
1295695673707429890,negative,0.22408391551629084
1295695673808093186,negative,0.011371536734215714
1295695676039405568,positive,0.8538577179372145
1295695676291063813,negative,0.0640684380712531
1295695676374949888,negative,2.229013806241024e-08
1295695676630872065,negative,0.000471929350185082
1295695677306142721,negative,0.05784351897484676
1295695677444562944,negative,8.455581011018058e-08
1295695678300135424,negative,0.0005207109971164184
1295695678824423424,negative,0.017790993587865806
1295695680204410880,negative,0.12601313751072224
1295695680997150720,negative,0.03329967069360357
1295695681093545984,neutral,0.3469095058661654
1295695681626107905,positive,0.8023475604602576
1295695681802375168,negative,0.014209273197050518
1295695684822274048,negative,1.0825897597371955e-06
1295695685031989248,negative,0.10873084537464295
1295695685434650624,negative,0.0318622026778533
1295695685711519751,negative,0.0009309096130113586
1295695686118318082,negative,1.982103387971701e-14
1295695686411997184,negative,5.929974285857408e-06
1295695686424498177,negative,9.76610402004934e-06
1295695686718099463,negative,0.004084114521403623
1295695689599647746,negative,0.12601313751072224
1295695689725489153,negative,0.0003198723087992487
1295695689884864514,neutral,0.6019997306018716
1295695690258161666,negative,0.026712610815796057
1295695690283220994,negative,0.12601313751072224
1295695690291646469,positive,0.8235461092081185
1295695690417438720,negative,0.2583396599417602
1295695690627244035,negative,0.0005207109971164184
1295695690761474048,neutral,0.5298088284838488
1295695690824376320,negative,0.00010466739779759905
1295695692565032967,negative,0.0985518803030955
1295695693147930624,negative,0.19242953053328857
1295695693177389058,negative,0.021597468805320055
1295695693345153025,negative,0.0014887306769194827
1295695693500293122,negative,1.686179336173349e-05
1295695695102476288,negative,1.1642419382393052e-05
1295695696276922368,negative,0.014680187541276389
1295695696709001229,negative,0.0023204566357547217
1295695696952262656,negative,0.07574144661667324
1295695697052872704,negative,0.012794336949919475
1295695697409384449,negative,0.0004734185438228526
1295695697426165761,neutral,0.5475385610968239
1295695697505914882,negative,0.09437416427174024
1295695697719762945,negative,0.04295499722900272
1295695698269282307,negative,0.25532699878966847
1295695698298572801,negative,0.0007516808755897104
1295695698495770625,negative,0.019014702882922403
1295695698726400001,negative,0.050316077703804175
1295695699187773442,negative,0.08755118420002257
1295695701226094593,negative,0.17528600620073354
1295695701402255360,negative,0.18179851570829442
1295695701414993921,neutral,0.5374478655040366
1295695701473734657,positive,0.8681260558433355
1295695701838618625,positive,0.9780210375057236
1295695702253694976,neutral,0.4412034357541848
1295695702325108743,negative,0.030645485316294407
1295695702677434368,negative,0.0009222935252789681
1295695702778097664,neutral,0.3660802534628771
1295695705655382017,negative,0.006659298077747301
1295695705928065025,negative,0.11888264431085406
1295695706221686790,negative,0.12601313751072224
1295695707110813696,negative,0.023453718298915776
1295695709052850182,neutral,0.3331649605206095
1295695709644226561,negative,0.0007354826151121888
1295695709841260544,negative,0.02132099595582579
1295695710030004227,negative,0.00044767138234710294
1295695710181101570,negative,0.00010105005016432953
1295695710621499393,negative,0.12601313751072224
1295695710676033536,neutral,0.41901263796461236
1295695710701019136,negative,0.001223292964787888
1295695710789214209,negative,0.0625932855156542
1295695710805987328,negative,0.10048846400266408
1295695711351250944,negative,0.008695209699262558
1295695714543173632,negative,0.12601313751072224
1295695714819997696,neutral,0.37874993579954885
1295695715981758464,negative,0.0006122143214708026
1295695718137696256,neutral,0.6179218016796508
1295695718213189634,negative,0.0025311242541306046
1295695718993268737,negative,1.8088188086353651e-06
1295695719282679808,negative,1.3290059832167561e-05
1295695720004100096,negative,0.11218045315613208
1295695720276791302,neutral,0.5036662932263125
1295695720570327047,negative,0.0007811723832325936
1295695722172514308,negative,0.30826367174345776
1295695722671742976,negative,0.02132099595582579
1295695726232645632,negative,0.0009222935252789681
1295695726836621313,negative,0.0006388094162297595
1295695727247667200,negative,0.029094994177504198
1295695727390347265,negative,0.0003136892478963506
1295695727507779586,negative,0.09016400970450879
1295695728308887558,negative,0.019668421448735866
1295695728375926786,negative,0.004053118679355682
1295695730556928002,negative,0.11402887146532856
1295695732473827329,positive,0.6634765676318548
1295695732964569091,negative,0.03734775599302679
1295695734889734144,negative,0.0009645445931260158
1295695735422418947,positive,0.6824837810859113
1295695735820890112,negative,0.0020834233869462602
1295695736659759107,negative,0.0020323750193468083
1295695737737576455,negative,1.087091841338e-05
1295695739037855745,negative,0.05697543733620819
1295695739088240640,negative,0.0023043065185054216
1295695739184656384,positive,0.7200857080475788
1295695739503497216,negative,0.009391979179757036
1295695739805405185,negative,3.25722101444236e-05
1295695740547850240,negative,0.0005289157514890962
1295695740883423235,negative,0.002255421561769062
1295695741072089090,negative,2.23420204319231e-06
1295695741130874883,negative,0.0005207109971164184
1295695741491576832,negative,1.2861574313822617e-05
1295695743483883520,neutral,0.41901263796461236
1295695744087871488,negative,0.02647255703942123
1295695744884768768,negative,0.12601313751072224
1295695745325113344,negative,0.0012643754658529468
1295695747753500672,negative,0.00010105005016432953
1295695748085030914,negative,3.83246329034382e-06
1295695748793872384,negative,0.2690283462402911
1295695749712416769,negative,0.2207058397378527
1295695749729193985,negative,0.12601313751072224
1295695750026993664,negative,0.0005207109971164184
1295695750098231296,negative,0.01981185236540945
1295695751989866496,negative,0.006299536341905953
1295695752027660288,negative,0.0002795797268094516
1295695753294352390,neutral,0.5498976994973213
1295695753780887553,negative,0.001959411975622195
1295695753814380545,negative,0.0327531082215405
1295695754187747329,negative,0.0012075376530097464
1295695754279948292,negative,0.12601313751072224
1295695754514792448,negative,0.0826378334987464
1295695755722788867,positive,0.9218247465752142
1295695755903213569,neutral,0.48263262097311915
1295695756423245824,negative,3.787040975575706e-13
1295695756473643008,positive,0.9664775276391212
1295695757731942402,negative,0.000654189324583976
1295695759845851137,negative,5.157128544476796e-06
1295695760370085889,positive,0.9999971171092656
1295695760865071104,neutral,0.37111150485659405
1295695761053712384,negative,0.28765671436076024
1295695761682857985,negative,0.006830567305835134
1295695762081419265,negative,0.02921140475215818
1295695762270101505,negative,0.2583396599417602
1295695762349858822,negative,0.07459785508821828
1295695762530152448,negative,2.336347454480333e-09
1295695763826249729,negative,0.019901934905204827
1295695765445189634,negative,0.12601313751072224
1295695766120476672,negative,0.04541324580731029
1295695766409732098,negative,0.0003146503927633664
1295695768280600576,negative,3.237000014419831e-07
1295695768645521408,negative,0.00013588788282992902
1295695768666480640,negative,0.009933758058074216
1295695768750235648,negative,0.01002079897796306
1295695768905486336,negative,0.004523101297113272
1295695769006211072,negative,0.00488860021618722
1295695769253617664,neutral,0.33440212514266987
1295695769547075590,negative,0.0005207109971164184
1295695772428767232,negative,3.793509434830172e-06
1295695772856528898,negative,3.149228221673432e-05
1295695772973965313,negative,0.00015156097491663485
1295695773762498562,negative,0.02132099595582579
1295695773984841730,negative,0.19199441198053255
1295695774446161921,negative,0.0019495128710215776
1295695774542467072,negative,0.12601313751072224
1295695774815334400,neutral,0.49789225920557484
1295695777222873096,negative,0.01224492215500316
1295695777503883266,negative,5.929974285857408e-06
1295695777629638656,negative,0.1326223138840455
1295695778065899520,negative,0.14060085856841273
1295695778829172736,negative,0.019901934905204827
1295695781417058310,negative,0.006515497784147753
1295695781631008770,negative,0.12601313751072224
1295695782092460034,negative,0.0600101272615417
1295695782381785089,negative,0.03957686157108606
1295695782654418946,neutral,0.5374478655040366
1295695782805491713,negative,0.0008885083237630975
1295695782906146816,negative,0.034365340080358645
1295695782922903552,neutral,0.3838686286022716
1295695783577124875,negative,0.26937806627872074
1295695785049362433,negative,0.18158034506993168
1295695785523392514,negative,0.12601313751072224
1295695785544364032,negative,0.0018489038645729556
1295695785590501376,negative,0.018082834063523467
1295695786076930048,negative,0.0026089728242214678
1295695786152464387,negative,7.430049722339139e-08
1295695786416775169,neutral,0.33440212514266987
1295695786542604294,negative,0.06314789221532968
1295695786953650177,negative,0.019963440746902827
1295695787247181824,negative,0.13449786664433144
1295695787263959040,negative,1.2684936211195168e-05
1295695787859611650,negative,0.00011878864516568124
1295695789319245825,negative,6.0880798353042644e-05
1295695790028001280,negative,0.01325874942621394
1295695790195781632,negative,0.00010985552966416771
1295695791387037696,neutral,0.5410702560054874
1295695791491887104,negative,0.001150404241661264
1295695793421246465,negative,0.0001631320351968574
1295695793593233410,neutral,0.3935582849625777
1295695794050400263,negative,0.07162066540347119
1295695794348187649,negative,0.06227944565466594
1295695794750857216,negative,0.04604255386764733
1295695795094683649,neutral,0.6148808531222071
1295695796030124039,negative,9.38209634834186e-05
1295695797762301952,negative,0.03302965250828128
1295695798387314694,negative,0.04527665282732278
1295695798915792897,negative,0.23649811240819985
1295695798987038720,neutral,0.6228445552952256
1295695799247044611,negative,0.0032533681489490627
1295695799502995457,negative,0.00433312607362336
1295695801864335360,neutral,0.33440212514266987
1295695803890184192,negative,0.2993072576626682
1295695804070592512,negative,0.006631638814742494
1295695804112474112,negative,0.043282282779079355
1295695804456472576,negative,5.671163866408753e-05
1295695806578561024,neutral,0.49789225920557484
1295695806721339392,negative,8.657684844413725e-05
1295695806968795137,neutral,0.5288636399463092
1295695807509868544,neutral,0.3438159948065724
1295695807866232832,negative,0.08007641557858117
1295695808097071105,positive,0.9268670315330428
1295695809682509826,negative,0.11325690716020959
1295695810328317952,negative,0.0625932855156542
1295695810391412736,negative,0.22463230117098826
1295695810487820294,negative,0.10336993343039566
1295695811385479168,negative,4.221557097060372e-07
1295695811536355330,negative,0.004053118679355682
1295695811599306755,negative,0.0004211981740700472
1295695811746115586,negative,0.0002047870926257499
1295695812853403648,negative,3.0688077408129795e-06
1295695814417842176,negative,7.608970899166524e-07
1295695814942167041,negative,0.1681366467477358
1295695815307153409,negative,0.13648041298377817
1295695815403421701,negative,0.00022836723437527032
1295695816057851904,positive,0.795941540204789
1295695816066301962,negative,0.03441429977208055
1295695816083083264,negative,0.009500386692580158
1295695816783474694,positive,0.9206013269972066
1295695817332920325,negative,0.00047525237209438613
1295695822831652864,positive,0.7957462336743687
1295695823209213953,negative,0.23721339283699297
1295695823221788672,negative,0.007202535600113991
1295695823968272385,negative,0.06747121611459704
1295695824018702336,negative,0.041688120768642624
1295695824039694336,negative,3.1932377036407975e-09
1295695824152928256,negative,0.01841734174649318
1295695824421347328,negative,0.0527283789152336
1295695825079799809,negative,0.00010105005016432953
1295695825352392704,negative,0.011791452389450587
1295695826950512642,negative,0.00010540108013982607
1295695827550142465,negative,0.004342799245922514
1295695828607217665,negative,0.04936652145708946
1295695829005721600,negative,0.02417962468945904
1295695829467103232,negative,0.05784351897484676
1295695829865553920,negative,0.2388044462969183
1295695829957656576,negative,0.00010105005016432953
1295695830008107009,negative,0.00010105005016432953
1295695831241240576,negative,0.014640049545214298
1295695833250365441,negative,3.189265373720012e-11
1295695834311544833,negative,0.12601313751072224
1295695836442222593,negative,0.12601313751072224
1295695836521861121,negative,0.12601313751072224
1295695836639305730,negative,0.18133794966880634
1295695836878442501,negative,0.12601313751072224
1295695837033529344,negative,0.12772118412427672
1295695837687885826,negative,0.0010956156071764438
1295695838623170562,negative,0.0013880657869445626
1295695839617331200,negative,0.08961506029624784
1295695840917565440,negative,0.0007745359129958626
1295695841458556934,negative,0.00010105005016432953
1295695841508950017,negative,3.129510020506196e-06
1295695841668210689,neutral,0.5734576952979002
1295695841668325377,negative,0.005583492140154206
1295695841714470918,negative,3.750265800303984e-05
1295695842037370881,negative,2.7432978383557768e-08
1295695844570783744,neutral,0.3353500257179539
1295695845250215936,negative,8.927824018157378e-06
1295695845623500801,negative,0.02959739943929172
1295695846466560001,negative,0.006588208639254234
1295695846680301569,negative,0.2013642897553585
1295695847389384704,neutral,0.3519088509504407
1295695847804604418,positive,0.9672296278908608
1295695847959810049,negative,0.0005207109971164184
1295695848945442816,negative,0.17897843598741808
1295695849041911808,negative,0.08007641557858117
1295695849637511175,positive,0.7725210727325712
1295695850086313985,neutral,0.495377779129209
1295695850614796288,negative,0.08007641557858117
1295695854477676545,negative,0.10048846400266408
1295695854955790337,negative,0.051006876849169186
1295695857229139968,neutral,0.6323720940364075
1295695857237594113,negative,0.13449786664433144
1295695857300447233,neutral,0.39373332280730516
1295695857346588674,negative,8.783952234394043e-08
1295695857677991942,neutral,0.5374478655040366
1295695857698955265,negative,0.0055346861822049
1295695858013483008,positive,0.9527619688681364
1295695859225632768,negative,0.12601313751072224
1295695859351527424,negative,1.2312692795016945e-05
1295695859368296451,negative,0.0004989025182391388
1295695861926834176,negative,0.12601313751072224
1295695861960384512,neutral,0.3619451476948216
1295695862274949121,negative,0.024405456238622735
1295695862384009218,negative,8.266453165535831e-06
1295695863512064000,negative,0.17842900555652252
1295695863860416513,negative,0.004594812194422551
1295695864342740993,negative,0.051006876849169186
1295695864846061568,negative,0.317955616456911
1295695865122885632,positive,0.9999995592370942
1295695865152245763,negative,0.12601313751072224
1295695865596841984,negative,0.06706659092826843
1295695865986850816,negative,0.10719143212310221
1295695866922258432,negative,0.3266123976931018
1295695867081449474,negative,0.004342799245922514
1295695867228368896,negative,0.08376611679530784
1295695867249336320,negative,0.02540645471740585
1295695867375161347,negative,0.014640049545214298
1295695868969000965,negative,0.0005685542505035272
1295695869652733953,negative,0.24081627254952076
1295695869996675073,negative,0.12601313751072224
1295695870428676098,neutral,0.3320433216146709
1295695870705491968,negative,0.12601313751072224
1295695871036870657,neutral,0.36440385825114957
1295695871254945792,negative,0.11325690716020959
1295695871301029888,positive,0.6914120073188378
1295695871716347905,neutral,0.41487043792870404
1295695873641533441,negative,0.004033523303736708
1295695873712836610,negative,0.0005707288715266583
1295695874622799875,neutral,0.49789225920557484
1295695874945888256,negative,1.3290059832167561e-05
1295695874958462976,negative,3.4996754702038536e-08
1295695875356991489,negative,0.051006876849169186
1295695875382050816,negative,0.006771865412499295
1295695878519427073,neutral,0.6059243529313615
1295695879555473408,neutral,0.4569437334197048
1295695880218185728,negative,0.004371570519376301
1295695880436285441,negative,0.004631627283949271
1295695881174425600,negative,0.02368001659418267
1295695881476374529,negative,8.418688190818232e-05
1295695881711345664,negative,0.056496391794210295
1295695883300823040,negative,0.1577802935957789
1295695884039139330,negative,0.07071643892574678
1295695884043378689,negative,0.1336690851601187
1295695884076843009,negative,0.05445670601085713
1295695884538261504,negative,0.0032533681489490627
1295695885679177728,negative,0.006830567305835134
1295695885955891200,negative,0.0013422869196148164
1295695886044078082,negative,0.00027822444979168126
1295695886132154371,neutral,0.4332388422326355
1295695886706544641,negative,0.007461233439279354
1295695887293808640,neutral,0.49789225920557484
1295695887683985408,negative,0.0007879400901137973
1295695887746949120,neutral,0.49789225920557484
1295695888329977856,negative,0.044051357276136495
1295695888430530560,negative,0.08429323407524633
1295695889961541633,negative,5.139531455944425e-06
1295695890385182723,negative,0.06755976209626206
1295695890435518470,negative,3.672333710119352e-08
1295695891135967235,negative,0.2071251955952833
1295695891492413441,negative,0.0005707288715266583
1295695892264124416,negative,0.02593185993076953
1295695892599709698,negative,0.04543527778940203
1295695893702889472,negative,0.03982240882284634
1295695894445268993,negative,0.17005949237720505
1295695894755581953,negative,0.00010105005016432953
1295695895716155392,negative,0.020173317304638352
1295695895720275968,negative,3.0439707664671607e-05
1295695895774846978,negative,0.012520618617339968
1295695895846150144,negative,0.006760989876351192
1295695896148090880,negative,3.0625344110125545e-05
1295695898375323649,negative,0.22463230117098826
1295695898698297346,negative,0.0010596394011173874
1295695899440676864,negative,0.010113815134571876
1295695899470036992,positive,0.8904241196117874
1295695899570704387,negative,0.11325690716020959
1295695899616784384,neutral,0.3996580091506196
1295695899960774658,neutral,0.49789225920557484
1295695900510126082,negative,0.12601313751072224
1295695900749312002,negative,0.02585214819514632
1295695903131566081,negative,0.00011920047949049027
1295695903156834305,negative,0.0027371390789015476
1295695903223959555,negative,0.12601313751072224
1295695903836246016,negative,0.11888264431085406
1295695904230563840,negative,0.0003920536283369973
1295695904725520386,negative,0.0007775547174350784
1295695906667462656,negative,0.014471986175349517
1295695906717814784,negative,0.006631638814742494
1295695906797428737,negative,1.4976252542140145e-06
1295695908143804416,negative,0.00010166766285333811
1295695908571688960,negative,1.5373558561223693e-08
1295695908928094210,negative,0.004139388705274514
1295695909825716224,negative,0.014905447712904824
1295695910773587979,negative,0.11887281031159908
1295695911000190977,negative,0.00015346569853918462
1295695911444787200,negative,0.15937283740970318
1295695911809699845,negative,0.02130871213589824
1295695912040198150,negative,4.1028636101465224e-05
1295695914569535489,negative,0.07974951323224949
1295695915030806530,negative,0.021963674448664774
1295695915089633281,negative,0.007503747480903371
1295695915165134848,negative,0.006201192931730067
1295695915534229504,negative,0.1516090625394908
1295695915550937088,negative,1.0621335356763287e-08
1295695915785883648,negative,0.019901934905204827
1295695916481953794,negative,0.07039115002182492
1295695916922437633,negative,0.12601313751072224
1295695916947640320,negative,0.00012803279689314805
1295695919384600578,positive,0.9960074632693179
1295695920001163264,negative,0.15622904195160636
1295695920152162304,negative,0.00051617285162906
1295695921217449985,negative,0.03408801309174518
1295695921313976321,negative,0.007461233439279354
1295695921796263937,negative,0.0032533681489490627
1295695922328895490,negative,0.06068361963843402
1295695922404433920,negative,0.14234980215043655
1295695923620777986,negative,0.019639234042405317
1295695923973173248,negative,0.024405456238622735
1295695924350550016,negative,7.752480450362732e-06
1295695925470547975,negative,0.13216781798733543
1295695925881511936,negative,0.12601313751072224
1295695929501200384,negative,2.1751507208047918e-11
1295695932869226496,negative,0.09116861264378451
1295695932923817984,neutral,0.4227387666139633
1295695933016092673,negative,0.004316169404615848
1295695933284519936,negative,0.002085199158635096
1295695933540388870,negative,0.0507568439576558
1295695933737402373,negative,0.13686895833838622
1295695933838172162,negative,0.10923838763276379
1295695934651801600,positive,0.971233908895432
1295695936023334916,negative,1.4366705654122765e-05
1295695936153321472,negative,0.2512242327566499
1295695936216346630,negative,0.15317405554575128
1295695936811917312,negative,0.11888264431085406
1295695938044997632,negative,0.00010105005016432953
1295695940532293633,negative,0.08724192698469219
1295695940855226369,negative,0.12601313751072224
1295695940989399040,negative,0.03957686157108606
1295695941681451008,negative,0.1774636233297354
1295695941689905154,negative,0.001253433207592943
1295695942247690242,negative,0.0032533681489490627
1295695942314852353,negative,8.706288763430071e-05
1295695942448844800,negative,2.461320430276018e-06
1295695942553702400,negative,0.013572216723144764
1295695942583287808,negative,0.0020834233869462602
1295695942876880896,negative,0.23649811240819985
1295695943237599234,negative,0.12601313751072224
1295695944529391616,negative,0.18133794966880634
1295695944818860032,negative,0.00014779249629750258
1295695944827260931,negative,0.015128080165468129
1295695944890163200,negative,0.2583396599417602
1295695945062064128,negative,0.025054689733965654
1295695945095667712,negative,0.024405456238622735
1295695945708036096,negative,0.022223357112360245
1295695945909313538,negative,0.15331241043057187
1295695946043535366,positive,0.9999972905727971
1295695946488127488,negative,0.012723223352748777
1295695948686012417,neutral,0.43612039806852576
1295695948816031744,negative,0.12601313751072224
1295695948933484547,positive,0.978342543989653
1295695949134782469,neutral,0.49789225920557484
1295695949839380480,negative,0.17034904225275876
1295695949994635268,negative,0.06251426654054333
1295695950644682752,negative,0.009545763589608184
1295695952628420608,negative,2.355634892325637e-05
1295695952750301186,negative,0.050138502724946084
1295695952888639488,negative,4.497371384963775e-07
1295695952934830080,negative,8.750409751774793e-06
1295695953140363265,negative,0.022172845783359707
1295695953953845251,negative,0.014085684887026698
1295695954197217286,negative,0.064300734899737
1295695954197327872,negative,0.01325874942621394
1295695957032673280,negative,6.072438645979424e-06
1295695957171019777,negative,0.00024621912790476246
1295695957879934976,negative,0.007374727725956507
1295695958123130880,negative,0.025054689733965654
1295695958307737600,neutral,0.41901263796461236
1295695958370668545,negative,0.12601313751072224
1295695959205261313,negative,0.02132099595582579
1295695959389876224,neutral,0.37874993579954885
1295695961684148224,negative,0.0027371390789015476
1295695961864441858,negative,0.10886634654411638
1295695962162302976,negative,0.006976363322136707
1295695962363633665,negative,1.8088188086353651e-06
1295695962468257793,neutral,0.3565117380878424
1295695962606841856,negative,0.017590991676210307
1295695962925608960,negative,0.29676789564387285
1295695963151990785,negative,0.17528600620073354
1295695963286310913,negative,6.896447350684292e-06
1295695963588366336,negative,8.657684844413725e-05
1295695965396099072,negative,0.008000223089852085
1295695965727465475,neutral,0.6200590102455651
1295695965752451072,negative,0.19558220656827022
1295695966188773379,negative,0.32774664998481645
1295695966193025025,negative,0.12601313751072224
1295695966214008833,negative,8.418688190818232e-05
1295695966243360769,negative,0.004421814744146506
1295695966616657926,negative,0.004346223592228677
1295695966977261568,negative,0.12601313751072224
1295695967925272578,negative,0.12601313751072224
1295695968004968450,negative,0.03880961937540274
1295695969275658240,neutral,0.46313866204890203
1295695969569460226,negative,0.0005705315692521823
1295695970089480192,negative,0.14150261258471838
1295695971133923328,negative,0.03957686157108606
1295695971523928065,negative,0.07502337401936078
1295695972094423050,negative,0.0037007295488750373
1295695972119576576,negative,0.12601313751072224
1295695972656467969,negative,0.02710320016702004
1295695974229323779,neutral,0.43943076844245366
1295695974371926016,negative,0.06902206976821215
1295695974459899904,negative,0.001150404241661264
1295695975001010179,negative,0.12601313751072224
1295695975256928256,negative,6.0880798353042644e-05
1295695975823048704,negative,0.006284601273765245
1295695975990931456,negative,0.0006429075520634192
1295695976032854017,negative,3.4647266327600135e-08
1295695977979011075,neutral,0.6563131832915976
1295695978121617412,negative,0.007461233439279354
1295695978230579201,negative,0.020173317304638352
1295695979103105025,negative,0.03174486838125316
1295695979660881921,negative,0.0004692367915139291
1295695980411662336,neutral,0.4820345424003722
1295695982211018752,negative,0.12601313751072224
1295695982668259330,negative,0.0075130361079723046
1295695982676578305,neutral,0.6563131832915976
1295695982928244736,negative,0.0009480852778041061
1295695983435816965,negative,0.015983759857438076
1295695984375279616,negative,0.0009309096130113586
1295695986547920897,negative,0.0001568205364054759
1295695987156094977,positive,0.6634808066654354
1295695987877568513,negative,0.01943786463375533
1295695988573732865,neutral,0.46364466503952073
1295695988632543232,negative,0.12601313751072224
1295695988972302341,negative,0.0069085090359168435
1295695991325286400,negative,0.009200262530411557
1295695991371452416,neutral,0.49789225920557484
1295695991384035329,negative,4.22530836405955e-05
1295695992155766785,positive,0.9998893383237237
1295695992973660165,negative,0.001005457773570323
1295695993925582848,negative,0.007461233439279354
1295695994764615688,negative,0.10923838763276379
1295695995381063683,negative,0.20081843170922334
1295695995544764422,positive,0.940872614194551
1295695995918057472,negative,0.017178444783900387
1295695996266176513,negative,0.30419449810868154
1295695996450635776,negative,3.31407151046316e-05
1295695996564000768,negative,0.04527665282732278
1295695998891810816,negative,0.12601313751072224
1295696000116494337,negative,0.012794336949919475
1295696000712146945,negative,6.813095405686135e-06
1295696001676779521,positive,0.9999971171092656
1295696003203510273,negative,0.0033881428116650106
1295696003560079361,negative,0.12601313751072224
1295696004071784448,negative,0.0004692367915139291
1295696004117925890,negative,0.019901934905204827
1295696005170634752,negative,0.0005207109971164184
1295696005304918018,negative,2.7576915926557836e-05
1295696005934067712,neutral,0.4740134798084637
1295696007427170304,negative,4.749338566166752e-05
1295696007536218113,negative,4.422539541477683e-06
1295696007687294978,negative,0.05664563319994201
1295696007934742529,neutral,0.5533970533999424
1295696009419464709,negative,0.05774420246377149
1295696012045094912,negative,0.016393079289107666
1295696013039214592,positive,0.9477995601449292
1295696016675610626,negative,0.0002362839713359226
1295696016763576320,negative,0.020451927637915826
1295696016780468225,negative,0.061588054418535924
1295696016855961605,negative,0.0011096579465806654
1295696018001080321,neutral,0.35323375547404484
1295696018017865728,negative,4.422539541477683e-06
1295696018315579392,negative,0.0009707197896755384
1295696020614139904,negative,0.14234980215043655
1295696020886757376,negative,1.550840844094891e-11
1295696020890963968,negative,0.12601313751072224
1295696022186930179,neutral,0.49789225920557484
1295696022233133061,negative,0.085374508322731
1295696022337921025,negative,0.012423018378087515
1295696024640671744,negative,0.12601313751072224
1295696024955170816,negative,0.002354699755716456
1295696025127198721,neutral,0.49789225920557484
1295696025185918976,negative,0.033991701247790856
1295696025588572168,negative,0.01599126748616937
1295696025986822144,negative,0.12504455580046456
1295696026448338944,positive,0.9508385973872348
1295696026595143681,negative,0.12601313751072224
1295696026695860226,negative,0.03957686157108606
1295696026712645634,negative,0.011475507502873452
1295696028612603904,negative,0.03483307538077289
1295696029896015872,negative,0.0051963408968365874
1295696030361702400,negative,0.1080314881033488
1295696032475619329,negative,0.018075472935833604
1295696032886665216,negative,0.0032533681489490627
1295696032957964288,negative,0.12601313751072224
1295696033419321344,negative,8.048486612579072e-07
1295696034094555144,neutral,0.49789225920557484
1295696034249748486,negative,0.12601313751072224
1295696035478675460,neutral,0.49789225920557484
1295696038226001921,negative,0.08347607138463412
1295696038465077254,negative,0.00020194980698462492
1295696038691581953,neutral,0.6189493602832854
1295696038905499648,negative,0.18180295294117416
1295696038980980737,negative,0.12601313751072224
1295696041250041857,negative,0.06438259375993356
1295696041434587138,negative,0.0015645295878872025
1295696041526939649,negative,0.05991339020560473
1295696041862455297,neutral,0.49789225920557484
1295696042458046464,negative,0.004719774968454664
1295696042579636225,negative,0.004342799245922514
1295696042692882434,negative,8.657684844413725e-05
1295696043296919554,negative,0.006100314913498225
1295696044022550530,negative,0.00010105005016432953
1295696045209464832,negative,0.12601313751072224
1295696045356326913,negative,0.03734775599302679
1295696045477961728,negative,0.0003586937618331647
1295696045863829507,negative,0.03957686157108606
1295696046086074369,positive,0.9998639034999872
1295696046610419713,negative,0.02545445313493427
1295696047273017344,negative,0.0025846820839059087
1295696047499599872,negative,0.045391533342830526
1295696049257013249,negative,2.905204085401752e-06
1295696050137726986,negative,0.06755976209626206
1295696050179760135,negative,0.18454072710626934
1295696050607599618,negative,3.401215947815012e-07
1295696051895259136,negative,0.2537175793800262
1295696052452982785,negative,0.00015346569853918462
1295696052482433030,negative,0.03935964968143302
1295696053488975873,negative,0.019901934905204827
1295696053866500096,negative,0.03957686157108606
1295696053958782977,negative,1.2286358841047912e-05
1295696054164369408,negative,0.06239793320719184
1295696054797709312,negative,0.0008885083237630975
1295696055351336960,neutral,0.5344029679637843
1295696055443632128,negative,3.25722101444236e-05
1295696055938494464,negative,0.17497426042172223
1295696055976308736,negative,0.0016544375600636367
1295696058723586049,negative,0.12601313751072224
1295696059050622976,negative,0.075723219765729
1295696059323297794,negative,0.0031696343284910045
1295696059327557632,negative,0.043861180950654347
1295696059633750017,negative,0.019014702882922403
1295696060761997313,neutral,0.5344029679637843
1295696062028689413,negative,0.003520068242108657
1295696062087299073,positive,0.8632471852174611
1295696062192259073,negative,0.029094994177504198
1295696063630893056,negative,0.1737459313519748
1295696063828054017,neutral,0.6275868126611733
1295696064205463552,neutral,0.5741430315828542
1295696064331296768,negative,0.002522607623392622
1295696064427839488,negative,0.03142212018649078
1295696065103093762,negative,0.016650147465029998
1295696065161646080,negative,0.0015830832955515991
1295696066118127616,negative,0.12601313751072224
1295696066306805760,neutral,0.5112162807618442
1295696067263180801,negative,0.03329967069360357
1295696067326025729,negative,0.031499541138514185
1295696067934199809,negative,0.2968433019756989
1295696068110426114,negative,0.0012742771223985272
1295696068299161600,negative,0.11952741736175551
1295696070211784706,negative,0.02649565525863836
1295696070379474944,negative,2.10017601268106e-09
1295696070425681920,negative,0.00035901565056563144
1295696070710894592,negative,0.018075472935833604
1295696071361011713,negative,0.0022278677470928005
1295696071927246850,negative,0.031393895097719345
1295696072325701632,negative,0.12601313751072224
1295696074989096963,negative,0.016492565903595817
1295696075009880064,negative,0.005286641094448318
1295696076075302912,negative,2.3035584927756156e-12
1295696076494774277,negative,0.24207567319580092
1295696076515704836,neutral,0.49789225920557484
1295696076880609282,negative,0.004631627283949271
1295696076884684800,negative,0.16462388425095179
1295696077425979393,negative,0.009575841597246412
1295696078587809794,negative,0.0020264829264148286
1295696078596120578,negative,0.0962348084370183
1295696078671679488,negative,0.12601313751072224
1295696078830960641,negative,0.03565945797252218
1295696079057453058,negative,0.12601313751072224
1295696079627915266,negative,0.002484121147476496
1295696080110342144,negative,0.02591539513226468
1295696080508788738,negative,0.2512242327566499
1295696080533884933,positive,0.8632538572313383
1295696081184006145,negative,0.00022824862617855718
1295696082719178752,neutral,0.5840250526033519
1295696082895351810,negative,0.019901934905204827
1295696083331547138,negative,0.12601313751072224
1295696083356659718,neutral,0.3992105256172026
1295696083474165761,negative,0.2029615144872654
1295696083776147456,negative,0.02758033977181551
1295696084212289537,negative,0.21413189801957064
1295696084270899200,negative,1.6395967586671367e-05
1295696084677910534,negative,0.017790993587865806
1295696084707299328,negative,0.00011444017129220063
1295696084866498560,negative,0.23721339283699297
1295696086921891847,neutral,0.5144158419199569
1295696087240421380,positive,0.8446963384289382
1295696088226299904,neutral,0.47697210391394973
1295696088314380288,negative,0.12601313751072224
1295696088549253125,negative,0.025383154012361304
1295696088809299969,positive,0.9937179460715294
1295696089484595201,negative,0.00298715316024076
1295696091468509184,negative,0.006934852627921999
1295696092194119680,negative,0.0012244494857551321
1295696092663865347,negative,9.382417536000748e-08
1295696093280428032,negative,7.485090108778328e-10
1295696093423050758,negative,0.0001731737757059785
1295696093704052736,negative,0.03957686157108606
1295696095734124548,neutral,0.6080386821958005
1295696096354807808,negative,0.03865814600099791
1295696096799461377,negative,0.001393904529924647
1295696098112282627,negative,0.10678568651684306
1295696101941616641,negative,0.05065454815485751
1295696102495326210,negative,0.11188730454082446
1295696103262822405,negative,0.011980154462690776
1295696104395354112,negative,0.061073964033087146
1295696104592482305,negative,0.12601313751072224
1295696105796259840,negative,0.0527283789152336
1295696105984925697,negative,0.0057901441154496105
1295696106706403329,negative,0.00011920047949049027
1295696108153430021,negative,0.014162992454384139
1295696109625643009,negative,0.10153886532073596
1295696109856317447,negative,0.007150915092352314
1295696110216937472,negative,0.12601313751072224
1295696110569259008,negative,0.11591685326288977
1295696110716166145,negative,0.31820487300311295
1295696111353683972,negative,1.1910330513740094e-05
1295696111693377538,negative,0.2583396599417602
1295696111798308871,negative,0.2220360001429006
1295696112951623680,negative,0.08078856251918007
1295696113056481280,negative,0.025380238748366014
1295696113417289728,neutral,0.49789225920557484
1295696114017083393,positive,0.7436984765885913
1295696114063036416,negative,0.04274870898572828
1295696114113556480,negative,0.05358577594516053
1295696114126135296,negative,0.0001342432504706996
1295696116797911042,negative,0.024405456238622735
1295696118303657985,negative,0.0018436368372910083
1295696118760734721,negative,0.06172141354405395
1295696119226339328,negative,0.12601313751072224
1295696120572600321,neutral,0.539549516368251
1295696120895635456,negative,7.644355502677621e-06
1295696121763946502,negative,0.0004715555250912071
1295696121814306817,neutral,0.5655425144579154
1295696122246242306,negative,0.09079983210807423
1295696122850279424,neutral,0.46127768308170247
1295696122892230657,negative,0.03935964968143302
1295696122938302465,negative,0.010830949099506021
1295696123215175680,negative,0.0035865450116162475
1295696124557352962,negative,1.7361973022176617e-05
1295696125668794369,negative,8.729055345086805e-05
1295696125832368128,neutral,0.49789225920557484
1295696126595805187,negative,0.10526319886508102
1295696127182938114,negative,0.0003275966929482357
1295696127199764480,negative,0.004341557378295259
1295696127824723969,negative,0.001666204377815562
1295696129120763906,negative,0.0002950035274722003
1295696130030940161,negative,0.12601313751072224
1295696130253225984,negative,3.1932377036407975e-09
1295696130290921473,negative,5.4319937607948345e-08
1295696131142426629,neutral,0.4215559435071324
1295696131163389952,negative,4.316361575399929e-07
1295696131222110209,positive,0.9118049193492904
1295696131289223174,negative,0.000339122222831742
1295696131322793984,negative,0.004346223592228677
1295696131700269062,positive,0.6792494575444393
1295696133130457089,positive,0.9884760243097939
1295696133952610306,negative,0.10923838763276379
1295696134141284354,negative,3.0400904500765727e-10
1295696135340920833,negative,8.037441196272119e-05
1295696135491813376,negative,0.0023204566357547217
1295696135504498688,negative,0.06010559037826602
1295696136259293184,negative,5.6955588109608626e-05
1295696138171973633,negative,0.00029830118134460226
1295696138666999809,negative,8.642381345311069e-12
1295696139765702656,negative,0.10526319886508102
1295696140013383681,negative,0.03669135265188776
1295696140286013440,negative,0.014680187541276389
1295696140365697024,negative,2.6472580416731006e-19
1295696143045791744,negative,0.004717148548311198
1295696143788191745,negative,0.013723030149539605
1295696145746923521,negative,0.18299730410594303
1295696145780559874,positive,0.9999920091283582
1295696145965035520,negative,0.32828155536255615
1295696146078326785,neutral,0.49913462617582977
1295696147588231168,negative,0.12601313751072224
1295696148125155328,negative,0.019014702882922403
1295696148196335618,negative,0.05773495352658892
1295696149878312961,negative,0.0002806540123815497
1295696150071250944,negative,0.06314789221532968
1295696150146711559,negative,0.06861240881076745
1295696150461374464,positive,0.6634765676318548
1295696150595608578,negative,6.219298330796416e-07
1295696150817845249,neutral,0.3996580091506196
1295696151224692737,negative,0.006416541299902507
1295696151509979136,negative,3.0439707664671607e-05
1295696151941918727,positive,0.7577124101978325
1295696152860536833,negative,0.032764500083221355
1295696153040822275,negative,0.024497146896020432
1295696155259674624,negative,0.019901934905204827
1295696155863666689,negative,0.11129600164039419
1295696156643729409,negative,0.013235928243309002
1295696157096648704,negative,0.002146950423868548
1295696157289730048,negative,0.024152130020127942
1295696158032101378,negative,0.0013145473590628152
1295696158355075072,negative,0.006100314913498225
1295696158833152000,negative,0.025151244995946932
1295696159390957568,neutral,0.46127768308170247
1295696159395196928,neutral,0.49789225920557484
1295696159856562176,negative,0.0010391131602780004
1295696160108273666,negative,0.12601313751072224
1295696160250880000,negative,4.5922762298768534e-05
1295696160368123904,negative,0.05939639810599601
1295696160376729600,neutral,0.38822848200859594
1295696162226307078,neutral,0.6193704897111779
1295696162868137985,negative,0.03483587511081818
1295696163795083266,neutral,0.49789225920557484
1295696164587737090,negative,0.001206291773054535
1295696164927475712,negative,0.009501451079747378
1295696167020498947,negative,0.0005003820658617559
1295696168626905088,negative,0.011577013803850641
1295696168660480000,negative,0.031205689783040398
1295696168740171776,negative,0.005012297802542707
1295696168836567041,negative,0.00012349141265122015
1295696169079844864,negative,0.044051357276136495
1295696169205665792,neutral,0.5374478655040366
1295696171562917888,negative,0.03924720654864543
1295696171567128576,neutral,0.49789225920557484
1295696172506656768,negative,9.135704245817513e-05
1295696172573745159,positive,0.9527619688681364
1295696172804444162,negative,0.15317405554575128
1295696172942794752,negative,0.12601313751072224
1295696173341315072,negative,0.0005707288715266583
1295696175866118144,negative,0.14423479092066022
1295696175937576961,negative,2.871319681545404e-10
1295696176210116608,negative,2.494431021763546e-06
1295696177816653825,negative,0.004631627283949271
1295696179611734017,negative,0.08871345432904489
1295696179842383872,negative,3.0439707664671607e-05
1295696180828155905,negative,0.0020937213353131325
1295696181490790400,negative,0.03127101923784089
1295696181658607616,negative,4.942974956202568e-09
1295696183931932677,positive,0.6792494575444393
1295696184070287365,negative,0.0028464838235345608
1295696184833716224,negative,0.0017378858799776198
1295696185127297024,negative,0.024405456238622735
1295696185286512640,negative,1.6790720993342289e-06
1295696185907466243,negative,0.011124306708046535
1295696186163298304,neutral,0.43612039806852576
1295696186419097600,negative,0.014019581498150465
1295696187992035339,negative,0.024888170940219626
1295696188826689536,negative,0.12601313751072224
1295696189015437312,neutral,0.4635476503877262
1295696189434847232,negative,0.08878530653751052
1295696189787119616,negative,1.4364567866130006e-06
1295696193025122305,negative,7.25483751326418e-05
1295696193054539780,negative,0.004346223592228677
1295696193230712834,negative,0.12601313751072224
1295696193423650816,negative,0.0005207109971164184
1295696193658511366,negative,0.0036567862877765383
1295696193742413827,neutral,0.37088021211927064
1295696194014982150,positive,0.6792494575444393
1295696194190979073,negative,0.08294954604275767
1295696194744848387,positive,0.7541490414366273
1295696196045017089,negative,0.23549606811423218
1295696196351209475,negative,0.0038205617106694583
1295696197039075329,negative,0.0837763170250123
1295696197194317824,negative,0.00880295071539415
1295696197345325058,negative,0.006824475937943907
1295696197567623170,positive,0.7197132989779035
1295696197777346567,negative,0.0075130361079723046
1295696198045782018,negative,0.0003136892478963506
1295696199320731650,neutral,0.4894886660404289
1295696200352628736,negative,5.6955588109608626e-05
1295696200453074944,negative,0.12601313751072224
1295696200889507842,negative,0.0009366200643734956
1295696201191432192,negative,0.12601313751072224
1295696201501810688,neutral,0.5115779291322708
1295696201816440835,negative,9.999423670169595e-08
1295696201833156613,positive,0.9999927452472095
1295696201921241095,neutral,0.6563131832915976
1295696202428813313,negative,0.05059258510084579
1295696202558779394,negative,0.008443710401535461
1295696202705637376,negative,0.004249040307281262
1295696202730745857,negative,0.03957686157108606
1295696204211392513,neutral,0.4507454498615163
1295696204572090370,negative,0.12601313751072224
1295696205196996608,negative,0.0685961099561239
1295696205289324544,negative,0.27080060817883433
1295696205377306630,negative,0.2868727985789777
1295696205440327680,negative,0.03669135265188776
1295696205482262529,negative,0.02132099595582579
1295696205792645121,neutral,0.49789225920557484
1295696206262345728,negative,0.009685376192504381
1295696206283313152,neutral,0.5344029679637843
1295696208699301888,negative,0.012794336949919475
1295696209475252228,negative,2.1751507208047918e-11
1295696209647153152,negative,0.10009065629389999
1295696209760464896,neutral,0.5418619636005734
1295696210330882049,negative,0.32522680708957336
1295696210670559233,negative,0.024405456238622735
1295696210708357123,negative,0.06318615365090959
1295696210720772097,negative,0.03447669018425732
1295696210834096136,negative,0.3266123976931018
1295696210838380544,negative,4.684331742364276e-05
1295696210964230145,negative,0.20926325795826467
1295696213073895425,negative,0.2207058397378527
1295696213895974918,neutral,0.6050474040120594
1295696215062073344,neutral,0.5344029679637843
1295696215779217409,negative,0.04137605284192735
1295696215808630784,positive,0.990268750431521
1295696216513302530,negative,0.00736066634506809
1295696217276653568,negative,0.02132099595582579
1295696217305907200,negative,0.051006876849169186
1295696218438475777,negative,0.12601313751072224
1295696218761433094,negative,0.04527665282732278
1295696218811760641,negative,0.23726351990999656
1295696219373817856,negative,0.02545445313493427
1295696219617075201,neutral,0.35037246870997213
1295696221827465216,negative,0.0005207109971164184
1295696222523662337,negative,0.015578842003082191
1295696222595026944,negative,0.006201192931730067
1295696223081508864,negative,2.963728808669904e-05
1295696224146935813,negative,0.001656845473644602
1295696225405198336,negative,0.0005207109971164184
1295696225640108033,negative,0.00033147708280829646
1295696226705342465,negative,7.44809518840345e-12
1295696228034977792,negative,0.0001108823904052373
1295696230576775174,negative,0.23873975807565206
1295696230652112896,negative,0.09180680850559436
1295696231226900481,negative,0.056496391794210295
1295696231243677696,negative,0.012107502224219689
1295696231478562817,negative,0.03135431427877863
1295696232044789761,negative,0.06405231180963164
1295696232183193606,negative,0.19992595846264505
1295696233756073985,negative,8.657684844413725e-05
1295696233776984065,negative,0.0034547102996159568
1295696234003472384,neutral,0.5344029679637843
1295696236348153858,negative,0.12601313751072224
1295696236390088705,negative,0.0030757273227904162
1295696236641755138,negative,0.0008106142227710655
1295696237182832642,negative,0.12601313751072224
1295696238185242628,negative,0.01661503369708779
1295696238289944579,negative,0.0002845308846153342
1295696238474657794,positive,0.9973650369537395
1295696238768263170,neutral,0.4020383545323593
1295696239296753664,negative,0.09880885637562947
1295696239426768897,negative,0.2038387057406938
1295696239468650497,negative,0.019901934905204827
1295696239577706504,negative,0.03957686157108606
1295696239602864129,negative,0.09983025730794967
1295696239833513984,positive,0.9998639034999872
1295696240139816965,negative,0.2920458978982144
1295696240232009729,negative,0.09254905100945168
1295696240475287552,neutral,0.5017543432377519
1295696242203295744,neutral,0.36925576182941056
1295696242215923712,negative,1.1159323372833499e-07
1295696242408861696,negative,0.08238130995994213
1295696243860152320,negative,0.08910485318674553
1295696244497682433,negative,2.2833458691314855e-07
1295696244850012164,negative,0.30531022540914704
1295696246896840709,negative,0.0001828366545843425
1295696247165198336,negative,0.019901934905204827
1295696247190425600,negative,0.15278377500164908
1295696248092135426,negative,0.25899936443366484
1295696248939446272,negative,0.08238130995994213
1295696250558222343,negative,0.0023101027910052384
1295696250923298823,negative,0.268055908156421
1295696251124621312,negative,0.06648983850325393
1295696251359571968,negative,0.12601313751072224
1295696251606962176,negative,0.06947603133598824
1295696252101898241,negative,0.03026307537246056
1295696252143894528,negative,0.09547977103808883
1295696252550742017,negative,0.10886634654411638
1295696252722716675,negative,0.08238130995994213
1295696252764553217,negative,0.2263813461856811
1295696252840095744,negative,0.12601313751072224
1295696255176278016,negative,0.12601313751072224
1295696255289565184,negative,0.07288412549374303
1295696255553765382,negative,1.3413033177378503e-05
1295696255956463617,negative,0.07024930891377913
1295696256011063296,negative,0.0004322857151365364
1295696256241733632,negative,0.011787845530985244
1295696256258498561,negative,0.00012550839439255296
1295696256740798464,positive,0.8326032565943451
1295696257390981122,negative,0.014680187541276389
1295696259395629058,negative,0.02132099595582579
1295696259605561348,negative,0.004316169404615848
1295696260788293632,negative,0.019901934905204827
1295696261715300353,negative,0.1441344912164008
1295696261983678464,negative,0.018119853981285926
1295696263254597632,negative,0.03838100521362962
1295696263275479045,negative,0.03565945797252218
1295696263510401025,negative,0.12601313751072224
1295696263749480448,negative,0.03734775599302679
1295696264034750465,neutral,0.5118605533127536
1295696264152199168,negative,0.0075598302636409355
1295696265578049542,neutral,0.5344029679637843
1295696265859260417,negative,0.2545266128317129
1295696266190565377,negative,0.12601313751072224
1295696266270302208,negative,0.12601313751072224
1295696267377549314,negative,4.6472535826449496e-10
1295696267671228416,negative,0.0005697645275771685
1295696268040314885,negative,0.019901934905204827
1295696268321316865,negative,0.2545266128317129
1295696268778340353,negative,4.7342379023729694e-05
1295696269508255746,neutral,0.49789225920557484
1295696272150716416,negative,1.4976252542140145e-06
1295696272846979077,negative,0.0006685721193915053
1295696272863776769,negative,0.00012803279689314805
1295696272918286336,negative,0.26230239183042847
1295696273446772737,neutral,0.630148350517125
1295696273677459457,negative,0.10081287282758768
1295696274310795266,negative,0.12601313751072224
1295696275770347526,negative,0.009787517132125969
1295696275917213697,negative,0.0004989025182391388
1295696277443878912,negative,0.00011918878354060734
1295696277636894722,negative,0.12601313751072224
1295696277813035009,negative,0.00852227027618223
1295696278102278145,negative,0.0010395611174241152
1295696280073756673,negative,0.2545266128317129
1295696280174432256,negative,0.014680187541276389
1295696280572833792,negative,0.019014702882922403
1295696280853807104,neutral,0.49789225920557484
1295696280916811776,negative,0.016964151784983287
1295696280941924353,negative,0.16520986905231105
1295696281218822145,negative,0.003540715106796235
1295696281587908609,negative,0.005232784958225788
1295696281634058240,negative,0.2512242327566499
1295696284335169537,negative,0.001005457773570323
1295696285299859458,negative,0.058527571783466986
1295696285652201473,negative,0.09751580666294278
1295696286306492416,negative,0.0018691155857748685
1295696286675603457,negative,0.12601313751072224
1295696286692319239,negative,2.7576915926557836e-05
1295696287350894595,negative,0.10923838763276379
1295696288651124740,negative,0.00026346910084870667
1295696288890191872,negative,0.12601313751072224
1295696288932077569,negative,1.5208321018305803e-07
1295696288940425216,negative,0.2029615144872654
1295696289380933632,negative,6.0880798353042644e-05
1295696289389326336,negative,3.257200808813865e-07
1295696289938788352,negative,0.006913880509424534
1295696290525974528,negative,0.001582111341113122
1295696290538565632,negative,0.02591539513226468
1295696292711104513,negative,0.002814476087825506
1295696292836974593,negative,0.12601313751072224
1295696293642280961,negative,0.0005304373329954153
1295696293994668033,negative,0.00011878864516568124
1295696296771231746,negative,0.00433312607362336
1295696297039732737,negative,0.014640049545214298
1295696297119416320,neutral,0.44515666723971453
1295696297350049794,negative,3.13606594226469e-05
1295696298620919809,negative,0.1404598041233996
1295696298742558720,negative,0.0600101272615417
1295696299090677763,negative,0.005575530768664181
1295696301691211779,negative,0.18815526998003146
1295696302265835531,negative,0.01980188107397208
1295696302295199745,negative,3.1732470654727536e-07
1295696302815289345,negative,0.15719064018729723
1295696302819467270,negative,0.00013873255891383557
1295696305449304066,negative,0.0005003820658617559
1295696305847705600,negative,0.016394141468210416
1295696306036453376,negative,0.025487700788020696
1295696307135426565,negative,0.03957686157108606
1295696307688890368,negative,0.059750996436541755
1295696308267896838,negative,0.002467350788441456
1295696308607553541,negative,0.02545445313493427
1295696309681295363,negative,0.008443710401535461
1295696309882691585,negative,0.0002047870926257499
1295696310125895681,negative,0.1634447002825252
1295696310134243328,negative,0.0009372639399085621
1295696311275204608,negative,1.5400913102932e-07
1295696314412478464,negative,0.11543942085008173
1295696314576101377,negative,0.06227944565466594
1295696314911596544,negative,0.00035415519744435176
1295696315242946561,negative,0.00020834407231177843
1295696315343613952,negative,0.09116861264378451
1295696317365334016,positive,0.8364860004538318
1295696317696614400,negative,0.12601313751072224
1295696318703247360,negative,0.019901934905204827
1295696318778822656,negative,0.04536213793596654
1295696319240183809,negative,0.12601313751072224
1295696319361818625,negative,1.3414810818133189e-05
1295696319424745473,negative,0.012556254412896956
1295696319533768705,negative,0.06884550737904084
1295696320037097473,negative,5.095477410225024e-08
1295696320058007554,negative,0.09437416427174024
1295696320578105345,negative,0.0008470518656373505
1295696320699731971,negative,0.0017044512010052923
1295696323040116738,positive,0.9973650369537395
1295696323241553920,positive,0.8421846598781492
1295696323933614080,negative,0.00024198493662240026
1295696325351288832,negative,0.00028844065532588334
1295696325372248070,negative,0.12601313751072224
1295696325384851456,negative,0.001156002511511639
1295696325456138240,negative,4.169541059454128e-05
1295696326420844547,negative,0.03733235336625141
1295696327205179393,negative,0.007248278871724113
1295696327263891457,positive,0.9999972905727971
1295696327582654471,positive,0.9999860707384398
1295696328241143808,negative,1.5711544804009105e-07
1295696328253677570,negative,0.2512242327566499
1295696328274714625,negative,0.145402450257652
1295696328530505728,negative,0.2240216202550199
1295696330271137799,neutral,0.34848625425505475
1295696330753482759,negative,0.11325690716020959
1295696331898523648,negative,0.12601313751072224
1295696332003344385,negative,0.2071251955952833
1295696332565491713,negative,0.000253058869872319
1295696334582841344,negative,0.16702303149431624
1295696334616276993,negative,0.20599266970912314
1295696334679347200,negative,0.00033147708280829646
1295696335363088385,negative,0.12601313751072224
1295696335828586496,negative,0.10923838763276379
1295696335853813760,negative,0.024405456238622735
1295696336059273216,negative,0.002113273129171103
1295696336415649792,neutral,0.49789225920557484
1295696337615433729,negative,0.00033147708280829646
1295696338974384128,negative,0.006201192931730067
1295696339054080003,negative,0.00023856735987737933
1295696339267878912,neutral,0.5374478655040366
1295696339611693057,negative,0.05784351897484676
1295696339637096448,positive,0.7638303351455009
1295696339871895553,negative,0.06316873021486953
1295696339997724672,negative,0.010994431417293461
1295696340383563776,negative,0.03669135265188776
1295696343084613632,negative,1.0825897597371955e-06
1295696343852363777,negative,1.4976252542140145e-06
1295696344003289092,negative,0.0058713970424568865
1295696344456331266,neutral,0.42507619662732005
1295696345165070336,negative,0.03734775599302679
1295696345211305984,negative,0.12601313751072224
1295696345425047553,negative,0.016964151784983287
1295696345525878785,negative,0.06901284341561151
1295696347014856705,neutral,0.49789225920557484
1295696347224514562,negative,0.0005207109971164184
1295696347249676289,negative,0.21758391299150703
1295696347434233856,positive,0.918694213599768
1295696347719401472,negative,0.0004498087860835411
1295696348390608898,negative,0.12601313751072224
1295696349078458369,negative,2.7576915926557836e-05
1295696351594979329,negative,0.032169135729033904
1295696351758618625,negative,0.12601313751072224
1295696352509386752,negative,0.0020264829264148286
1295696353494994951,negative,0.024405456238622735
1295696353667022848,negative,0.05578158637766685
1295696353822154752,negative,0.22695114949716563
1295696354233192449,negative,0.04274870898572828
1295696354463940609,negative,0.0018691155857748685
1295696354694639616,negative,0.12601313751072224
1295696356858720257,negative,0.0032533681489490627
1295696356917628928,negative,0.0007745359129958626
1295696357605474305,positive,0.6704132096882829
1295696357668335620,positive,0.860709195863777
1295696357915873281,negative,3.006249951656815e-06
1295696358096228353,negative,0.014680187541276389
1295696358154866688,positive,0.9880268580897802
1295696359723536389,negative,0.10396600402265237
1295696359862001665,negative,1.4755640648408777e-05
1295696360629579778,negative,0.08007641557858117
1295696360902197249,negative,0.0005207109971164184
1295696360985985025,negative,0.12601313751072224
1295696361745072128,neutral,0.452158747213356
1295696361946578944,negative,0.06377054157198513
1295696362668003334,negative,0.04437391272102163
1295696363024519169,negative,0.12601313751072224
1295696363083235331,negative,1.6395967586671367e-05
1295696364630925313,negative,0.22408391551629084
1295696365432053760,neutral,0.37874993579954885
1295696365457211392,neutral,0.3619451476948216
1295696365704679424,neutral,0.5374478655040366
1295696365817925632,neutral,0.49789225920557484
1295696366245761026,negative,0.12601313751072224
1295696366665191424,negative,0.12601313751072224
1295696368351109120,negative,0.007181478780361355
1295696368367886337,negative,0.0032533681489490627
1295696368720322560,negative,0.03957686157108606
1295696368967864328,negative,6.149120102124223e-10
1295696368997203968,negative,3.25722101444236e-05
1295696370230329344,negative,0.003253036031092394
1295696370851033088,negative,0.00011513506300654263
1295696371224399873,negative,0.08767999213568711
1295696371295584258,negative,0.00041407922449933224
1295696374072315909,negative,0.0005207109971164184
1295696375078952960,negative,0.030621995534688962
1295696376190439425,negative,0.007586395148848321
1295696376374988800,negative,0.0009309096130113586
1295696376723124224,neutral,0.5344029679637843
1295696376970579968,negative,0.016158660682380505
1295696377272586241,negative,0.024338184894335393
1295696377327038464,negative,0.06227944565466594
1295696377608011776,negative,0.0032533681489490627
1295696378195136513,positive,0.6667640060523197
1295696378568605698,negative,0.06861240881076745
1295696378686054400,negative,0.019138394520496742
1295696380523171840,negative,0.23726351990999656
1295696380837724160,neutral,0.5209138043720312
1295696380904824833,negative,0.07961545357583005
1295696381089386497,negative,0.0037636891568527653
1295696381483638784,negative,0.001115952507180762
1295696382247018498,negative,0.12601313751072224
1295696382301528064,negative,2.461320430276018e-06
1295696383207407617,negative,0.12251605215928715
1295696385296171010,neutral,0.3519088509504407
1295696385854115840,negative,0.12601313751072224
1295696386256769024,negative,0.09421732100141891
1295696386399371266,neutral,0.49789225920557484
1295696386638450688,neutral,0.49789225920557484
1295696386697175041,negative,0.11919709727946037
1295696389482188801,negative,0.010994431417293461
1295696389947756545,negative,0.0004498087860835411
1295696390019059713,negative,0.04560747689805166
1295696390593667072,negative,0.01545452786649007
1295696390996332544,neutral,0.35785643069366135
1295696391231229953,negative,0.002100597644472907
1295696391306645504,negative,0.027228095702745946
1295696393852669952,negative,0.03815407750379571
1295696394175619072,negative,0.12601313751072224
1295696394431467520,negative,0.11471463817715194
1295696394712489984,negative,0.00011379540270006691
1295696395081412609,negative,0.09437416427174024
1295696395165474819,negative,0.2923410061872379
1295696395387707393,neutral,0.5136446707795853
1295696395773632516,negative,0.04295499722900272
1295696397455577089,negative,0.01981185236540945
1295696398495735811,negative,0.019901934905204827
1295696398537707521,negative,0.05736422592685412
1295696399342940162,negative,0.0699362052529048
1295696402245398533,negative,0.0007303177719229881
1295696402983653377,negative,8.657684844413725e-05
1295696405839982595,negative,1.4364258145297347e-05
1295696408205565953,negative,0.1730746230786644
1295696408251695106,negative,0.1805827127761289
1295696410256510976,negative,0.0007263719084336454
1295696410701115392,negative,0.12601313751072224
1295696410822811649,negative,4.169541059454128e-05
1295696411141574656,positive,0.9477995601449292
1295696411451969536,negative,0.2818182529870789
1295696411632312321,negative,0.09254905100945168
1295696411648983041,negative,0.0011353268501821698
1295696411661672451,negative,0.09604608166740844
1295696411753959425,negative,0.023863414845496544
1295696411892359168,negative,0.11353828868794694
1295696412039172096,negative,0.0002950035274722003
1295696412055867392,negative,0.09006649673415235
1295696412383096833,negative,0.03329967069360357
1295696414228570112,negative,0.09071452114449863
1295696414283124737,neutral,0.5374478655040366
1295696414635429889,neutral,0.5739329085384285
1295696415285534722,negative,0.02132099595582579
1295696415541334016,positive,0.7091390451292086
1295696420171849728,negative,0.005643333230394583
1295696420494860288,negative,0.00015346569853918462
1295696421589594112,negative,0.05543331223431095
1295696421870600192,negative,0.0929443729663222
1295696422721945600,negative,0.11218045315613208
1295696423485407234,negative,0.0012688059220480894
1295696423493787648,positive,0.8159913859036005
1295696424076808192,negative,2.3979154860176615e-07
1295696424722669568,negative,0.0020264829264148286
1295696424986742790,negative,0.009077280950076014
1295696425041395712,negative,0.03676285456419379
1295696426979205120,negative,0.004897277995918001
1295696428526899202,negative,0.05664563319994201
1295696430020132865,negative,0.14364185390983958
1295696431471374336,neutral,0.4121503038550243
1295696431899082753,negative,0.05774420246377149
1295696431983009793,positive,0.863814643834973
1295696432146591745,negative,0.12601313751072224
1295696432775790597,negative,0.12601313751072224
1295696432821874688,neutral,0.3499352441185855
1295696435464282112,neutral,0.49789225920557484
1295696435514609664,positive,0.9998639034999872
1295696435766267912,negative,0.018075472935833604
1295696435862790145,negative,0.009685376192504381
1295696435866939392,negative,0.024620855644908287
1295696435925659649,neutral,0.5256487361589304
1295696436299010048,negative,2.7576915926557836e-05
1295696436353552384,negative,0.02132099595582579
1295696437171367937,negative,0.24368915281264333
1295696439394422792,negative,0.10923838763276379
1295696441092997122,negative,7.97520954994712e-07
1295696441210474496,negative,0.0024215042420286056
1295696441705365505,negative,9.623228541852086e-07
1295696441705410563,negative,0.12601313751072224
1295696441768386562,negative,0.09386000229361774
1295696441952927750,negative,0.14843099434324308
1295696442036817925,negative,0.09387703090812705
1295696443538210818,negative,0.08007641557858117
1295696443756486657,negative,0.03700175107257115
1295696444477837313,positive,0.6874086201520033
1295696444498817024,negative,0.31732489718339985
1295696444532424705,negative,0.005431354991412298
1295696444968579073,negative,2.6563826943749856e-07
1295696445291495424,neutral,0.5374478655040366
1295696445773950976,negative,1.0248629370792195e-10
1295696445895405568,negative,0.05790243374787107
1295696445912358912,negative,0.058527571783466986
1295696445924925442,negative,0.13907065741922958
1295696448340860931,negative,0.29378951966785144
1295696448391127047,negative,0.015005561617879472
1295696448475013120,negative,0.004454287704540177
1295696448932151296,negative,0.009664939858473998
1295696449309638657,negative,0.07387917408818065
1295696449569726464,negative,0.025131268722016382
1295696449674641408,negative,0.12601313751072224
1295696451876552704,negative,0.08007641557858117
1295696452719714306,neutral,0.49789225920557484
1295696454380597249,negative,3.25722101444236e-05
1295696454590304256,neutral,0.618804805195276
1295696456138084354,negative,0.1480389365607454
1295696456544923649,negative,0.03669135265188776
1295696456880467969,negative,0.07542008316386103
1295696457765462016,negative,0.004316169404615848
1295696457929035777,negative,0.0007924858194624713
1295696458256089093,negative,0.12601313751072224
1295696458562392065,negative,0.19805097507578734
1295696460755939329,negative,0.004316169404615848
1295696462475649030,neutral,0.5885216974759996
1295696462563676160,negative,0.004316169404615848
1295696465147437057,negative,0.046460304563387726
1295696465881440258,negative,1.0987980960836639e-07
1295696466502201345,negative,0.030412545260908617
1295696466950926336,negative,0.03183936642938274
1295696468679032832,negative,5.6182772923233986e-05
1295696468939071489,positive,0.6792494575444393
1295696469073235968,negative,0.0004930985307503336
1295696469748588544,negative,0.027254483516575872
1295696469954101249,negative,0.0026663927523055326
1295696470578954241,negative,0.019901934905204827
1295696470629384193,neutral,0.5195027611753825
1295696470822268928,negative,0.0005207109971164184
1295696471069798400,negative,0.19992595846264505
1295696471333859328,negative,0.0016426734485734916
1295696471493414912,negative,0.11591685326288977
1295696471627427840,negative,0.0036665542732729002
1295696472827191296,negative,1.629092928090367e-05
1295696473074565121,negative,3.13606594226469e-05
1295696473213018113,negative,5.0183176926662445e-08
1295696473921933313,negative,0.052705122190779254
1295696474022518786,negative,0.05741082219477387
1295696474421047296,positive,0.971233908895432
1295696474488090625,negative,0.11158845380179816
1295696475507302401,negative,1.5158423208604242e-08
1295696475595452416,negative,0.12601313751072224
1295696477042487296,negative,0.032169135729033904
1295696477638066176,negative,0.0024063297313619446
1295696477671628801,negative,0.08161158602374756
1295696477705175041,negative,0.02078817443817177
1295696479148007426,neutral,0.5568915774815658
1295696479366127617,neutral,0.37874993579954885
1295696480087560192,negative,0.03329967069360357
1295696482268585985,negative,0.024405456238622735
1295696482591440896,neutral,0.49789225920557484
1295696482675417088,negative,0.044051357276136495
1295696483170357248,negative,0.12601313751072224
1295696483463954434,negative,0.0001568205364054759
1295696483837083648,negative,7.900874868746993e-05
1295696483883323392,negative,0.02623819928705295
1295696484105682944,negative,0.0005707288715266583
1295696485544271872,negative,0.03957686157108606
1295696486630596609,negative,0.00759487791621678
1295696486651633665,negative,0.18781854138840118
1295696486756495360,negative,0.08785473316588438
1295696487003947011,negative,0.09421732100141891
1295696487914057730,negative,0.24365190781488377
1295696489830850565,negative,0.0006034492095579572
1295696489914695680,neutral,0.49789225920557484
1295696490032226305,positive,0.9998639034999872
1295696490577514498,negative,0.0036567862877765383
1295696490589978624,negative,0.12601313751072224
1295696490598408192,negative,0.19250486594695232
1295696490787213312,negative,0.023375664249609268
1295696491076628480,negative,0.005520807239228727
1295696491156250625,negative,0.11888264431085406
1295696491294621697,negative,0.19369210141944002
1295696491449909248,negative,0.0036100269993713983
1295696492272001025,negative,0.18117306574854652
1295696493752594432,negative,0.0001276234553544667
1295696494536855554,negative,0.08785473316588438
1295696494625001473,neutral,0.4020383545323593
1295696494947966978,negative,3.848778974849969e-06
1295696495388352513,neutral,0.49789225920557484
1295696495782408192,negative,0.12601313751072224
1295696496063647746,positive,0.7567536881307938
1295696496315314176,negative,0.014209273197050518
1295696496638255105,neutral,0.5294065330779806
1295696496889942020,negative,0.13216781798733543
1295696498475360256,negative,1.0058615355464164e-06
1295696499054194688,neutral,0.4306241434182096
1295696499993608194,negative,0.1320054398652975
1295696503693103104,negative,0.0029308839201469786
1295696503948873729,negative,0.0002516464599496002
1295696503990779906,negative,0.0009677493191237991
1295696504536158209,negative,0.08405267203243975
1295696504892661761,negative,3.4355014109788205e-08
1295696507098877953,negative,0.0004989025182391388
1295696507866361857,negative,2.4202331291835744e-06
1295696507908259846,negative,0.12241357769920357
1295696508055105538,negative,1.4105811180703608e-07
1295696508076077056,positive,0.8148618092879636
1295696508139044864,negative,2.1751507208047918e-11
1295696510693277703,neutral,0.49789225920557484
1295696510814949377,negative,0.00032862021492752343
1295696511515463682,negative,0.006749968586320787
1295696511649452032,negative,3.95419500246516e-05
1295696515428687872,neutral,0.6462607005943426
1295696516066099200,negative,0.00028696207194974194
1295696516263415808,negative,3.750265800303984e-05
1295696516288577536,negative,7.032386824185478e-05
1295696516578004992,positive,0.9477995601449292
1295696517353951232,negative,0.00025532473913430966
1295696517500751879,neutral,0.36657716896915327
1295696519295893505,negative,0.0015011307115836321
1295696519971188742,negative,4.652127442428444e-05
1295696520642211840,negative,0.010732304180412218
1295696521007177729,negative,0.12601313751072224
1295696523368562688,negative,0.0001731737757059785
1295696523842527234,neutral,0.580486123635804
1295696524899422210,negative,0.06901284341561151
1295696525109198849,negative,3.149228221673432e-05
1295696526132551680,neutral,0.49789225920557484
1295696526161907712,positive,0.9399445688096394
1295696526166175745,negative,0.04403659538952306
1295696527697031168,negative,0.004054754609308545
1295696527999012864,negative,0.010549885680032855
1295696528091340806,negative,0.12601313751072224
1295696529500635136,negative,0.0005160388999215636
1295696529831976960,negative,9.846939125263714e-05
1295696530054295554,negative,0.11591121074334354
1295696532990300160,negative,0.019901934905204827
1295696533279641601,negative,0.12601313751072224
1295696536144433152,negative,0.02132099595582579
1295696542771421188,negative,0.0027371390789015476
1295696543157280769,negative,0.03629060712691205
1295696543723540482,neutral,0.5182104209334462
1295696544411217922,negative,0.0494726774024577
1295696545715822593,negative,1.3290059832167561e-05
1295696545837350912,negative,0.0393722787981362
1295696547305398273,negative,0.12601313751072224
1295696547364188160,negative,0.004316169404615848
1295696547490004992,negative,0.03669135265188776
1295696549322858496,negative,1.0837900137729702e-11
1295696550514106370,negative,0.004436263919191807
1295696551617204225,negative,0.05093704909519959
1295696553160646659,negative,0.02797257883588501
1295696554880389125,negative,0.2795090421773154
1295696554997817344,negative,0.0075130361079723046
1295696557438885889,negative,0.02623819928705295
1295696558386819074,negative,0.12601313751072224
1295696558571298817,negative,0.12601313751072224
1295696558860783616,negative,0.04270662313327354
1295696561180205061,negative,9.444871411513912e-05
1295696561352126464,negative,0.05838581172579735
1295696561616424960,negative,0.09077794856514244
1295696561708695552,neutral,0.5344029679637843
1295696561742262273,neutral,0.5916509197677796
1295696562774061061,neutral,0.38910601150430013
1295696563218665478,negative,5.262635876707223e-05
1295696563361271809,negative,0.0525705208321622
1295696565680713728,negative,0.023863414845496544
1295696565709897730,negative,3.0727247689961797e-06
1295696567299649536,negative,0.028410966807081692
1295696569690447875,negative,0.12601313751072224
1295696569820479488,negative,0.03969043818601853
1295696570265083905,negative,0.317955616456911
1295696570743246849,negative,8.750409751774793e-06
1295696575168155648,negative,0.06377054157198513
1295696575314964485,negative,0.12601313751072224
1295696575650504706,negative,0.0012643754658529468
1295696575734452225,negative,0.12601313751072224
1295696578603343875,negative,8.611134808275699e-06
1295696578653687809,neutral,0.4020383545323593
1295696579450609664,negative,0.04239833957058144
1295696579786158083,negative,0.2968433019756989
1295696579886710785,negative,0.12601313751072224
1295696582235557889,negative,0.08075695040682712
1295696583523045379,negative,4.647132645714265e-07
1295696583766544391,negative,0.028285047362663848
1295696584508923907,negative,0.12601313751072224
1295696585859321856,neutral,0.34743474562130694
1295696586610180097,negative,0.12601313751072224
1295696586727657479,neutral,0.49789225920557484
1295696587029729280,negative,6.538727597045731e-06
1295696591190396928,negative,0.037104752498890975
1295696592390033409,negative,0.02152397631165908
1295696595040829440,negative,0.11378549542495303
1295696596303314946,neutral,0.4101826911449234
1295696596768825344,negative,0.3015784600733657
1295696599293865984,negative,0.15675946472912297
1295696599323156481,negative,0.028958090976619357
1295696603014209539,negative,0.0021433954446389053
1295696604050141184,negative,3.1932377036407975e-09
1295696605295849472,negative,0.0012643754658529468
1295696605375606785,negative,0.024405456238622735
1295696605669097472,negative,0.12601313751072224
1295696607497854976,negative,0.019377552190474802
1295696608458420224,negative,0.10009065629389999
1295696609620242433,negative,5.208286315463939e-06
1295696609817305088,positive,0.934268942706531
1295696611658665984,negative,0.07039115002182492
1295696611688034311,negative,0.08691525236721032
1295696613210386432,negative,0.03813840086504306
1295696613562814466,negative,0.02090793093393309
1295696613848027137,negative,0.00016468552365923015
1295696614015881216,neutral,0.49789225920557484
1295696614116536320,negative,0.15317405554575128
1295696614376574976,negative,0.0007745359129958626
1295696615953637377,negative,0.0018850619780176458
1295696616003960832,negative,0.0016464813745271827
1295696616494686209,negative,0.006830567305835134
1295696616674877440,negative,0.0001959643759338681
1295696616679190529,neutral,0.5496678701602578
1295696616691826688,neutral,0.5112162807618442
1295696616691847168,negative,6.270536273868096e-05
1295696617245487109,negative,0.113960757609597
1295696617979379713,positive,0.9118049193492904
1295696619782848513,negative,0.024479583924649027
1295696619984355332,negative,0.029272174658146105
1295696620131176448,neutral,0.37874993579954885
1295696621569740800,positive,0.7998895145067162
1295696621695578112,negative,0.00011920047949049027
1295696621884366849,negative,0.018769405211365223
1295696624207962117,negative,0.04220888190777172
1295696624858075136,neutral,0.4071538235890296
1295696624988102656,negative,0.0001519657399878777
1295696625453727745,negative,0.02132099595582579
1295696625621491714,negative,0.05741082219477387
1295696629404753927,negative,2.2821344379010637e-05
1295696629652217856,negative,0.03135431427877863
1295696633624240133,negative,0.0018489038645729556
1295696634333081601,negative,0.006543637805043963
1295696636799262724,negative,0.012347403754066283
1295696637822676992,positive,0.9886196157730246
1295696637856227328,neutral,0.49789225920557484
1295696641832497154,negative,0.30489655268576066
1295696642792923143,neutral,0.4020383545323593
1295696643581530114,negative,3.750265800303984e-05
1295696644885929990,negative,0.06316873021486953
1295696646140047361,negative,0.11888264431085406
1295696646991425537,negative,0.0017999513691086342
1295696647016665088,negative,0.19759961017514432
1295696648555855872,neutral,0.41901263796461236
1295696649700999168,negative,0.00012803279689314805
1295696649801654273,neutral,0.49789225920557484
1295696650975969280,negative,0.11129600164039419
1295696651621982208,negative,0.08022047292342224
1295696653530337281,negative,0.04303455117524401
1295696654507663361,negative,0.0005036712884401921
1295696655635886080,negative,0.08530964621019042
1295696655707254791,negative,0.28245440304104097
1295696657305214976,negative,2.673289282981922e-05
1295696658563563521,negative,0.08022047292342224
1295696662313263105,neutral,0.5974404864563486
1295696666541129734,negative,0.07106294871338747
1295696666960498690,negative,0.006749968586320787
1295696667019182080,negative,0.1336690851601187
1295696667145109505,negative,0.28114818517277385
1295696667279327242,negative,0.02710320016702004
1295696667371622402,negative,1.332729351319976e-05
1295696667497451525,negative,0.023471940484540224
1295696671104475137,negative,0.1457931913862442
1295696671469457408,negative,0.027466691507973283
1295696674678087682,negative,0.0018489038645729556
1295696680449454080,negative,0.0013422869196148164
1295696682995322882,negative,0.004053118679355682
1295696683288977411,negative,0.027182562396169833
1295696688007585792,neutral,0.37874993579954885
1295696688833757185,negative,0.006913880509424534
1295696695779614722,negative,3.345032060891235e-11
1295696696035483648,negative,3.3786505041159473e-06
1295696696433876992,negative,1.332729351319976e-05
1295696696761081857,negative,0.0011959799566551201
1295696697323073542,negative,2.248849738087466e-06
1295696700963794944,negative,0.02885202517305093
1295696701047615488,negative,0.0015736348414482665
1295696705975984129,negative,0.041680856832047336
1295696707628474368,neutral,0.4507454498615163
1295696708417052672,negative,0.004714683844112758
1295696711923507205,negative,0.01827764739751551
1295696714066792449,negative,0.018722858851780953
1295696717413834752,negative,0.09421732100141891
1295696717933948930,negative,0.002395465170714783
1295696718168821762,negative,0.0007953082414891172
1295696720735723522,negative,0.12601313751072224
1295696721067028485,negative,0.22601865246829184
1295696721104850944,positive,0.9527619688681364
1295696721729683456,negative,0.311697314721764
1295696721922711553,negative,0.00011878864516568124
1295696723801788418,neutral,0.49789225920557484
1295696725190103040,negative,0.2583396599417602
1295696725383028736,negative,3.925050247964982e-08
1295696726473486336,negative,7.4122669400109455e-06
1295696728998510593,negative,0.02662842569673435
1295696729833115648,negative,0.12601313751072224
1295696729900224513,negative,0.020173317304638352
1295696730537758721,neutral,0.5923783866986081
1295696730688819200,negative,0.058527571783466986
1295696730722361345,negative,0.00027856121602537866
1295696731485552641,negative,0.0600101272615417
1295696731863162882,negative,0.12601313751072224
1295696735591895041,negative,0.12601313751072224
1295696735696818176,negative,0.0019806594022639995
1295696737085120512,negative,0.12601313751072224
1295696737240264705,negative,0.10459830546158512
1295696738028793857,negative,0.010332653681365602
1295696738217529344,negative,0.0011139577503195652
1295696738507010048,negative,0.13149042461201702
1295696738548760576,neutral,0.4767002428069775
1295696738762797060,negative,0.0004394782131207557
1295696738863456257,negative,0.3275270083023004
1295696738930565120,neutral,0.5808741501827569
1295696739006066688,negative,0.019901934905204827
1295696739098402816,negative,6.522101996052677e-05
1295696742395056128,negative,0.23232083429493577
1295696744647479297,negative,0.11402887146532856
1295696745511387136,negative,0.12601313751072224
1295696745574400000,negative,0.0013510090375347904
1295696747537342464,negative,0.1329588641245441
1295696748434862081,negative,5.980815889572081e-05
1295696750569754624,negative,0.12601313751072224
1295696750955634691,neutral,0.5344029679637843
1295696752096555013,negative,0.27274974132325025
1295696752553742342,neutral,0.36843582972443306
1295696753329688576,negative,0.0009860050763999628
1295696753858093063,negative,0.11720130155223349
1295696754369859588,negative,0.12777103288650796
1295696754986360833,negative,0.16810989700122578
1295696755066122240,negative,0.018075472935833604
1295696755187752961,negative,0.00031364293548161875
1295696756445974530,negative,0.024405456238622735
1295696756831858690,negative,0.12601313751072224
1295696758375428098,negative,0.02011384930151538
1295696759734374401,negative,0.0018388825987287417
1295696760715714565,negative,0.27134771580172207
1295696762397655040,negative,0.0023204566357547217
1295696763714703360,negative,0.05814074992082237
1295696764629123072,neutral,0.5344029679637843
1295696767040794632,negative,6.777225442851776e-06
1295696767657353217,neutral,0.41901263796461236
1295696768139694080,negative,3.136236855778805e-10
1295696770786263040,negative,0.03669135265188776
1295696770979127299,negative,0.0011938802422112786
1295696771436482561,negative,4.942974956202568e-09
1295696771633549314,negative,1.3067183633393749e-08
1295696771730083842,negative,0.0018489038645729556
1295696772669607939,negative,0.009501451079747378
1295696773344890881,negative,0.02710320016702004
1295696774020161538,negative,0.18658804420695033
1295696774112456706,negative,0.0004989025182391388
1295696776842944518,negative,0.056496391794210295
1295696777044271109,negative,0.0021045170298193538
1295696777782460418,negative,1.4755640648408777e-05
1295696779476967424,negative,0.2281304002211851
1295696779774763008,negative,0.12601313751072224
1295696780202565633,negative,0.11887435198577459
1295696780475207680,negative,0.00021395122029793098
1295696780731002880,neutral,0.3385252644667176
1295696780848332805,negative,0.10886634654411638
1295696781087399936,negative,0.0600101272615417
1295696783524466694,negative,0.001150404241661264
1295696783738273792,negative,0.0004692367915139291
1295696784270950400,positive,0.9999809401029144
1295696784308740097,neutral,0.5374478655040366
1295696784375906306,negative,0.2697965898796189
1295696784635965440,negative,2.6432876050180066e-06
1295696785114107905,neutral,0.44515666723971453
1295696785336344578,negative,2.280833745301702e-06
1295696788163383299,negative,0.0011833439981622834
1295696788192743424,negative,4.317664146834203e-05
1295696788528267264,neutral,0.49789225920557484
1295696788838584320,negative,0.20585874511563804
1295696789241298944,negative,1.1315254183980978e-06
1295696792336703489,negative,0.00018841420854354943
1295696793473134593,negative,0.12601313751072224
1295696793683066881,negative,1.510301145863637e-05
1295696793855053824,negative,1.099456246574178e-08
1295696793922146310,negative,0.18286116381631745
1295696796346454019,negative,1.0037864207280973e-13
1295696796950376448,negative,0.10240815662956858
1295696798183567363,negative,0.002194180726155286
1295696799647309826,negative,1.099456246574178e-08
1295696800633032704,negative,0.03721853667770779
1295696801048166402,negative,2.87342507268059e-06
1295696804764426241,neutral,0.3830419301118299
1295696805800419333,negative,0.12601313751072224
1295696805959802881,negative,2.0213148874053747e-11
1295696806173605890,negative,0.10923838763276379
1295696810363805696,negative,8.657684844413725e-05
1295696813639503875,negative,0.019901934905204827
1295696816885895169,negative,0.0010391131602780004
1295696819465457665,neutral,0.33440212514266987
1295696822128779266,negative,0.009908282129717581
1295696822233698305,negative,1.600364354696545e-05
1295696823584198657,neutral,0.399531656042308
1295696823756169216,negative,0.003831908090516488
1295696834497777667,negative,0.1231060654687777
1295696835147902983,negative,0.00027822444979168126
1295696836749955072,negative,0.012423018378087515
1295696846019584000,negative,0.07246292604812066
1295696850784223232,negative,0.006722504867653336
1295696852986273798,negative,0.031070038581693243
1295696855024766979,negative,0.04869114784989241
1295696859009298433,negative,2.1751507208047918e-11
1295696860481499138,neutral,0.49789225920557484
1295696860674482177,negative,0.07468469460774894
1295696862914260992,negative,0.0016576778712567043
1295696864558354433,negative,0.07081994138193065
1295696867515400192,negative,0.06755976209626206
1295696868895318016,negative,0.01981185236540945
1295696869646127108,negative,0.013736687582760485
1295696871709704192,negative,0.002470804719394617
1295696873152565254,negative,0.32604628361490545
1295696873945268224,neutral,0.35098229142481996
1295696875992027136,negative,4.314452164265517e-05
1295696876990353408,neutral,0.38196265274575397
1295696877330071552,negative,0.20613452058039275
1295696878521262080,neutral,0.5031820744633436
1295696879741788160,negative,0.005235217316859674
1295696881251766274,negative,2.695504127571299e-11
1295696881574711301,neutral,0.5315025225330297
1295696881754963969,negative,0.09223303690070618
1295696882078027777,negative,0.11887281031159908
1295696883910873091,neutral,0.34039288308404353
1295696884472991750,negative,7.581913789457395e-05
1295696884535877635,negative,0.25510586853062006
1295696886003830786,negative,0.0023204566357547217
1295696889900339205,negative,0.10923838763276379
1295696892236570626,negative,0.01598759060299141
1295696892702199808,negative,0.0005207109971164184
1295696894602207233,negative,2.541215398619479e-11
1295696894941974529,negative,0.02545445313493427
1295696895562715136,negative,0.04268904306881857
1295696897479528448,negative,0.03135431427877863
1295696898771365889,negative,0.04379125917979031
1295696898892935171,negative,0.0013581052953335253
1295696898897129472,negative,0.1427823601559478
1295696899853430786,negative,0.014618806488386784
1295696901048643584,negative,0.005317214705418283
1295696902005174272,negative,0.0032533681489490627
1295696902013542401,negative,0.00023404244564836986
1295696902017765377,negative,1.0987980960836639e-07
1295696902546239488,positive,0.9108092757545855
1295696902747500558,negative,0.12601313751072224
1295696902953021450,negative,0.23254587336601865
1295696903955505152,negative,0.007740852045363698
1295696904194580480,negative,0.00351471176072369
1295696904840458242,neutral,0.614952937468593
1295696906744672257,negative,0.0005207109971164184
1295696907558440960,negative,0.247489254136948
1295696909169041409,negative,0.004316169404615848
1295696909278093313,negative,9.437296794481519e-05
1295696909567434752,negative,0.10873084537464295
1295696909684932609,negative,0.06747121611459704
1295696911341621251,negative,0.023863414845496544
1295696913950547968,negative,0.043821336475449585
1295696914403467264,negative,0.2923410061872379
1295696914713903104,negative,0.03302965250828128
1295696917729546240,negative,0.05379008011931772
1295696918862073858,negative,0.000646002034938235
1295696919117922305,negative,0.0004989025182391388
1295696919373713409,neutral,0.40164566407707886
1295696921881968640,neutral,0.37874993579954885
1295696921936437248,negative,0.013366834784767275
1295696923421220865,negative,3.750265800303984e-05
1295696923500978178,negative,2.7576915926557836e-05
1295696924524380160,neutral,0.438658726745286
1295696926239842304,negative,0.12601313751072224
1295696926835343362,negative,7.559945145260461e-05
1295696928135688193,neutral,0.34118124994397403
1295696928211173376,negative,0.10642436549654807
1295696928882282497,negative,0.14134167714666668
1295696928890650624,neutral,0.6069234765718449
1295696930216054785,negative,0.12601313751072224
1295696930941566979,negative,0.0007514292180238284
1295696932384444417,neutral,0.4507454498615163
1295696932460011520,negative,0.001832012825627702
1295696934376620032,negative,1.0780558267997982e-05
1295696935496626176,negative,6.600063975887012e-07
1295696936075395073,negative,0.024405456238622735
1295696936419328001,negative,2.1751507208047918e-11
1295696936562024450,neutral,0.49789225920557484
1295696936994066433,positive,0.9458720222843167
1295696937291661313,positive,0.8229438556503057
1295696938889875461,neutral,0.5374478655040366
1295696938919223296,negative,0.001947762946201267
1295696939422494721,negative,0.13348183300546632
1295696939502239747,negative,0.005591575943694747
1295696940483710978,negative,0.0293911366557481
1295696940617945088,negative,0.044051357276136495
1295696940798300160,negative,0.12601313751072224
1295696943432245248,negative,0.12601313751072224
1295696944900329472,negative,0.12601313751072224
1295696947932733448,negative,0.18286116381631745
1295696948033400832,negative,0.0004498087860835411
1295696948889038848,negative,0.11068872709575771
1295696949211828224,negative,0.1444142715671101
1295696949228707841,positive,0.8406593882344331
1295696951875383297,negative,0.12601313751072224
1295696953012092928,negative,0.006631638814742494
1295696953217605632,negative,0.07095289621829483
1295696953670590464,negative,0.0089509598102757
1295696953750192128,negative,0.024405456238622735
1295696955243470848,negative,0.12601313751072224
1295696955885137920,negative,0.06377054157198513
1295696956795346946,negative,0.00027856121602537866
1295696956958834689,neutral,0.6252602244423042
1295696956975702021,negative,0.05259553853474664
1295696958103916545,negative,0.14134167714666668
1295696959479701505,negative,0.005128761724069646
1295696959844560900,negative,0.019901934905204827
1295696959945277441,negative,0.10459830546158512
1295696959995510785,negative,0.20039568222665155
1295696964047306753,negative,0.019997220676791935
1295696964517007361,negative,0.11132356109298178
1295696964525395968,negative,0.00028696207194974194
1295696965183737856,negative,2.7576915926557836e-05
1295696965590802435,neutral,0.41901263796461236
1295696965632700417,negative,0.12601313751072224
1295696969785122818,neutral,0.49789225920557484
1295696970154225664,negative,0.06250313760195318
1295696970254778368,negative,0.08007641557858117
1295696970586230784,neutral,0.43612039806852576
1295696971999719432,negative,3.750265800303984e-05
1295696972985311233,negative,0.0002769672961545763
1295696973417373697,negative,0.0600101272615417
1295696973425717248,neutral,0.4020383545323593
1295696974050742273,negative,1.6395967586671367e-05
1295696974130315266,negative,0.017137255967422774
1295696974256185344,negative,0.13659168909846733
1295696974281347074,negative,0.12601313751072224
1295696977628475393,negative,0.0013422869196148164
1295696977875947522,negative,0.07095289621829483
1295696978890952705,negative,0.025096934326558795
1295696979301982208,negative,0.0006602711484732611
1295696980774133760,neutral,0.35948143253622666
1295696981940109317,negative,0.005656450412355571
1295696982208643073,negative,0.06641603837834133
1295696982242099201,negative,0.009193575611325529
1295696982640676865,negative,0.06803556184923627
1295696984511258628,negative,0.00018236551317903026
1295696985425620992,negative,0.27457636657859075
1295696986574913536,negative,0.00028174184305489294
1295696986600091648,negative,0.000765179465503731
1295696989104078854,neutral,0.5344029679637843
1295696989217124352,neutral,0.5509348006065574
1295696989796040705,negative,9.8491660036815e-05
1295696989825499136,negative,0.12601313751072224
1295696989938749442,negative,0.010522300149201823
1295696990421094405,negative,0.0004692367915139291
1295696990500683776,neutral,0.5923783866986081
1295696990655963137,negative,0.10873084537464295
1295696991431929861,negative,1.6395967586671367e-05
1295696993868750849,negative,0.009247246998905403
1295696994443427840,negative,0.024405456238622735
1295696994594324486,negative,2.004629037561568e-06
1295696994644701186,negative,0.02017395221537928
1295696994942554112,positive,0.8724344671001606
1295697002253230086,negative,0.012794336949919475
1295697005784657920,negative,6.916195813011271e-05
1295697010377580544,negative,0.0015273263074485105
1295697010599825408,negative,0.0008356038715167608
1295697014236286978,negative,0.04738144896113662
1295697015268048896,negative,0.09151796695483568
1295697018132758531,negative,0.10510412847003431
1295697018938175488,negative,0.09079983210807423
1295697019043041285,neutral,0.6559538709129247
1295697019726684160,negative,0.0017278084595822715
1295697019986743296,negative,0.025842057056608837
1295697022171963392,neutral,0.49789225920557484
1295697022373298176,negative,0.18618993764642375
1295697023749038080,negative,1.8088188086353651e-06
1295697027452502016,neutral,0.37608424233915744
1295697027972714496,negative,0.0073598940686291575
1295697028866019328,negative,0.002919084778416845
1295697030849986563,neutral,0.49789225920557484
1295697031114174466,negative,0.058527571783466986
1295697032632565760,negative,0.0114901203067441
1295697032645095424,negative,4.317664146834203e-05
1295697037351149571,negative,0.12241357769920357
1295697039947374594,negative,0.008106390393361031
1295697041738407936,negative,3.149228221673432e-05
1295697043474853888,negative,0.04539207089013409
1295697044619907082,negative,0.08964986511641117
1295697045915828226,negative,0.0027371390789015476
1295697048189243392,negative,0.004460567464063118
1295697049359396865,negative,0.18892722313847654
1295697049934073856,negative,3.750265800303984e-05
1295697054107402246,negative,0.0006823847411899322
1295697054157754369,negative,0.09254905100945168
1295697056074530817,positive,0.7494869815638018
1295697058746322955,negative,0.003211929901966748
1295697060029759494,negative,2.7125581922929604e-12
1295697060096876545,negative,0.1631879671044134
1295697061531262981,negative,0.007383138017639642
1295697062118469632,negative,1.7985057848491641e-06
1295697064727322624,negative,1.4755640648408777e-05
1295697064760942600,negative,3.625778740717965e-06
1295697065629167617,negative,0.23025748023571432
1295697066333798401,neutral,0.4020383545323593
1295697068858789892,positive,0.9727216660079687
1295697070628712454,negative,0.0003984011770661783
1295697070658134017,negative,0.007348254687803833
1295697071136215041,negative,0.09254905100945168
1295697073518641152,negative,0.0507568439576558
1295697074390888448,negative,0.00023856735987737933
1295697074776879111,negative,0.0026362244038887527
1295697076937003008,negative,3.1795756333123914e-05
1295697078660849665,negative,0.14134167714666668
1295697079390666752,positive,0.7091390451292086
1295697079436804096,negative,0.003310369351037937
1295697079533281284,negative,5.0849840039169895e-06
1295697081466839041,negative,0.03302965250828128
1295697081752059906,negative,6.0855917377196776e-05
1295697082423169026,negative,0.0032533681489490627
1295697082829942789,negative,0.0075130361079723046
1295697083027148801,negative,0.14134167714666668
1295697083228467200,negative,3.2784060122214556e-08
1295697085224955905,negative,0.12601313751072224
1295697085300461571,neutral,0.5710211662525364
1295697085656948736,negative,0.09254905100945168
1295697086005022720,negative,0.12601313751072224
1295697086676115456,negative,0.001141181071224632
1295697087481425920,negative,0.00015641570587274144
1295697087699574784,negative,0.0032998809880598933
1295697087791861760,neutral,0.4020383545323593
1295697090505572353,negative,7.392341187571075e-05
1295697090560118786,negative,2.7033851862317228e-05
1295697092531322880,negative,1.5719466690355895e-05
1295697094146240512,negative,1.4105811180703608e-07
1295697094540496897,negative,0.003851211178523043
1295697095127703553,negative,3.750265800303984e-05
1295697097887547392,negative,9.444871411513912e-05
1295697098147495937,negative,0.0007397342796531072
1295697099410087936,negative,0.02797257883588501
1295697099418370048,neutral,0.5808741501827569
1295697099787579392,negative,0.21921412548362115
1295697102220271618,negative,0.013013673562127459
1295697103952412672,negative,0.18299730410594303
1295697104002744321,negative,0.0004692367915139291
1295697104392912896,neutral,0.39357855285724597
1295697104535457792,negative,0.3200533255177321
1295697104816312320,negative,0.0019167558525473776
1295697104883658755,negative,0.14134167714666668
1295697106322305025,negative,0.012794336949919475
1295697106414579712,positive,0.711708985321121
1295697106611703810,negative,0.12601313751072224
1295697107509284871,negative,0.18158034506993168
1295697107698044928,negative,0.25492411129201253
1295697107953815552,neutral,0.5344029679637843
1295697108243222529,negative,4.026635749776777e-05
1295697108272664576,negative,0.08755118420002257
1295697110344642560,negative,0.05048662468415991
1295697111267209217,negative,4.152720808556812e-05
1295697111531638784,negative,0.04934003205998236
1295697111971962886,negative,0.012691638614722212
1295697112613695489,negative,0.11842365439584457
1295697115121885191,negative,1.6395967586671367e-05
1295697116808060933,negative,0.00040539858351233465
1295697116862517249,negative,0.12601313751072224
1295697117240004609,negative,0.0005960794063345932
1295697119190364161,neutral,0.6455097794235567
1295697119412723712,negative,3.750265800303984e-05
1295697119760863233,negative,1.3290059832167561e-05
1295697119878303755,negative,0.14134167714666668
1295697124034740225,negative,0.0006637943113605261
1295697125611835394,negative,0.018296750727279175
1295697126152900608,negative,0.0008883115312683695
1295697126303977472,negative,0.005317214705418283
1295697127423827969,negative,0.12601313751072224
1295697127595806721,negative,0.0001187435475208664
1295697128157839361,negative,0.12601313751072224
1295697128350781442,negative,0.14134167714666668
1295697128862429184,negative,0.12601313751072224
1295697128904417280,negative,6.299729290138098e-08
1295697129256566786,negative,0.006749968586320787
1295697129575460865,negative,0.023051127696236608
1295697130443681792,negative,1.5856311316764216e-08
1295697131735601153,neutral,0.49789225920557484
1295697131810979843,neutral,0.4447524058193092
1295697132666736641,negative,0.0012789130586647079
1295697132771520518,negative,0.12601313751072224
1295697133258125312,negative,0.10372575182221347
1295697133593649154,negative,0.0025557570441884624
1295697135619526656,negative,0.10396600402265237
1295697135808258049,negative,0.14134167714666668
1295697136005283840,negative,0.0028600087169856304
1295697136449916928,negative,0.0003585336260368788
1295697136970080261,neutral,0.49789225920557484
1295697139843072002,negative,0.12601313751072224
1295697139901902848,negative,0.019901934905204827
1295697140468113409,negative,0.0044751908526509945
1295697140661002240,negative,0.15288396102627083
1295697140753276929,negative,0.06377054157198513
1295697141357314049,negative,4.5500555500603966e-05
1295697141378306049,neutral,0.4020383545323593
1295697142061899776,negative,5.027071420865574e-13
1295697142380625922,negative,0.03500846501093025
1295697142443466753,negative,0.08866443278120763
1295697143982886913,negative,0.1416388564376785
1295697144393998336,negative,0.1676419035052938
1295697144884723713,negative,0.0017797153466941646
1295697144918282240,negative,0.12601313751072224
1295697145597693952,negative,0.06755976209626206
1295697145941696512,negative,0.2596100890774562
1295697146088493057,negative,0.10548216993937905
1295697146235281408,negative,1.3290059832167561e-05
1295697146340089858,negative,0.026801668119151988
1295697148173078534,negative,0.008191430420702141
1295697148575723520,negative,3.25722101444236e-05
1295697149938802689,negative,8.418688190818232e-05
1295697153319473152,negative,0.0028869650901863202
1295697154351288326,negative,5.6921322621310905e-05
1295697154409930756,negative,0.07590558917864679
1295697154862977025,negative,0.09386000229361774
1295697156410662913,negative,4.502645872582861e-11
1295697157253734401,negative,0.012794336949919475
1295697157333319681,negative,0.22596519436911686
1295697158587518976,negative,0.041817059661361594
1295697158646181897,negative,0.0037175404330998993
1295697160831410177,negative,0.0005207109971164184
1295697160885895168,negative,0.03135431427877863
1295697161599029249,negative,0.317955616456911
1295697161649188864,neutral,0.49789225920557484
1295697162748203009,negative,0.12601313751072224
1295697163339669506,negative,0.24809034034721184
1295697163352186881,negative,4.267066539444456e-13
1295697165139021826,negative,1.4976252542140145e-06
1295697166036500483,negative,0.00017235883425636278
1295697166351110145,negative,0.0020264829264148286
1295697166799904768,positive,0.9976521473271183
1295697167299096577,neutral,0.3499352441185855
1295697169983430656,negative,1.8088188086353651e-06
1295697170482552835,negative,2.4197539562806834e-07
1295697171115802625,neutral,0.3304350730105725
1295697173737345026,negative,0.00024896830945048153
1295697175884763136,negative,0.017669921645052725
1295697176107126784,negative,4.9361587305317194e-11
1295697177721933830,negative,0.00015816899939492205
1295697183073808387,negative,0.011791452389450587
1295697183698812929,negative,0.06901284341561151
1295697184353124355,negative,1.8088188086353651e-06
1295697184533487621,negative,0.006749968586320787
1295697187125563397,negative,0.02811502354190008
1295697191080792065,negative,0.10886634654411638
1295697193052119041,negative,0.17199079216869323
1295697194310402053,negative,3.750265800303984e-05
1295697194511749120,negative,0.07788752185469694
1295697196353028096,negative,0.12055866149532746
1295697198575955968,positive,0.8023475604602576
1295697199544832000,neutral,0.5734576952979002
1295697199666540546,negative,0.13653836154540896
1295697200111071233,negative,0.12658537555733915
1295697204129206272,negative,9.38209634834186e-05
1295697204250906625,negative,0.025054689733965654
1295697205169459205,negative,0.0075130361079723046
1295697207136591872,negative,0.061588054418535924
1295697207480524801,negative,0.04536213793596654
1295697207597957120,negative,4.784479745979393e-05
1295697208394874883,negative,7.81921516262273e-05
1295697208860344320,positive,0.7427900892844199
1295697209153982464,neutral,0.38966083377267685
1295697211611910145,negative,0.00033147708280829646
1295697213239242752,negative,1.7985057848491641e-06
1295697217752375296,negative,1.1330650755064376e-09
1295697221506289667,negative,0.019901934905204827
1295697221652971521,negative,0.008137431651352348
1295697222034763776,neutral,0.43612039806852576
1295697222177366016,neutral,0.3499352441185855
1295697222215053313,negative,0.00028696207194974194
1295697228959547395,negative,0.31820487300311295
1295697229257289733,negative,0.11129600164039419
1295697233623633920,negative,0.14134167714666668
1295697233942388738,neutral,0.5374478655040366
1295697234777067520,positive,0.9527619688681364
1295697234969985025,positive,0.6792494575444393
1295697236433809412,neutral,0.4020383545323593
1295697237524336641,negative,0.00036409609415476504
1295697237708869632,negative,0.0006080368080257188
1295697241001340928,negative,0.0001222162163559876
1295697242897231873,negative,0.07502337401936078
1295697245371760642,neutral,0.40961947085056727
1295697245434765317,negative,0.00022757098835720458
1295697245854146565,negative,0.0050686961198576925
1295697247183790080,negative,0.15477425789075822
1295697249305911299,neutral,0.49789225920557484
1295697251394879488,negative,0.02704553212877157
1295697251399065602,negative,0.043282282779079355
1295697253055836160,negative,1.0987980960836639e-07
1295697253517201410,negative,0.009247246998905403
1295697253999562755,negative,0.0016127369173940102
1295697254154743808,negative,0.12601313751072224
1295697254695817223,negative,0.2512242327566499
1295697255035527168,negative,0.18658523190696868
1295697255043825666,negative,0.12738990967168207
1295697257312989184,positive,0.978342543989653
1295697257812168705,negative,0.019901934905204827
1295697258122444800,negative,0.12601313751072224
1295697258902691840,positive,0.9113585606952872
1295697259254943750,negative,0.039163186604386786
1295697261876453376,negative,0.06512816819959498
1295697262191022088,negative,0.034581623450589356
1295697262312652802,negative,0.0072938360075774575
1295697262811713538,negative,0.020173317304638352
1295697263864487938,negative,1.0219513065871445e-05
1295697265936523264,negative,0.12601313751072224
1295697267362537475,negative,4.656390491473979e-06
1295697267710664704,negative,0.06344554735239241
1295697269954686977,negative,0.016881657341610467
1295697270134968320,negative,0.0009201220292394138
1295697272081125377,negative,8.073395110218177e-05
1295697274249588736,negative,0.19149935402899287
1295697274689982466,negative,0.014209273197050518
1295697276510363648,negative,0.001005457773570323
1295697278691430401,negative,0.004541358914719429
1295697278825627649,negative,0.12601313751072224
1295697279265968130,negative,0.12601313751072224
1295697279270227969,negative,0.0005638289355444513
1295697279781933056,negative,0.002234867757295951
1295697282504040448,negative,1.8088188086353651e-06
1295697282696978433,neutral,0.3306646816629014
1295697283053477890,neutral,0.49789225920557484
1295697283602931716,negative,0.004071594709284997
1295697283690962945,negative,0.15814241701701626
1295697284286550017,negative,0.001150404241661264
1295697284810903553,negative,0.01923949944129717
1295697285398102016,negative,8.657684844413725e-05
1295697287415554053,neutral,0.5808741501827569
1295697290657759233,negative,0.20026849340043604
1295697291404173313,negative,3.9948547792202965e-12
1295697292385832961,neutral,0.5017543432377519
1295697292813635584,negative,0.14134167714666668
1295697293954486272,negative,0.13402844583612183
1295697294155812864,negative,0.12601313751072224
1295697294172528640,negative,0.12601313751072224
1295697294914985989,neutral,0.3692707025427119
1295697295267311617,negative,0.013319893403589139
1295697296550658049,neutral,0.3306646816629014
1295697296647245825,negative,4.2228753980145414e-11
1295697296760492033,negative,0.11293671079063594
1295697297007837184,negative,0.0020323750193468083
1295697299608408066,negative,0.002327854740297852
1295697300862402563,negative,0.08755118420002257
1295697301701373952,positive,0.6702505734916199
1295697301734817794,negative,0.04147779582385276
1295697304935182336,neutral,0.6563131832915976
1295697305677561858,negative,0.03734775599302679
1295697307468541954,neutral,0.604392074269664
1295697308038893568,negative,0.14134167714666668
1295697308252811264,negative,0.010078191395752502
1295697308693213186,negative,5.576031647107205e-05
1295697308840058880,negative,0.31698744682486735
1295697309532135424,negative,0.019901934905204827
1295697309817348096,negative,0.008449015038457706
1295697311864172544,negative,3.783715432533323e-07
1295697312623333380,negative,0.0008135062851964887
1295697312824647681,negative,5.323757219896581e-09
1295697312828796930,negative,0.12601313751072224
1295697316721041408,negative,0.0018393530002450593
1295697316993802241,negative,5.516051276330642e-08
1295697317098590209,negative,0.04072849749046836
1295697317165780992,neutral,0.6563131832915976
1295697318499561475,negative,1.156263579054156e-14
1295697318780567558,neutral,0.38206843311007627
1295697319007059968,negative,0.008551744862496442
1295697319015440384,negative,0.05991339020560473
1295697319086772230,negative,0.00016950144677867093
1295697320315703296,negative,1.4105811180703608e-07
1295697320558854145,negative,0.006830567305835134
1295697320898633728,negative,0.20167916564919017
1295697321573920768,negative,0.0024345822991952135
1295697321662066688,negative,0.04494233058072184
1295697322505117697,negative,0.0600101272615417
1295697324363190272,negative,5.713865686308423e-08
1295697324761587712,negative,0.12601313751072224
1295697324887486464,negative,0.0600101272615417
1295697325227220992,positive,0.7724432874034242
1295697325252325382,negative,0.04781650082727414
1295697325487251456,negative,0.15706210782121804
1295697326623858689,negative,0.14134167714666668
1295697328435757056,neutral,0.3967038635104157
1295697328888832001,negative,0.12601313751072224
1295697329379586048,neutral,0.6293751962869982
1295697329597669377,negative,0.061588054418535924
1295697330616905728,positive,0.9984457057003434
1295697332961292288,negative,0.0022979747197490403
1295697333045415938,negative,0.05784351897484676
1295697333276094464,negative,0.12601313751072224
1295697334144180224,negative,0.0005082550125913172
1295697334483943425,negative,0.14764132238546426
1295697334488244225,negative,0.024405456238622735
1295697334819594247,negative,0.00029841097568089636
1295697334924443648,negative,0.12601313751072224
1295697335259996160,neutral,0.3306646816629014
1295697335322923010,neutral,0.5374478655040366
1295697335364788226,negative,0.14764132238546426
1295697337025691649,negative,0.20976441277881258
1295697340062404611,neutral,0.49789225920557484
1295697341148692485,negative,0.23547395389090442
1295697343426289665,negative,0.006359292570281136
1295697344109907969,neutral,0.5396093411954843
1295697344453914624,negative,0.0075130361079723046
1295697345514999809,negative,0.0007698480462929549
1295697345540231169,negative,0.22144923692343593
1295697346081193984,negative,0.019901934905204827
1295697346341339137,negative,0.317955616456911
1295697346601394177,negative,0.08785473316588438
1295697346878214144,negative,2.0072057104702054e-05
1295697348211937280,negative,0.22015423201985598
1295697349566586882,negative,0.0032533681489490627
1295697349646442499,negative,0.0007269658733332372
1295697350502096896,negative,0.12601313751072224
1295697351370248192,negative,0.0008885083237630975
1295697354058801153,negative,0.31820487300311295
1295697355006775296,neutral,0.35687064213506103
1295697358316068864,negative,0.0676922749993801
1295697362376155137,negative,0.10530308874440533
1295697363131146241,negative,0.061588054418535924
1295697363747713024,negative,0.0018388825987287417
1295697364125126656,negative,0.012794336949919475
1295697366528536576,negative,5.643077774743622e-06
1295697367128313857,negative,2.201659054042348e-08
1295697367203745793,negative,0.0021329762853119043
1295697367228911616,negative,0.00018163029114407663
1295697367455404032,negative,0.18662654155249334
1295697371519746048,neutral,0.5777941537773562
1295697372408946690,neutral,0.49789225920557484
1295697372908068865,negative,0.09421732100141891
1295697376355717121,negative,0.1717063399097072
1295697380264890370,negative,1.0625264108921308e-06
1295697380550082560,neutral,0.470787235481156
1295697381376380928,negative,0.006830567305835134
1295697385285455873,negative,0.026640802956355434
1295697387911090178,negative,0.13449786664433144
1295697389093818368,negative,0.0014267148977452225
1295697391627239424,negative,0.0072938360075774575
1295697391660802048,negative,1.8713227296548172e-05
1295697396656111616,negative,0.1885590633393739
1295697397151150081,negative,0.011577013803850641
1295697397310423041,positive,0.875362035095293
1295697397440483330,negative,0.011791452389450587
1295697397654458369,negative,0.26312034122080286
1295697399885762562,negative,0.06591718257311349
1295697400170983431,negative,0.004053118679355682
1295697401987072000,negative,3.750265800303984e-05
1295697405061533696,neutral,0.3821571958457934
1295697405317386240,negative,0.004554631946701317
1295697408995844106,negative,0.00037628356274526124
1295697409545306112,negative,0.32774664998481645
1295697410455482368,negative,1.072164764953283e-05
1295697410572922880,positive,0.8247486915736592
1295697410707148802,negative,7.918498919323369e-07
1295697416981827585,negative,0.0005207109971164184
1295697417183137792,negative,0.05741082219477387
1295697417334071296,negative,7.098665514213687e-06
1295697420400156673,negative,0.034826808312020306
1295697421729701895,neutral,0.5643885256014837
1295697422979604481,negative,0.0012643754658529468
1295697424086962182,negative,0.056422403400652285
1295697425580032001,negative,0.085374508322731
1295697425726832641,positive,0.9527619688681364
1295697426708389888,negative,4.942974956202568e-09
1295697426767118336,negative,0.03302965250828128
1295697431657451526,negative,0.2522532481765963
1295697432093716484,negative,0.00023856735987737933
1295697433356382209,negative,1.9228058511587214e-05
1295697433427685377,negative,0.04139875574635041
1295697434224590849,negative,0.06316873021486953
1295697435365453826,negative,0.03972379209694333
1295697437798080512,negative,0.006904534748285077
1295697437974298626,negative,1.4976252542140145e-06
1295697439895289856,negative,2.122949176921949e-09
1295697442256703489,negative,0.0009316143987459055
1295697442395033600,negative,0.019901934905204827
1295697442944491525,negative,4.1281050009622317e-07
1295697443137486849,negative,0.00046160188127251727
1295697443611447298,negative,6.384647736519862e-05
1295697443762376708,negative,0.17199079216869323
1295697445922451456,negative,5.643077774743622e-06
1295697446027309061,neutral,0.4507454498615163
1295697446279020544,negative,4.317664146834203e-05
1295697446346031104,negative,0.12601313751072224
1295697446379630592,negative,0.0018951207819836217
1295697447054974977,negative,0.0021831887478922
1295697447101095936,positive,0.9428102027861736
1295697447575064578,negative,0.12601313751072224
1295697447805521920,neutral,0.49789225920557484
1295697450360082437,negative,0.044051357276136495
1295697451261874179,negative,0.004131291945665247
1295697451689676801,negative,0.0072938360075774575
1295697452415225856,neutral,0.46511884455441777
1295697454457851904,negative,3.149228221673432e-05
1295697455099645954,negative,0.19708103486347092
1295697455170965506,neutral,0.5112162807618442
1295697455313551362,negative,0.012794336949919475
1295697455548370947,neutral,0.6189493602832854
1295697456001429505,negative,0.03302965250828128
1295697456378843138,negative,0.12601313751072224
1295697456534040578,neutral,0.39846313698273567
1295697457028960257,negative,0.012395618865407595
1295697458488639488,negative,0.0010286123620002786
1295697458534768641,neutral,0.3306646816629014
1295697458799030273,negative,0.09254905100945168
1295697459276988417,negative,0.15259640888133033
1295697460338319360,negative,0.12601313751072224
1295697460942254080,negative,0.11959328376848666
1295697463010103297,negative,0.02788684616756933
1295697463110762498,negative,0.08818561164758601
1295697463412695040,negative,0.10396600402265237
1295697464058687493,negative,0.14134167714666668
1295697464234782721,negative,0.012723223352748777
1295697464478007297,negative,0.13641721998267456
1295697464901742594,negative,0.10873084537464295
1295697465275023360,negative,0.021533469754306103
1295697467099566082,negative,0.01655022480749108
1295697467133046784,negative,0.08007641557858117
1295697468043165697,negative,0.0445056521191953
1295697469062422530,positive,0.6758298935779466
1295697470396268547,negative,0.2235211305721264
1295697471260286978,negative,0.21780074851316159
1295697472094904322,negative,0.00025812684761867795
1295697472682110977,negative,0.317955616456911
1295697472791236609,negative,3.25722101444236e-05
1295697475987095552,negative,0.024563317365981597
1295697477115445250,negative,0.12601313751072224
1295697477178404869,neutral,0.47464861052084617
1295697478118002688,negative,0.001061281101462782
1295697479887982592,negative,0.2076697765453865
1295697480265404418,negative,0.009985961610945816
1295697481376739328,negative,0.0007811723832325936
1295697483524378626,negative,4.149905573902449e-14
1295697483687964672,negative,0.1216922892359441
1295697484845666304,negative,0.10396600402265237
1295697484900175874,negative,0.11591685326288977
1295697485227266051,negative,0.2941056163298043
1295697486091374592,negative,0.0032533681489490627
1295697486254940165,negative,0.0003202946533833755
1295697488809205762,negative,0.012100029451893857
1295697488846950406,negative,7.438841072348274e-05
1295697489862053888,negative,0.12601313751072224
1295697489866248192,negative,6.254902954075484e-05
1295697489916497921,negative,0.14134167714666668
1295697490176548864,negative,0.12601313751072224
1295697492353470464,neutral,0.47899764479002754
1295697492370169863,negative,0.23704735335805455
1295697492542095366,negative,0.32921645411968337
1295697492613435394,negative,0.00011379540270006691
1295697492647043072,negative,0.001066857133157318
1295697492655443971,negative,0.01981185236540945
1295697492902903809,negative,0.011577013803850641
1295697493137788929,positive,0.7352364966490751
1295697493544624129,negative,0.006830567305835134
1295697494198951937,negative,0.03669135265188776
1295697494886817793,negative,0.0451367204794381
1295697496291840001,neutral,0.5374478655040366
1295697496916873216,negative,5.576031647107205e-05
1295697496988102656,negative,0.12601313751072224
1295697497453727749,negative,0.25741748571289785
1295697497600524290,negative,0.10048846400266408
1295697500565835776,negative,0.0004253957137753302
1295697501308280836,negative,0.12601313751072224
1295697501547192323,negative,0.06623432860846734
1295697501832581125,negative,0.317955616456911
1295697502407200771,negative,0.002234867757295951
1295697502503657480,negative,9.964608108684384e-07
1295697503208255488,negative,0.006231214981885819
1295697504999178243,negative,0.317955616456911
1295697506098020353,negative,0.0032533681489490627
1295697506144325632,negative,0.019901934905204827
1295697506400120832,negative,0.04421896871733771
1295697506635067392,negative,0.045296301213504996
1295697506689519617,negative,1.4976252542140145e-06
1295697506781802496,negative,0.12601313751072224
1295697509759713280,negative,0.02944421688112081
1295697509982109697,negative,0.07039115002182492
1295697510372179970,negative,0.02132099595582579
1295697510799937544,neutral,0.34322267253793753
1295697512947474433,negative,0.040900080992385325
1295697513488371714,negative,6.019578862716503e-07
1295697513610125312,negative,0.12601313751072224
1295697513765314560,positive,0.9999971171092656
1295697514126086144,negative,0.00011548697541950028
1295697514696450048,negative,8.657684844413725e-05
1295697517976465409,negative,0.12601313751072224
1295697518370738177,negative,0.11741272946124541
1295697518479716352,negative,0.0002950035274722003
1295697519452794882,negative,0.00022824862617855718
1295697519528247296,negative,0.024561061548734223
1295697519855493122,negative,0.0032533681489490627
1295697519964553222,negative,0.0028464838235345608
1295697521692606464,negative,0.00097325950195947
1295697523110219776,positive,0.9246528404519305
1295697523475189761,negative,0.031070038581693243
1295697523747717126,negative,0.024097368992299875
1295697525605896196,negative,0.025423864186914082
1295697526180413446,negative,0.0013882506093142362
1295697526587379712,negative,2.789655860945716e-10
1295697527073845248,positive,0.9946010193746012
1295697527170367490,negative,6.487075180324126e-06
1295697527325556736,negative,0.12601313751072224
1295697527686209537,positive,0.7306411991494768
1295697527770165248,negative,0.0008914572548940793
1295697527992246272,negative,0.0017007003694549012
1295697528017518593,negative,0.27758591151577966
1295697528042803207,negative,0.003963595021656244
1295697528051183621,negative,0.00015346569853918462
1295697528080470016,negative,0.14134167714666668
1295697528290246658,negative,0.12601313751072224
1295697528323809280,negative,0.14134167714666668
1295697531159052290,negative,0.025672156194776266
1295697531792494592,negative,1.700352702485999e-05
1295697532887150593,negative,0.004107727400694868
1295697534237777923,neutral,0.4737554465528978
1295697534371987457,negative,0.0075130361079723046
1295697535089160193,negative,0.12601313751072224
1295697535240110080,negative,0.14134167714666668
1295697535688941568,negative,0.0010391131602780004
1295697535982600193,negative,0.14134167714666668
1295697536360108034,negative,0.00034996050114369183
1295697536804675588,negative,0.2512242327566499
1295697537437966336,neutral,0.37608424233915744
1295697537450606592,negative,6.607970307598792e-07
1295697537483960321,negative,0.00023846379790412456
1295697539371597825,negative,0.08879520994779676
1295697540034240512,negative,0.317955616456911
1295697540248154112,negative,0.001150404241661264
1295697540332040192,negative,0.00032862021492752343
1295697540701130752,negative,1.0825897597371955e-06
1295697540797603840,negative,0.00011371886963053537
1295697542467006465,negative,0.18452869957961077
1295697543800565762,negative,0.012169857429332064
1295697544077598720,negative,0.12601313751072224
1295697544220217345,negative,0.168730091977124
1295697544505327618,negative,0.07186664869213227
1295697546623569920,negative,0.14134167714666668
1295697546967420928,negative,0.14134167714666668
1295697548049555457,negative,0.12601313751072224
1295697548225568768,negative,0.020173317304638352
1295697550817853440,negative,0.002669819153921824
1295697551304392704,negative,0.01563255569943108
1295697551342141441,negative,0.0017278084595822715
1295697552285859842,neutral,0.4274047939449264
1295697552508157952,negative,0.02132099595582579
1295697561207164930,negative,7.098665514213687e-06
1295697562381496322,negative,0.0015082025494113718
1295697564268986368,negative,0.004316169404615848
1295697564709330944,negative,0.06901284341561151
1295697564780634113,negative,0.18472108792513997
1295697567641206789,negative,0.001636158911598722
1295697568186413058,negative,0.001115952507180762
1295697568517808128,negative,0.10923838763276379
1295697568538808320,negative,0.11158845380179816
1295697570338144257,negative,0.06251426654054333
1295697573215338497,neutral,0.6559538709129247
1295697578068250624,negative,1.0211573833574683e-05
1295697580219924481,negative,1.6399098886871927e-05
1295697581188829184,neutral,0.438658726745286
1295697581369065472,negative,0.22561333375529458
1295697582619066371,negative,0.23245213928030772
1295697584493940738,negative,0.0031788503840605472
1295697584695255040,negative,0.00016950144677867093
1295697584703578114,negative,8.591469099514873e-05
1295697584984596481,negative,0.0118563870119722
1295697585731231750,negative,0.2207058397378527
1295697586221920256,negative,2.3724387491669953e-06
1295697586968559617,negative,1.332729351319976e-05
1295697588641988609,negative,0.05060504973773123
1295697589564776449,negative,0.0005207109971164184
1295697590110031873,negative,0.1918649983530034
1295697590290243585,negative,0.04883209686709581
1295697590328217608,negative,0.05784351897484676
1295697593067020288,negative,0.08530964621019042
1295697593264214019,negative,0.02593447300713074
1295697599270400000,negative,4.753671131880483e-12
1295697599299817473,neutral,0.49789225920557484
1295697599328948228,negative,0.26845984196620165
1295697601698959361,negative,0.003802063160635881
1295697602772697094,negative,0.07435848276809846
1295697608925761537,neutral,0.3306646816629014
1295697610158813190,negative,0.03135431427877863
1295697610771173377,negative,1.0987980960836639e-07
1295697611865890823,negative,0.18472108792513997
1295697614734798851,negative,0.0010725551523519182
1295697615015813120,positive,0.9960760401223716
1295697620023877633,negative,0.007302956732843028
1295697623656148992,negative,0.10886634654411638
1295697632220848133,negative,0.09421732100141891
1295697635840593923,negative,0.0004338355674508675
1295697635924414465,negative,3.750265800303984e-05
1295697636037726208,negative,2.7576915926557836e-05
1295697636138397697,negative,4.957227772611883e-05
1295697636532649985,negative,0.024405456238622735
1295697636658487296,negative,0.019901934905204827
1295697637077909504,negative,0.0005638289355444513
1295697639128936450,negative,0.10923838763276379
1295697640148140032,negative,0.011182380978529272
1295697640265588737,negative,0.00020014361048322654
1295697641175752704,negative,0.19724615924741964
1295697641242636289,negative,0.034287725988153675
1295697643318976513,negative,0.162399327910859
1295697643377762304,negative,0.0005015239778307462
1295697644724027392,negative,0.0001568205364054759
1295697644900110338,neutral,0.5423402707123799
1295697645240037376,negative,0.019901934905204827
1295697645416189952,negative,0.005317214705418283
1295697645768507392,negative,0.10240815662956858
1295697646351519744,neutral,0.4432266081832594
1295697646376681474,neutral,0.48569510451212894
1295697647383252992,negative,1.4747736177600777e-09
1295697647718866944,negative,0.012794336949919475
1295697649610432513,neutral,0.5169955073393762
1295697651644719104,negative,0.0006136649901118264
1295697652294836229,negative,0.14134167714666668
1295697652663889920,negative,0.00793636292525567
1295697652714266624,negative,0.048908657469867424
1295697652949164033,negative,8.876957217897358e-05
1295697653154578436,negative,0.003802063160635881
1295697653238464512,negative,0.0009410562022247839
1295697653486047233,negative,2.195193098726262e-14
1295697653699936256,negative,0.14999565204107748
1295697653989281793,negative,0.0001276234553544667
1295697654073229314,negative,0.08007641557858117
1295697655629099008,negative,7.098665514213687e-06
1295697655750897665,negative,0.008849858138102148
1295697655990030336,neutral,0.49190127439221876
1295697657659297792,negative,0.016158660682380505
1295697660729581569,negative,0.09612350176333716
1295697660771553280,negative,0.00043460461905180423
1295697661383905282,negative,0.14134167714666668
1295697661396484096,neutral,0.5374478655040366
1295697664324108288,positive,0.978342543989653
1295697664563060738,neutral,0.3628814653312217
1295697664789676032,negative,0.16760417267415498
1295697665951510533,negative,7.29498211849441e-06
1295697668912685056,negative,0.20478744906478066
1295697669944479744,negative,0.0012440260738469993
1295697672985350144,negative,0.317955616456911
1295697673295745024,negative,0.10923838763276379
1295697674918924294,negative,5.341726040733777e-06
1295697676651188230,negative,0.04239833957058144
1295697677620060160,negative,0.008473546305672767
1295697677888491520,negative,0.07014380549577924
1295697679075377157,neutral,0.5374478655040366
1295697680719650816,negative,0.019530035338548482
1295697681013243904,negative,0.14134167714666668
1295697681357078528,negative,0.08314276839420179
1295697685211754498,negative,0.14134167714666668
1295697686713323524,neutral,0.4020383545323593
1295697687245971456,negative,1.8184027079851874e-06
1295697688009355269,negative,7.098665514213687e-06
1295697689548599296,negative,0.001344281215812274
1295697689787740161,negative,0.14134167714666668
1295697689875812352,negative,0.028574779651939105
1295697690454622209,negative,0.14134167714666668
1295697690567868416,negative,0.009247246998905403
1295697690966319104,negative,0.14134167714666668
1295697691259920392,negative,0.019901934905204827
1295697692065173505,negative,0.010332653681365602
1295697693419896832,negative,0.009291749139039832
1295697694493736966,negative,0.0023611495863098864
1295697694707585028,negative,0.1894221616717045
1295697695189929990,neutral,0.36095958222040864
1295697695961681920,negative,3.25722101444236e-05
1295697697928884224,negative,0.03669135265188776
1295697698667012110,negative,0.0075413466511349845
1295697699006808064,negative,0.13696517661033145
1295697699258474496,negative,0.14134167714666668
1295697699648536582,negative,0.12601313751072224
1295697699677888514,negative,0.0020323750193468083
1295697701875712000,negative,0.0020264829264148286
1295697702005637120,neutral,0.3306646816629014
1295697702064287745,negative,0.012169857429332064
1295697702756507649,neutral,0.34743474562130694
1295697703171764225,negative,8.557909290683743e-05
1295697703628943367,neutral,0.614952937468593
1295697703716913153,negative,0.14134167714666668
1295697704077623296,negative,0.2528810760880637
1295697704149032960,negative,2.4046122022119618e-06
1295697706078416897,negative,5.306193393812519e-07
1295697706439106565,negative,0.12601313751072224
1295697706506235906,negative,0.12601313751072224
1295697706925592578,negative,0.01256917350454419
1295697707026329600,negative,0.10923838763276379
1295697707701501952,negative,0.02132099595582579
1295697708267733001,negative,8.418688190818232e-05
1295697708297129984,negative,0.001947762946201267
1295697708817297409,negative,9.133255360484748e-05
1295697710222323714,negative,0.008443710401535461
1295697710478233600,negative,0.22522735097235186
1295697710935408640,neutral,0.41945625588961544
1295697711564554244,negative,0.042056264392703144
1295697711606497281,negative,0.018075472935833604
1295697714634579968,negative,0.1837859889002491
1295697714643075072,negative,0.00033147708280829646
1295697714911612929,negative,0.000498219136320927
1295697715079385088,negative,0.02184215436940481
1295697716811640832,negative,0.001150404241661264
1295697716819853312,negative,0.08755118420002257
1295697718967439360,neutral,0.36877940421195676
1295697719206580224,negative,0.07936514476569273
1295697719516962817,negative,0.29269589891569664
1295697719667957762,neutral,0.5808741501827569
1295697720003436544,negative,0.0004394782131207557
1295697720246665216,negative,0.07717153269227565
1295697722805293058,neutral,0.46127768308170247
1295697722855559168,negative,9.38209634834186e-05
1295697722985656321,negative,0.06720811111586357
1295697723711258624,negative,0.017737322312159787
1295697724055138304,negative,0.001666204377815562
1295697724575285250,negative,1.8088188086353651e-06
1295697727070887939,negative,0.019901934905204827
1295697727398055936,negative,0.16435684993276148
1295697727653851136,negative,0.0002410776069345648
1295697727934914560,negative,0.03782037235008845
1295697728098521088,negative,0.00010594770090092514
1295697729147097090,negative,0.019901934905204827
1295697729369382912,neutral,0.463978820347152
1295697729646198791,negative,0.018208962661737937
1295697731802009615,neutral,0.3306646816629014
1295697731994910721,negative,3.750265800303984e-05
1295697733031010304,negative,0.02090793093393309
1295697733584658433,negative,0.001317872720569138
1295697736361099264,negative,5.906744555053446e-13
1295697736935907329,negative,0.019901934905204827
1295697737099489281,negative,0.00010980593242728471
1295697737590153218,negative,0.0430101816775751
1295697740060667905,negative,0.02132099595582579
1295697740358451200,negative,0.006266405821255498
1295697741004312580,negative,0.10886634654411638
1295697741142794240,neutral,0.5344029679637843
1295697741155315712,negative,0.2574272561824841
1295697741369180160,negative,0.014054640308500621
1295697742065532928,neutral,0.5048839309749433
1295697742250102787,negative,0.006749968586320787
1295697743781015552,negative,0.0001482934713042492
1295697744523399168,neutral,0.3385252644667176
1295697744556953600,negative,0.06924054420465577
1295697748990275584,negative,0.05323044238808491
1295697749875228675,negative,0.0001256133254636323
1295697753692147712,negative,0.26287357984472953
1295697755290173446,negative,0.06316873021486953
1295697756007337984,negative,0.11591121074334354
1295697756800126977,negative,0.024497146896020432
1295697757219553280,positive,0.7029000072232648
1295697759811452929,negative,0.00012326633022177253
1295697762743390209,positive,0.9633894245446962
1295697762902839303,positive,0.9696083469795036
1295697764865716224,negative,0.20478744906478066
1295697766988034049,negative,6.270536273868096e-05
1295697767348736000,negative,2.0004588456728248e-05
1295697767784804352,negative,0.22606337594013387
1295697770209333249,negative,0.0016426734485734916
1295697771014557697,neutral,0.5017543432377519
1295697773296320518,negative,0.18299730410594303
1295697773686382592,negative,0.2583396599417602
1295697774864998402,negative,0.2157293232345827
1295697774982332419,negative,0.044573483057308294
1295697775049551872,negative,0.18286116381631745
1295697777431904257,negative,0.18146911214380979
1295697778505666569,negative,1.6409765488457423e-05
1295697783001722883,negative,0.019251955365517923
1295697785740832768,negative,8.253807541244514e-07
1295697786399268867,negative,2.1538528408573704e-06
1295697786512576512,negative,0.0012789130586647079
1295697790505349120,negative,7.098665514213687e-06
1295697791788998658,negative,0.000777269100867043
1295697791877079040,negative,0.051770184030688254
1295697791939948544,negative,0.03135431427877863
1295697796197212160,positive,0.7024114102505176
1295697796255948800,negative,0.0002950035274722003
1295697796268527617,negative,0.1389357443319044
1295697803256135680,negative,0.0005207109971164184
1295697804942282752,negative,0.00298715316024076
1295697808503246848,negative,1.362068063200842e-07
1295697809379921922,negative,0.09994231450184483
1295697811321892864,negative,0.07936514476569273
1295697812248764416,negative,0.028905962102984184
1295697813700059136,negative,0.00040539858351233465
1295697816145342468,negative,1.4291468315820615e-05
1295697817445511168,negative,0.022164490314057074
1295697820406755328,negative,0.0018489038645729556
1295697820490620928,negative,0.17423360140033467
1295697822222823427,negative,0.08022047292342224
1295697824689119232,neutral,0.5718541379795399
1295697827671179269,negative,5.547601099312391e-05
1295697828723949568,positive,0.7486554075845797
1295697829386739713,negative,0.14134167714666668
1295697830061969409,negative,0.12601313751072224
1295697830535979009,negative,0.08274201933209903
1295697830552711175,neutral,0.5808741501827569
1295697830611431427,negative,0.12601313751072224
1295697830619820032,negative,2.425816020496772e-05
1295697830703706113,neutral,0.43956083614262703
1295697831563534337,negative,0.019901934905204827
1295697832154927110,negative,0.00038250586659634167
1295697832561827842,negative,0.317955616456911
1295697833732067328,neutral,0.5169955073393762
1295697836101820418,neutral,0.5374478655040366
1295697836273807360,neutral,0.6323720940364075
1295697837586513920,negative,5.643077774743622e-06
1295697838094065665,neutral,0.3306646816629014
1295697838630993925,negative,7.843612797587265e-05
1295697838698094596,negative,5.922634659535587e-10
1295697841634107392,neutral,0.46334480996064314
1295697841797640195,negative,0.10240815662956858
1295697842380648449,negative,0.3036884792358574
1295697844595314688,negative,6.853177670987343e-05
1295697844846899200,negative,6.136143679857502e-09
1295697844884647936,negative,1.8088188086353651e-06
1295697844909809665,negative,0.12601313751072224
1295697845044023299,neutral,0.3619451476948216
1295697846952394752,negative,0.2071251955952833
1295697847158005766,negative,0.15210123704269296
1295697849108357120,negative,0.024680115740948236
1295697849217355776,negative,0.14064010518276598
1295697849309691904,negative,0.08007641557858117
1295697849477476352,positive,0.8076253605841208
1295697849611685888,negative,0.02885202517305093
1295697849905111041,negative,0.0004341462292718975
1295697850521866240,negative,2.463243048816009e-07
1295697850656055299,positive,0.9999927452472095
1295697853604605953,negative,0.030277080594385487
1295697854149910530,neutral,0.3440016858186172
1295697854179217409,negative,0.005319102957362682
1295697857413095429,neutral,0.49789225920557484
1295697857496993792,negative,0.0016576778712567043
1295697857807351809,negative,0.014479366522355026
1295697858239385602,negative,0.0606494528342481
1295697858595827713,negative,0.0006996094036779443
1295697858872713216,negative,0.12601313751072224
1295697859204001792,neutral,0.46127768308170247
1295697859317313537,negative,0.044051357276136495
1295697861515059201,neutral,0.5652309771345115
1295697861624172545,negative,6.48349173263218e-12
1295697861657665536,negative,0.0478458034508854
1295697861703868416,neutral,0.6048318564234116
1295697861716389888,negative,0.001508225662847598
1295697861888430080,positive,0.7310097771867105
1295697861947129857,negative,0.31359066856531265
1295697862651785217,negative,0.012169857429332064
1295697862815297540,negative,0.30315466364504035
1295697863205421057,negative,0.00018987384704124033
1295697863478059009,negative,0.004856728274534107
1295697866330198018,negative,0.0547589124551031
1295697866359480322,negative,0.007710645914743087
1295697866653151235,negative,0.0001315929800809167
1295697867072577536,negative,0.006295124807009835
1295697867408052227,negative,0.10468392610508995
1295697867710124038,positive,0.720790058269022
1295697868007919618,negative,0.18299730410594303
1295697868058173440,negative,0.0018232628860428203
1295697868473475072,negative,0.00011920047949049027
1295697870314770432,negative,0.0028464838235345608
1295697870616748035,negative,0.000565656469937879
1295697870881005569,negative,0.00891330116507618
1295697871854014464,negative,0.1390682402016792
1295697874169352193,negative,0.20348124742185403
1295697874186047495,negative,0.12601313751072224
1295697874328662017,negative,0.015986331008201234
1295697874341289984,negative,0.0036014199186581272
1295697874441981954,negative,0.317955616456911
1295697874551005184,negative,0.0021831887478922
1295697874622263296,negative,0.049023363547907664
1295697874668466176,negative,0.0031797094825060327
1295697875062730753,negative,0.08238130995994213
1295697875641532417,negative,0.12601313751072224
1295697875867926529,negative,0.012021786064087958
1295697878380404736,neutral,0.5916122031609724
1295697878535622657,neutral,0.49789225920557484
1295697878569160707,negative,0.03951516794837749
1295697879403761664,negative,0.012520618617339968
1295697880641155072,negative,0.006999324543486459
1295697882402742274,negative,0.004270671939399968
1295697882901815296,negative,1.8692687805650969e-10
1295697883157729282,negative,0.029211653005974933
1295697883304472577,negative,8.657684844413725e-05
1295697887402299393,negative,0.3246360073811064
1295697888069259265,negative,0.12601313751072224
1295697889138745344,negative,3.1265088997238226e-07
1295697891126894593,negative,0.14134167714666668
1295697891261140992,negative,0.004539457274035909
1295697891642810371,negative,0.002733996192898813
1295697892372549632,negative,0.14134167714666668
1295697893001699335,negative,0.11888264431085406
1295697893052035072,negative,0.00011840967125386979
1295697894763368449,positive,0.9450098357883242
1295697895094722566,negative,6.783194569699013e-12
1295697895384064000,negative,0.027010741590229773
1295697895849693185,negative,0.0003146503927633664
1295697896176787460,neutral,0.33814765817941306
1295697896969572352,neutral,0.5808741501827569
1295697899783884803,negative,0.21924840240667573
1295697900379484160,negative,0.001947762946201267
1295697900664651776,negative,3.750265800303984e-05
1295697901042180103,negative,9.870368006302543e-10
1295697903084871684,negative,0.0429259425578362
1295697903592148992,negative,0.00033147708280829646
1295697904234123264,negative,0.018208962661737937
1295697904594759682,negative,0.3073415110632821
1295697904796143617,negative,0.001858704943670592
1295697904913592320,negative,0.0038656436225329794
1295697905211203585,negative,0.00311331717206706
1295697905270095872,neutral,0.49789225920557484
1295697908398948353,negative,0.04005223737714464
1295697908654911488,negative,0.0006823847411899322
1295697909892218882,negative,6.623169600052195e-12
1295697911569887234,negative,2.8231189365913217e-05
1295697911779659778,neutral,0.6563131832915976
1295697911855099910,negative,0.00012803279689314805
1295697912991801346,positive,0.7418738750470062
1295697913230786560,negative,0.010331592575178693
1295697913247653888,negative,0.14134167714666668
1295697916095614976,negative,3.787239567930891e-05
1295697916447817730,neutral,0.5344029679637843
1295697916846374914,negative,0.0002905379629482993
1295697916875739138,negative,2.004629037561568e-06
1295697918045937664,negative,0.1737459313519748
1295697918519906305,negative,0.04867813141563496
1295697918616391682,negative,0.0018657919984342661
1295697919929200640,positive,0.8424276859884701
1295697920176672769,negative,0.04060724336050897
1295697923230052352,negative,0.022223357112360245
1295697924119306240,neutral,0.5344029679637843
1295697924345790465,negative,0.12601313751072224
1295697924408647680,negative,0.12830371513052494
1295697924622553089,negative,0.14134167714666668
1295697924710694914,negative,0.32678751804568934
1295697924761030656,negative,0.08689056960138107
1295697925113352192,neutral,0.3936555362780438
1295697925230788608,negative,0.0116083465335121
1295697925801160704,negative,0.12601313751072224
1295697926170316801,negative,8.418688190818232e-05
1295697928271663105,negative,0.18472108792513997
1295697928409907206,negative,0.03000732460459701
1295697928833699847,negative,5.6955588109608626e-05
1295697929899053056,negative,0.0015279979606158424
1295697930951811072,negative,0.21766842099364597
1295697932939931648,negative,0.008836813096591699
1295697933359288326,positive,0.9729137847856463
1295697937050345473,negative,2.8957582467236996e-07
1295697937578840069,negative,0.0005207109971164184
1295697938056970240,negative,8.911151983994424e-07
1295697938061164544,positive,0.9167666118850751
1295697938371444737,negative,0.14134167714666668
1295697942507134979,negative,0.20585874511563804
1295697942565793792,negative,0.0031797094825060327
1295697942901329920,negative,0.0004010942853570042
1295697945577357313,negative,7.981752236084361e-05
1295697947460591618,negative,1.0987980960836639e-07
1295697947804479493,negative,0.025757133343275857
1295697953584291841,negative,0.0016075747428490907
1295697953932410880,neutral,0.5718541379795399
1295697957929586689,neutral,0.4507454498615163
1295697960018247683,negative,7.843612797587265e-05
1295697961788362754,negative,0.004053118679355682
1295697962706886658,negative,0.31359066856531265
1295697963164094464,negative,0.20613452058039275
1295697963788845059,negative,0.11054087585065427
1295697964770484224,negative,0.0019752716515375776
1295697966741757954,negative,0.020502265820911216
1295697967052206080,negative,0.23947440024037964
1295697967794487298,negative,0.03329967069360357
1295697968188862465,neutral,0.49789225920557484
1295697968532783104,neutral,0.3682379624723051
1295697968553701377,negative,0.10158586034223335
1295697968641847301,negative,0.10240815662956858
1295697968910274562,neutral,0.4000973387252845
1295697968914288642,negative,0.0022979747197490403
1295697970676015104,negative,0.04137605284192735
1295697970768146433,negative,0.058527571783466986
1295697971049312256,negative,0.036868603511121076
1295697971346984960,negative,0.0005082550125913172
1295697971825332224,negative,0.17164964769111957
1295697974635507712,negative,0.2906676275916037
1295697974668926976,negative,0.0005082550125913172
1295697975621058563,negative,0.0005207109971164184
1295697976292188160,negative,7.972510592534319e-05
1295697978951426049,negative,0.18472108792513997
1295697984026562560,negative,5.470033883791384e-07
1295697984693456896,negative,0.08755118420002257
1295697987751104512,negative,0.004637588544408518
1295697987855888385,negative,0.02281693014319668
1295697988132704257,negative,5.865934363663714e-05
1295697988770320386,negative,0.18472108792513997
1295697991689478144,negative,0.0009317632767322139
1295697992016633856,negative,0.0018657919984342661
1295697994269052931,negative,1.3358394203845848e-10
1295697996286496769,negative,0.32506685266967134
1295697997100187650,neutral,0.614952937468593
1295697997578350592,neutral,0.5916509197677796
1295698003022565376,negative,0.2707934526211621
1295698004163416066,negative,0.11196843209057997
1295698004830232576,negative,0.000819889741438807
1295698005342015489,negative,0.004053118679355682
1295698005924941824,negative,8.657684844413725e-05
1295698008030490625,negative,0.2528810760880637
1295698008164761602,negative,0.07357108162995876
1295698008500318208,neutral,0.3306594378886815
1295698008613556224,negative,0.004316169404615848
1295698009485914114,negative,0.0002348781760275613
1295698011180470272,negative,0.31359066856531265
1295698013269221376,neutral,0.4447524058193092
1295698014129061890,negative,5.643077774743622e-06
1295698017308348416,negative,0.00033147708280829646
1295698022291079168,negative,0.0008686793933022024
1295698022366695424,negative,0.00018163029114407663
1295698022861549571,negative,0.10886634654411638
1295698023255805955,negative,1.0987980960836639e-07
1295698023322877953,negative,5.643077774743622e-06
1295698025743089670,negative,0.18286116381631745
1295698026917494784,neutral,0.38348152311486716
1295698027131351040,negative,0.10459830546158512
1295698027819282436,positive,0.9999997267236953
1295698029249531904,negative,3.691982190148835e-05
1295698030163898369,negative,0.12601313751072224
1295698030813941761,negative,0.059895837771476265
1295698030826577927,negative,0.12601313751072224
1295698033276067840,negative,3.314886641772634e-05
1295698033443823616,negative,7.098665514213687e-06
1295698033829707776,negative,4.227368723665211e-11
1295698034324627457,negative,0.12601313751072224
1295698034504929280,negative,0.1730746230786644
1295698034609848320,negative,0.12601313751072224
1295698035025088512,positive,0.873246530677918
1295698035071213568,negative,0.12601313751072224
1295698035431923713,negative,0.11311607600010445
1295698035448717312,negative,0.14764132238546426
1295698037298339840,neutral,0.42755866745518784
1295698037608767489,negative,0.05498892973564985
1295698038086868992,negative,0.14134167714666668
1295698038153973760,negative,0.0005207109971164184
1295698038221086720,neutral,0.5374478655040366
1295698038510563329,negative,0.08705845084734534
1295698039290593288,negative,0.04274870898572828
1295698039806603264,negative,5.6955588109608626e-05
1295698042012798977,negative,0.12601313751072224
1295698042084040707,negative,3.25722101444236e-05
1295698042142830592,negative,0.22051075309162918
1295698043367497729,negative,4.3689930621164746e-05
1295698043753369601,neutral,0.42675272904980693
1295698043862491136,neutral,0.5112162807618442
1295698043866619906,neutral,0.5374478655040366
1295698043879161857,negative,0.0031712413614957166
1295698046114766849,negative,0.27126074185219656
1295698046198652929,negative,3.25722101444236e-05
1295698047024926721,neutral,0.39185358410349375
1295698048513978371,negative,0.06924054420465577
1295698049856147456,negative,0.00034139846916135774
1295698051814830082,negative,2.463243048816009e-07
1295698052032995331,neutral,0.36925576182941056
1295698054125891585,negative,0.12476778977581064
1295698054490791936,negative,0.0005119128759117469
1295698055304482816,negative,0.07553509662953665
1295698055723921409,negative,0.0005675457138419956
1295698056298422275,negative,5.365309829854571e-05
1295698056575426561,neutral,0.49789225920557484
1295698058693480449,neutral,0.3320433216146709
1295698058714456064,negative,0.024405456238622735
1295698058915622915,negative,0.0004989025182391388
1295698059133964289,negative,0.31359066856531265
1295698059201044480,negative,0.001150404241661264
1295698059272298496,neutral,0.3436711034958995
1295698059330977794,neutral,0.45708958073322814
1295698059670753282,negative,6.15381531871097e-07
1295698059859570692,negative,0.014098573226661047
1295698062489329664,negative,0.044051357276136495
1295698063437201408,positive,0.8247486915736592
1295698063798030337,negative,0.02811502354190008
1295698064905244672,negative,0.013777964858917278
1295698064989196288,negative,0.12601313751072224
1295698065236656130,negative,0.0006034492095579572
1295698066788495361,positive,0.9527619688681364
1295698067166035968,negative,0.0050325981767084995
1295698067614769155,negative,0.03734775599302679
1295698068113895424,negative,1.3642348488499532e-10
1295698068210421760,positive,0.9338790341876424
1295698068285853697,neutral,0.4198108768186872
1295698069187592192,negative,0.07763840771209739
1295698069208608770,neutral,0.49789225920557484
1295698069258895361,negative,0.004719275828295753
1295698071104434181,negative,0.031438433839991876
1295698071246929920,negative,0.0010517510641386986
1295698071322603520,negative,0.05991339020560473
1295698071444168704,negative,0.00022824862617855718
1295698071452606467,negative,0.18472108792513997
1295698071821705219,negative,0.0063358461189960535
1295698072215990273,negative,0.12601313751072224
1295698072245284865,negative,0.002222529538524763
1295698072572395520,negative,4.5124853401347626e-05
1295698072991936514,negative,0.14134167714666668
1295698075135115264,negative,0.317955616456911
1295698075265175554,negative,1.9773707628018585e-07
1295698076603043840,negative,0.011907512868071877
1295698076657750017,positive,0.6649923908932563
1295698076712292353,negative,0.12601313751072224
1295698076984893441,neutral,0.3996580091506196
1295698077093965824,negative,0.2267180657516138
1295698077190430724,negative,0.030317542937105618
1295698077429444608,negative,5.643077774743622e-06
1295698077869903874,negative,0.20925856539677276
1295698079451160577,negative,0.12601313751072224
1295698079547621380,neutral,0.4285758614317694
1295698079832825856,negative,0.26312034122080286
1295698080277377026,negative,0.12601313751072224
1295698081724366848,positive,0.9450098357883242
1295698081871208448,negative,0.31359066856531265
1295698083632775169,negative,0.0004692367915139291
1295698085096689665,negative,0.00021684219450390866
1295698085713268736,neutral,0.46127768308170247
1295698087525130241,negative,0.1730746230786644
1295698089160978433,negative,0.05540727750890195
1295698089202929664,negative,0.22605958436374837
1295698089982988288,negative,0.009198488968345166
1295698092109561856,negative,0.18267534985174042
1295698092516245505,negative,0.28353270747818526
1295698092675792896,negative,0.12601313751072224
1295698092747104256,negative,0.010076360511827963
1295698093246230528,negative,0.007503747480903371
1295698093619310592,negative,0.10019476389528224
1295698096144384002,negative,0.12601313751072224
1295698096760987648,negative,0.13216781798733543
1295698097386016768,negative,1.1323641438631107e-12
1295698097595613190,negative,0.18286116381631745
1295698100732993536,neutral,0.5374478655040366
1295698100858781697,neutral,0.49789225920557484
1295698101236367361,negative,0.2597930492689547
1295698101924241409,negative,0.024405456238622735
1295698102138089472,negative,0.00011920047949049027
1295698102582738944,neutral,0.5374478655040366
1295698104734363650,negative,0.2133566937657392
1295698105090875392,negative,9.403755701127903e-05
1295698105585655809,negative,0.006558222740242218
1295698105610973187,negative,0.3029968537174699
1295698106714066944,negative,0.09421732100141891
1295698106743496705,negative,0.015058723599651947
1295698106751868928,negative,8.418688190818232e-05
1295698109117411332,negative,0.0007516808755897104
1295698109289377792,negative,0.012279872657955755
1295698110904250368,negative,0.02545445313493427
1295698111390797824,negative,0.002262930620172813
1295698112930099202,negative,0.14764132238546426
1295698113068490753,negative,0.07278988186945122
1295698113152405505,neutral,0.36112514240814453
1295698113433305093,negative,0.11910445269213744
1295698113726906369,negative,0.09421732100141891
1295698114142248960,negative,0.09935689090623644
1295698114439974912,negative,0.14134167714666668
1295698114783977472,neutral,0.49789225920557484
1295698117250228224,neutral,0.5475385610968239
1295698117732503558,negative,1.56899816493614e-05
1295698119305437191,negative,0.06645344628275521
1295698119552831488,negative,0.12601313751072224
1295698119695400960,negative,8.440868932636764e-05
1295698119791988738,negative,0.12601313751072224
1295698121368858624,negative,0.08007641557858117
1295698122216288256,negative,0.007033216575621781
1295698122522361860,negative,0.14134167714666668
1295698122627256320,negative,0.012685091871703951
1295698125743628288,negative,0.12601313751072224
1295698125747900416,negative,0.12601313751072224
1295698127035543557,negative,0.23810784827825426
1295698127970807808,negative,0.0008710118396963107
1295698128570658816,negative,0.0007269658733332372
1295698129766035456,negative,0.0023204566357547217
1295698130244194306,negative,0.018075472935833604
1295698130344841216,negative,0.31387462782038605
1295698130374209542,negative,0.12601313751072224
1295698131858923520,negative,0.00025620734967369326
1295698131926097920,negative,0.008316052269775609
1295698135516413954,negative,0.0011294606863811757
1295698135747047426,negative,0.006830567305835134
1295698138041286657,negative,0.0005237791596226494
1295698143384928256,negative,0.004717148548311198
1295698143624011777,negative,4.609693505815269e-05
1295698145238818822,negative,0.000343283192502915
1295698147994370048,negative,4.629620986867058e-06
1295698152478199809,negative,8.843982921742892e-08
1295698154852102145,neutral,0.5374478655040366
1295698159088406528,negative,0.3029968537174699
1295698160103428096,negative,0.25139325591436107
1295698160308883457,negative,0.21921412548362115
1295698161437224960,negative,0.17382767791336887
1295698163484053507,negative,0.15570361985565878
1295698163563716608,negative,7.900874868746993e-05
1295698165010706432,negative,0.0018657919984342661
1295698167393128448,negative,0.005942767229120011
1295698167611236352,negative,0.06316873021486953
1295698168198373376,negative,0.001252928998954944
1295698168299036672,neutral,0.5718541379795399
1295698169058209792,negative,0.058527571783466986
1295698170039734273,negative,3.0439707664671607e-05
1295698171063152640,negative,4.703534953076738e-05
1295698171771879424,negative,0.058527571783466986
1295698171792891904,negative,0.0020264829264148286
1295698172396949504,negative,0.2512242327566499
1295698172568915970,neutral,0.3459287538913422
1295698172682084352,negative,0.0685961099561239
1295698173604880385,positive,0.6786838886027308
1295698176150822912,negative,0.0004930985307503336
1295698176251498504,negative,0.008778250499235116
1295698176356290565,negative,0.0017999513691086342
1295698176620539904,neutral,0.4614648136660915
1295698176645767168,negative,0.31359066856531265
1295698176939364352,negative,0.03302965250828128
1295698177170051072,negative,0.2538327382856965
1295698177580990464,negative,0.01325874942621394
1295698177765576710,negative,0.014640049545214298
1295698179841765382,negative,2.6089138558696416e-09
1295698180563259397,negative,0.00017884503049457338
1295698181519323136,negative,0.000279677241564274
1295698182219988995,neutral,0.4306241434182096
1295698182530269186,negative,0.008473546305672767
1295698182832300033,negative,3.302028902912303e-05
1295698184317153282,negative,0.0016041754238589135
1295698184648503299,positive,0.9960760401223716
1295698185227313153,neutral,0.49789225920557484
1295698185453805568,negative,0.004454287704540177
1295698192894394370,neutral,0.5718541379795399
1295698193368449024,negative,3.750265800303984e-05
1295698197772414977,negative,0.06872303183680127
1295698198082789376,negative,0.2382669582645585
1295698201639555073,negative,0.0075130361079723046
1295698205355769856,negative,2.1751507208047918e-11
1295698206014107648,neutral,0.4461733275406525
1295698206035259392,negative,0.13496975568265573
1295698206660141056,negative,1.8088188086353651e-06
1295698207150944256,neutral,0.5718541379795399
1295698209394884613,negative,2.390391099763347e-06
1295698209856204801,negative,0.07200739484010268
1295698210116247553,negative,0.00014683079340539285
1295698210195832838,negative,0.0004211981740700472
1295698210342735872,negative,0.0023742509507860806
1295698210397155329,neutral,0.41945625588961544
1295698211324284931,negative,0.000849911986440493
1295698214084063235,neutral,0.49789225920557484
1295698215220785153,negative,0.0028330235506905947
1295698215384354817,negative,0.011763254388572886
1295698215522783232,negative,0.022197491496994837
1295698218131611650,negative,1.8933196837461393e-05
1295698218605588480,negative,2.7152824390342404e-07
1295698218748190720,negative,0.0003218498326879037
1295698219377270784,negative,0.006299536341905953
1295698219394105347,negative,0.017205522172457965
1295698222351036418,negative,0.07628363551447309
1295698222527270912,negative,0.012853302353777034
1295698223076704256,negative,0.025487700788020696
1295698223299014656,negative,0.022148904318331587
1295698223361859587,negative,0.12601313751072224
1295698223403683841,negative,2.1008471401690683e-10
1295698223676497922,negative,5.643077774743622e-06
1295698226264375297,negative,0.015777574383549414
1295698226956382208,negative,0.15184143151695864
1295698227258433536,neutral,0.39425364427628423
1295698227459698690,negative,0.27807388934833815
1295698227593969665,negative,0.0005421506491065403
1295698227602362368,negative,2.0004588456728248e-05
1295698227619082240,negative,0.2207058397378527
1295698227979784192,negative,0.20167916564919017
1295698230324363265,negative,0.00013588788282992902
1295698230509002754,negative,0.014479366522355026
1295698230542569472,neutral,0.36440385825114957
1295698230643167232,negative,1.9646103334123537e-06
1295698230823596032,negative,0.018075472935833604
1295698231125475328,negative,0.12601313751072224
1295698231180001280,negative,0.057188085094189434
1295698234560712705,negative,0.12601313751072224
1295698235919683585,neutral,0.5109642830073995
1295698235949023232,negative,0.012169857429332064
1295698236678770690,negative,0.1925473632316778
1295698236716527616,negative,0.11591121074334354
1295698237052145664,neutral,0.5916122031609724
1295698239291719680,negative,0.07767214368396072
1295698239535099904,negative,0.0032533681489490627
1295698239849603072,negative,8.56028408664391e-05
1295698240009113600,negative,0.2805594507293369
1295698242869563400,negative,0.044267996591515556
1295698243414892544,negative,0.06924054420465577
1295698243779796993,neutral,0.3688120122074838
1295698243964350465,negative,1.4976252542140145e-06
1295698244270530560,negative,0.021731306097725698
1295698244337623040,negative,0.0007269658733332372
1295698245029683202,neutral,0.5374478655040366
1295698247122423810,negative,4.5124853401347626e-05
1295698248687116288,negative,0.27080060817883433
1295698249907687425,neutral,0.5496678701602578
1295698250234826754,negative,0.06418928948663649
1295698251258232833,neutral,0.6559538709129247
1295698251736285184,negative,9.38209634834186e-05
1295698251878891521,negative,0.001247279140529561
1295698252004823045,negative,5.643077774743622e-06
1295698253258817538,negative,0.002033175525064031
1295698253288284161,positive,0.9857672649082079
1295698253355376641,negative,0.1231060654687777
1295698255469322241,negative,0.02140547128081953
1295698256031297536,negative,2.0004588456728248e-05
1295698256148811780,neutral,0.5374478655040366
1295698256521986048,neutral,0.33814765817941306
1295698256723419137,negative,0.0004211981740700472
1295698259680407552,negative,0.02545445313493427
1295698260624117760,negative,0.009388224870728207
1295698260829638656,negative,0.31359066856531265
1295698261370712066,negative,0.0021991472111758227
1295698261823692805,negative,0.023157181359846152
1295698264189173763,negative,0.01981185236540945
1295698264931676160,negative,0.0037777677930687704
1295698265598558208,negative,0.26096658350660207
1295698266328141830,negative,0.004039004660375705
1295698266403803136,negative,0.00986268481623434
1295698268807213056,negative,0.08089427679181152
1295698269939666944,negative,0.11914007682297054
1295698270220685312,negative,2.3101878437912964e-05
1295698272896585729,negative,8.657684844413725e-05
1295698273840304128,negative,0.3020135550609068
1295698273852891136,neutral,0.5408976533026941
1295698274096218112,negative,3.426456310032738e-07
1295698274456870914,negative,0.1416388564376785
1295698274733772800,negative,0.10009065629389999
1295698276629590018,negative,0.0008400495012393978
1295698277539643392,negative,3.1932377036407975e-09
1295698277552226304,negative,0.03772435600504018
1295698278038863872,negative,0.0008514416710389735
1295698278139518976,negative,0.00011878864516568124
1295698279322320896,negative,0.0003029336477620745
1295698280723226632,negative,0.3126171222630846
1295698280865845248,negative,0.00016950144677867093
1295698281851506689,negative,0.004960177580087319
1295698282040238082,negative,0.14134167714666668
1295698282614853634,negative,8.418688190818232e-05
1295698282648346626,negative,0.2382669582645585
1295698282937810944,negative,3.750265800303984e-05
1295698282979692546,negative,0.024479583924649027
1295698285710254081,negative,0.2071251955952833
1295698286007988225,negative,0.31359066856531265
1295698287123726336,negative,0.14134167714666668
1295698289241677825,negative,0.23272975113395158
1295698289283801090,negative,4.942974956202568e-09
1295698289669668864,neutral,0.5700949742195746
1295698290084913152,negative,0.02516937199325162
1295698294279151616,negative,0.007181478780361355
1295698294350454784,negative,0.11888264431085406
1295698294451167238,negative,0.1416388564376785
1295698294522355713,neutral,0.41901263796461236
1295698294597976064,negative,0.019901934905204827
1295698294627348480,negative,0.0006640554809628442
1295698295306690561,negative,1.5393614925495133e-05
1295698298200903687,negative,0.00040539858351233465
1295698298876170241,negative,0.026454052789898933
1295698299132030982,negative,2.7576915926557836e-05
1295698299161370624,negative,0.044051357276136495
1295698299186544640,negative,0.003818962008798716
1295698299605921792,negative,0.18183060066943943
1295698300054765570,negative,1.9646103334123537e-06
1295698300067340288,negative,0.1410143388663337
1295698301690486785,positive,0.9281412570547513
1295698301917036544,negative,7.099990193142809e-08
1295698302055350272,neutral,0.36095958222040864
1295698303112433665,neutral,0.4020383545323593
1295698303234039809,negative,0.10678568651684306
1295698304102215685,negative,0.15963785849838982
1295698306312605696,negative,0.0017044512010052923
1295698306379677701,negative,0.05379008011931772
1295698306471993344,negative,0.14134167714666668
1295698307549925376,negative,0.0005237791596226494
1295698307818434562,negative,0.0006801942364216617
1295698307868774400,negative,0.20081843170922334
1295698308124598273,negative,0.0033009752488841826
1295698308141322240,negative,0.008473546305672767
1295698310452453376,neutral,0.35948143253622666
1295698311161282561,negative,0.1826650518364943
1295698311928778752,negative,0.01981185236540945
1295698312084041728,negative,7.438841072348274e-05
1295698314160214016,negative,0.12601313751072224
1295698314558681088,negative,5.929974285857408e-06
1295698316404166658,negative,0.31359066856531265
1295698316555165697,negative,0.00019307054678449037
1295698317104553984,negative,0.14134167714666668
1295698317222043650,negative,0.31387462782038605
1295698320220880901,neutral,0.6388347121364819
1295698320518676481,negative,0.12601313751072224
1295698322787835907,negative,5.929974285857408e-06
1295698323911905282,negative,0.12601313751072224
1295698325040226305,neutral,0.49789225920557484
1295698328055959553,neutral,0.5374478655040366
1295698328349478912,negative,1.1315254183980978e-06
1295698328722776064,negative,0.051770184030688254
1295698333001035776,negative,0.2031218527706539
1295698333235924992,negative,4.5124853401347626e-05
1295698333617528834,negative,0.05385978340029821
1295698335232413697,negative,0.00025862293097150384
1295698336293453824,negative,5.202283895135449e-06
1295698336620646401,negative,0.005431354991412298
1295698338159964160,negative,0.23726351990999656
1295698339405737984,negative,0.02077809299477492
1295698340433276928,negative,0.08785473316588438
1295698341804769281,negative,0.03135431427877863
1295698349811802118,neutral,0.33814765817941306
1295698352735232001,negative,0.005842751227903571
1295698354584915968,negative,0.002262930620172813
1295698359345446913,negative,0.08785473316588438
1295698361123840000,negative,6.154094061731032e-05
1295698361836806145,negative,0.00038497234847870355
1295698362914807808,negative,0.0017513491502150333
1295698365280288769,negative,0.2382669582645585
1295698369663373315,negative,0.02715573544030966
1295698371274055680,negative,0.3016018514292223
1295698371571847170,negative,0.017185091407505886
1295698375107584001,positive,0.6792494575444393
1295698375153778688,neutral,0.3306646816629014
1295698378727272448,negative,0.23649811240819985
1295698379230580736,negative,0.09983025730794967
1295698382036643841,negative,3.293632446683889e-10
1295698386767749122,negative,0.027356145193386326
1295698387485040641,negative,0.006631638814742494
1295698387971592198,negative,0.2707934526211621
1295698388109987840,negative,0.0013422869196148164
1295698388122587137,negative,0.00040539858351233465
1295698393851990017,negative,0.11914007682297054
1295698399145099264,neutral,0.5887973398928581
1295698399203909633,negative,3.413174767339097e-05
1295698399937859585,negative,0.16904218642001126
1295698403972788229,neutral,0.3306646816629014
1295698404891385863,negative,0.01981185236540945
1295698404975284224,negative,0.01424674518558458
1295698405164015616,negative,3.0042716645084505e-08
1295698405948301313,negative,0.00010985552966416771
1295698407651184642,negative,0.018208962661737937
1295698407751909377,negative,0.05408388664826899
1295698408246837249,negative,0.049023363547907664
1295698411136651265,positive,0.8191872666252454
1295698411312873474,neutral,0.33289160885834385
1295698411480653826,negative,0.038811421881146786
1295698412780822528,neutral,0.3306646816629014
1295698414974443520,negative,0.015818477293237862
1295698416278867970,negative,0.02754931355973895
1295698417050685440,neutral,0.5374478655040366
1295698417189093377,negative,0.010520404535380638
1295698418971693056,negative,8.180587821987704e-08
1295698419495907330,neutral,0.5916122031609724
1295698419516932097,negative,0.001095219395174985
1295698419634376704,positive,0.877937901066401
1295698420091543552,negative,0.019901934905204827
1295698420213190656,negative,0.24641485676701597
1295698420276092929,negative,0.24368915281264333
1295698421123342341,negative,0.002262930620172813
1295698421295255553,negative,6.154094061731032e-05
1295698421324578819,positive,0.9047310563960175
1295698421442125825,negative,0.06901284341561151
1295698424646467584,negative,0.00021511106935259008
1295698424944369664,negative,0.007302956732843028
1295698425036627968,negative,0.004983847032203516
1295698425204240384,negative,0.17201111918529485
1295698425640558594,negative,8.31497138512817e-06
1295698425825103874,negative,0.0010158740261481225
1295698427444113409,negative,0.018417882363044587
1295698427880366081,negative,0.17448246323826827
1295698428547211264,negative,2.2829889197303268e-06
1295698428723421184,negative,0.12601313751072224
1295698428903661571,negative,0.019901934905204827
1295698428975034370,negative,1.5181259202550729e-05
1295698429214175233,negative,2.1751507208047918e-11
1295698429352517632,negative,0.12601313751072224
1295698429813886977,negative,0.317955616456911
1295698432712224769,negative,5.6955588109608626e-05
1295698433064472576,negative,2.1751507208047918e-11
1295698433425252352,negative,0.03700175107257115
1295698433928581120,negative,6.163873046200959e-05
1295698434872287233,negative,0.002141626713702949
1295698435966935041,negative,2.7590885899854383e-10
1295698436352806913,neutral,0.5700949742195746
1295698436549943296,neutral,0.5036662932263125
1295698436868710402,negative,0.044051357276136495
1295698436982034437,negative,0.000187138437729027
1295698436998692872,negative,0.12601313751072224
1295698437783027712,negative,0.0010137556954132438
1295698438735175680,neutral,0.35687064213506103
1295698440022904834,neutral,0.33796302189707855
1295698441054457858,negative,0.0962348084370183
1295698441235030016,negative,0.0011986876372921545
1295698441553825792,negative,0.001874110919980213
1295698441662849026,negative,0.11591685326288977
1295698441713188865,negative,0.2707934526211621
1295698445567774720,negative,0.31359066856531265
1295698449032249346,negative,3.787239567930891e-05
1295698449510391810,negative,0.016873796434862184
1295698449627783169,negative,0.019901934905204827
1295698449812381698,negative,0.002141626713702949
1295698449866858496,negative,0.06316873021486953
1295698452454813696,negative,0.0002855756724247674
1295698453671170049,negative,5.8242791322041286e-06
1295698454015082496,neutral,0.38206843311007627
1295698454186950656,negative,0.0015804263655078339
1295698454455431168,negative,0.2512242327566499
1295698455000743938,negative,0.0012092001245429345
1295698455701131266,neutral,0.5372318511317483
1295698456028340225,neutral,0.5430614879312066
1295698457559212034,negative,0.10396600402265237
1295698458859507712,negative,4.665312352545131e-05
1295698459148742656,negative,0.17126232915673917
1295698459178283008,negative,0.0037338051994925425
1295698459400507392,positive,0.6634765676318548
1295698459757096965,negative,0.14134167714666668
1295698461195632640,negative,0.02140547128081953
1295698462332325889,negative,0.12601313751072224
1295698462839906305,negative,0.0004006302784464176
1295698463020199937,neutral,0.49789225920557484
1295698465578778624,negative,0.03345333190256476
1295698467344572416,negative,0.0016969321211445898
1295698467604619264,negative,3.750265800303984e-05
1295698469244538884,negative,0.004983847032203516
1295698469349478400,negative,0.1597144439348038
1295698469932412929,negative,0.18707765669313473
1295698470578388992,positive,0.8129276929754411
1295698471861747712,negative,0.2382669582645585
1295698472214175745,negative,0.0004989025182391388
1295698472713232385,negative,0.12601313751072224
1295698474143551495,positive,0.8023475604602576
1295698475183747073,negative,8.418688190818232e-05
1295698476005822464,neutral,0.5887973398928581
1295698476056092678,negative,0.20348124742185403
1295698477893246977,negative,0.12601313751072224
1295698477918433280,negative,0.02710320016702004
1295698477943586816,negative,0.004631627283949271
1295698477989732352,negative,0.2421388024884851
1295698478325276673,negative,0.3229796935994711
1295698478362918913,neutral,0.46127768308170247
1295698478606286848,negative,0.00011920047949049027
1295698479541620741,negative,0.008175358703828703
1295698482657976325,negative,0.12601313751072224
1295698482691559425,negative,0.22035441222533647
1295698483090010112,negative,0.12601313751072224
1295698483874336768,negative,1.1539391234492158e-05
1295698486634131461,neutral,0.49789225920557484
1295698487552749568,negative,0.02329096228312133
1295698487594582017,negative,0.20830473236704708
1295698488081121283,negative,0.12601313751072224
1295698488278298625,negative,0.00020624797066014504
1295698488903307264,negative,0.230086745115903
1295698490371248128,negative,0.12601313751072224
1295698492397178880,neutral,0.5923783866986081
1295698492564951044,negative,8.075795403812273e-10
1295698492632051712,negative,0.10706754770098077
1295698492732710912,negative,0.0004394782131207557
1295698495228260352,neutral,0.33440212514266987
1295698495765176321,negative,0.06708126068545175
1295698495815524352,negative,0.0011294606863811757
1295698495928782848,negative,0.317955616456911
1295698496117452800,negative,0.020173317304638352
1295698496725475328,negative,7.577285357894906e-05
1295698499410055168,negative,0.011151595823809033
1295698500580265986,negative,0.12601313751072224
1295698500794097664,negative,0.019901934905204827
1295698501859516417,positive,0.9525880267659581
1295698502928957440,negative,0.11313035106630703
1295698504254459904,negative,0.02140547128081953
1295698504703258624,neutral,0.3906035135334896
1295698505185599491,negative,0.1734407740512881
1295698505206464513,negative,0.0005110872383988509
1295698512198471683,negative,0.02923163754808356
1295698512919900160,negative,0.20324586410364273
1295698514434035713,negative,0.02545445313493427
1295698515620966401,negative,0.15477425789075822
1295698520075382784,positive,0.8030084999898046
1295698520662577157,negative,0.02710320016702004
1295698522151489536,negative,0.31359066856531265
1295698524894572544,negative,0.00024896830945048153
1295698528098975744,negative,6.107610538576365e-08
1295698528258256899,negative,0.11072380878384588
1295698531597123584,neutral,0.40290240798999727
1295698536567275520,negative,0.01981185236540945
1295698536894431235,neutral,0.5017543432377519
1295698537435615232,neutral,0.49789225920557484
1295698537989189632,neutral,0.5374478655040366
1295698541466320898,negative,0.013058853043038788
1295698541982162945,negative,0.06741561658955916
1295698545035677696,negative,0.01586235586439742
1295698547715670017,neutral,0.49789225920557484
1295698547749396480,negative,0.00017003836933219372
1295698549452152832,positive,0.9970711096878749
1295698549645152256,negative,0.01325874942621394
1295698549712322563,positive,0.7588347911337839
1295698550374965249,negative,0.15963785849838982
1295698550588952577,negative,0.0826378334987464
1295698551134093314,negative,3.3785347357458676e-05
1295698551264161792,negative,0.00343424837360745
1295698555173089280,negative,0.03208503901476005
1295698557719252992,negative,0.03135431427877863
1295698561779339265,negative,0.09086007893615057
1295698561997459458,negative,0.015354289989210065
1295698565889773568,neutral,0.5374478655040366
1295698567949156352,negative,0.15585040364727296
1295698568116940801,negative,2.734242238823391e-05
1295698570771927042,negative,0.04295499722900272
1295698570822254592,negative,0.021530898680724823
1295698572911022081,negative,0.002141626713702949
1295698575117017088,positive,0.9281412570547513
1295698576639758337,negative,0.24777902961736586
1295698579055611904,neutral,0.33289160885834385
1295698580150398976,negative,0.14134167714666668
1295698581479919616,positive,0.9525880267659581
1295698583904235522,negative,0.2548526460067614
1295698583979778049,negative,0.0010532160424625808
1295698584365608961,negative,0.07677852922593277
1295698587117072384,negative,0.09497391822814756
1295698587884687362,negative,0.00030973780128728525
1295698589273006081,negative,0.00016950144677867093
1295698591454056448,positive,0.9525880267659581
1295698591789518849,negative,0.0335403318064506
1295698591831527424,neutral,0.3306646816629014
1295698591860903943,negative,0.01815322051895034
1295698592301285376,negative,0.09492786723641498
1295698592729047040,neutral,0.36095958222040864
1295698592980701185,negative,0.012794336949919475
1295698595430174720,negative,0.03302965250828128
1295698596382347264,negative,0.0020264829264148286
1295698596554309632,neutral,0.36440385825114957
1295698596965298178,negative,0.12601313751072224
1295698597242175498,positive,0.9632842084015091
1295698598521438208,negative,0.2382669582645585
1295698599679066112,negative,0.12601313751072224
1295698600694108161,negative,0.10009065629389999
1295698600912199680,negative,0.20348124742185403
1295698601260220416,neutral,0.5374478655040366
1295698603537772544,negative,0.008153131530451491
1295698604661837824,negative,0.26751325775298135
1295698605924323328,negative,1.972164953394601e-11
1295698607820148743,negative,0.00036409609415476504
1295698608118009857,negative,8.657684844413725e-05
1295698608168357888,neutral,0.3659736224600479
1295698608726200321,negative,0.07164054946464869
1295698608814280706,positive,0.9885988292133686
1295698608830984192,neutral,0.33814765817941306
1295698608839438336,neutral,0.3306646816629014
1295698608998756353,negative,0.0003946604209739862
1295698609070014464,negative,0.14134167714666668
1295698609225306112,neutral,0.35948143253622666
1295698609262997505,negative,0.10089289487434884
1295698610018025474,negative,3.235383308427938e-05
1295698610168963072,negative,0.10810669943836544
1295698610181505025,negative,0.03201798447138112
1295698610353577985,negative,0.11914007682297054
1295698613021085696,negative,0.03650915601359406
1295698613121822720,negative,0.0038500070907686082
1295698613327269888,negative,0.012100029451893857
1295698613914537986,negative,0.1516090625394908
1295698613914542081,negative,0.0021720359258136836
1295698613935407106,negative,0.009291749139039832
1295698616313675776,negative,0.022513082899525506
1295698616590508032,negative,0.15963785849838982
1295698617123184641,negative,3.848778974849969e-06
1295698618012188673,negative,0.08007641557858117
1295698618641514497,negative,0.07106294871338747
1295698620935741440,negative,3.1233148366956663e-06
1295698620952596481,neutral,0.598761709661316
1295698621925662721,negative,0.0016969321211445898
1295698622454157317,negative,0.11888264431085406
1295698622680649730,negative,0.007179217609547862
1295698622777118722,negative,0.019901934905204827
1295698622810554368,negative,0.28547709650436986
1295698625717297152,negative,0.018075472935833604
1295698625755066369,neutral,0.614952937468593
1295698626811957248,negative,0.05738731705847255
1295698627214610432,negative,0.14364185390983958
1295698628724563970,negative,9.753304773911554e-08
1295698629181812737,negative,0.006105280219504559
1295698629307633670,negative,0.006749968586320787
1295698629353709575,neutral,0.6144662847864107
1295698629420888065,negative,0.010391457920196811
1295698630557540359,neutral,0.5374478655040366
1295698630624542720,negative,0.0022039483831704752
1295698631002140678,negative,0.0075130361079723046
1295698633556451328,positive,0.9477995601449292
1295698634101723136,negative,0.0013401084157850475
1295698634407907329,negative,7.397297525544028e-05
1295698634961559555,neutral,0.5374478655040366
1295698637155184640,negative,0.0489509107405957
1295698637478141952,negative,0.12601313751072224
1295698637507514369,neutral,0.5496678701602578
1295698637788454914,negative,0.0002501274891029766
1295698638602145792,positive,0.903708284861679
1295698639428485122,negative,0.0003585336260368788
1295698642041475074,negative,0.12601313751072224
1295698642116976642,negative,0.0002192237739914912
1295698643119411207,negative,3.750265800303984e-05
1295698643320741888,negative,0.005941199669280412
1295698643433947137,negative,1.8260872241601476e-09
1295698643840892928,negative,7.565981908808522e-06
1295698644251942912,negative,0.024405456238622735
1295698644277100547,negative,0.0001451319665167947
1295698645854105600,negative,0.09231842210038625
1295698646474907649,negative,0.2382669582645585
1295698647439609858,negative,0.03302965250828128
1295698647909306370,negative,0.00028595050528048573
1295698647997349889,neutral,0.46127768308170247
1295698648110714880,negative,0.14134167714666668
1295698650727940102,negative,0.01841734174649318
1295698650912432129,negative,0.0011139577503195652
1295698651260559360,negative,0.12601313751072224
1295698651512295424,negative,0.004316169404615848
1295698652271443968,positive,0.9642706086005705
1295698653991112704,negative,0.06155434360515066
1295698654163083264,negative,0.14134167714666668
1295698654846754816,negative,8.657684844413725e-05
1295698655463321600,negative,0.12601313751072224
1295698658168635392,positive,0.9923926865831928
1295698658952871939,negative,2.6530133344121476e-05
1295698659250778112,negative,0.12601313751072224
1295698659418546177,negative,0.004316169404615848
1295698659733049345,negative,0.11720130155223349
1295698660433506310,negative,8.657684844413725e-05
1295698660580298753,neutral,0.5700949742195746
1295698662815825921,neutral,0.4536635559174377
1295698662954340353,negative,0.05050562446616487
1295698663608639490,negative,0.12601313751072224
1295698663776411653,neutral,0.5374478655040366
1295698663801487362,negative,0.11591121074334354
1295698664212529153,negative,0.0006723585008354698
1295698664699166722,negative,0.0014304151877900938
1295698666867523585,negative,2.648892197328155e-05
1295698667291238400,negative,0.3293907999817342
1295698667870052352,negative,0.22736801041116753
1295698668746678272,negative,0.13367271293598054
1295698671359668226,negative,0.0007488890520177013
1295698671854657536,negative,0.11591121074334354
1295698672051728385,negative,0.009501451079747378
1295698672085237760,negative,0.31359066856531265
1295698672722890752,negative,0.000584355353193028
1295698675486859264,negative,0.1730746230786644
1295698675612766210,negative,0.00019307054678449037
1295698676443226113,negative,0.0001651490636697036
1295698676766179328,negative,0.275729075274335
1295698677084893184,negative,8.418688190818232e-05
1295698679060471808,negative,5.643077774743622e-06
1295698679370788864,negative,0.04274602245386172
1295698679907651586,negative,0.04526871282775407
1295698680109031426,negative,0.14134167714666668
1295698680360689664,negative,1.8088188086353651e-06
1295698681656680450,negative,0.18299730410594303
1295698681728049152,negative,0.12601313751072224
1295698682210394117,negative,0.0011669527015666285
1295698683292520452,negative,0.1351639467360853
1295698685326692352,negative,0.04537716491690307
1295698686664679424,negative,0.02132099595582579
1295698687562309635,negative,0.044051357276136495
1295698688006852609,negative,0.08007641557858117
1295698688162123776,negative,0.12601313751072224
1295698688996769792,positive,0.9281412570547513
1295698689290272770,negative,1.7040149751411382e-07
1295698690108207104,negative,0.04060473995639867
1295698690305331200,negative,8.657684844413725e-05
1295698690536091649,negative,0.0007208060697453559
1295698693249576960,positive,0.9796074494040119
1295698693832814593,negative,0.00015346569853918462
1295698694386454530,negative,0.0041292076030689994
1295698694474469377,negative,0.317955616456911
1295698696215113728,negative,0.03669135265188776
1295698697263689728,negative,0.02317370864828855
1295698697989304320,negative,0.14134167714666668
1295698698459127808,negative,0.30632683238276054
1295698700392636416,negative,0.030008706623507853
1295698700589834251,negative,0.00013868434761373194
1295698700895911936,negative,0.0013145473590628152
1295698701156057088,negative,0.0038780182699591726
1295698701453860864,neutral,0.49789225920557484
1295698702267490304,positive,0.9908055636305547
1295698705425801216,negative,0.2677651204054746
1295698705518141440,negative,3.971882178138421e-05
1295698708315566081,negative,0.0038421163705205023
1295698709364256769,neutral,0.5374478655040366
1295698709456576517,neutral,0.5808741501827569
1295698709544665090,negative,0.0001631320351968574
1295698713827057664,negative,0.006860582619698663
1295698714774966272,negative,0.0001342432504706996
1295698722894966784,negative,0.21921412548362115
1295698722928693250,neutral,0.37874993579954885
1295698723083898885,negative,0.0021720359258136836
1295698725315239943,neutral,0.5182104209334462
1295698725667508226,negative,0.00012803279689314805
1295698726921687040,negative,0.00016950144677867093
1295698728288948224,negative,0.010540888401041714
1295698730084073472,negative,4.814579886112316e-05
1295698730751004673,neutral,0.4670795984853321
1295698731032031232,negative,0.0022152353251234575
1295698732269199361,positive,0.8265883550151364
1295698733657739264,neutral,0.5374478655040366
1295698734207172608,negative,0.0020834233869462602
1295698735054434304,negative,0.04536213793596654
1295698735134105605,negative,0.2971983187159106
1295698735826186240,negative,0.04388931447034989
1295698738271391745,negative,0.0006420653646235958
1295698740460879874,neutral,0.5315025225330297
1295698740620267520,negative,0.058527571783466986
1295698742256054274,negative,0.12076697760044826
1295698742599983104,negative,0.14134167714666668
1295698742700580866,negative,0.17937135590573416
1295698743522729986,neutral,0.5374478655040366
1295698747788349440,negative,0.04056733077187412
1295698747800920064,negative,8.542084173858761e-07
1295698747956043776,negative,0.0007054019363344476
1295698748190920704,negative,0.13449786664433144
1295698748316712961,negative,6.952621407687317e-11
1295698748438454272,negative,0.31359066856531265
1295698748488769541,negative,0.08662132826439083
1295698751118430208,positive,0.9328480192728917
1295698752108400641,negative,0.07435848276809846
1295698752209137664,negative,0.12199022604466819
1295698755312857088,negative,0.015094754473704819
1295698755472314368,neutral,0.49789225920557484
1295698756277620741,negative,0.012035425318508436
1295698759813398528,negative,0.00020546107437000586
1295698763869298688,negative,0.019014702882922403
1295698764670406664,negative,0.3056548362066235
1295698765228146689,negative,0.23549606811423218
1295698767409225733,negative,0.10623461272084812
1295698769066045446,negative,0.0021858083203273398
1295698769070129153,negative,0.0028445081289996776
1295698769439326211,negative,0.0005848604295852959
1295698769531547648,negative,0.0002550971670565387
1295698769980334086,negative,0.31359066856531265
1295698771175788544,negative,0.3295403403959149
1295698771284819968,neutral,0.38378751692233815
1295698771901374471,negative,0.004316169404615848
1295698772614414336,negative,0.09180680850559436
1295698773251891202,neutral,0.5374478655040366
1295698777156784128,negative,4.2262303317979295e-10
1295698780214394881,negative,1.3180076469517936e-05
1295698784442294273,negative,0.01978172325238759
1295698784752734210,negative,7.752480450362732e-06
1295698784828227587,negative,5.398891048761519e-05
1295698784928833536,negative,0.012395618865407595
1295698785025351682,negative,9.740450044509753e-06
1295698786266886144,neutral,0.5652309771345115
1295698786560413696,positive,0.9997357445015382
1295698788351434752,negative,0.03935964968143302
1295698788842123265,neutral,0.614952937468593
1295698789228056576,negative,0.12601313751072224
1295698789299359744,negative,3.552784214584289e-10
1295698789689327621,negative,0.0004777114950970262
1295698789785894912,negative,3.750265800303984e-05
1295698790142410758,negative,0.0022342945079515297
1295698790431760385,neutral,0.48961197499311154
1295698790557659138,negative,0.035790546422072585
1295698791136362499,negative,0.004983847032203516
1295698792906461184,negative,0.12601313751072224
1295698793351045120,negative,0.04509318218745842
1295698793976008704,negative,0.00011878864516568124
1295698794756165632,negative,1.9223932593038448e-05
1295698796618362881,negative,0.002146950423868548
1295698796660363264,negative,3.750265800303984e-05
1295698796979073024,neutral,0.567271095674514
1295698798589538306,negative,6.456606347588853e-06
1295698800774975488,negative,0.0072938360075774575
1295698800917520384,negative,0.0026089728242214678
1295698801550925824,negative,2.0004588456728248e-05
1295698801932619776,negative,0.001209843931252216
1295698802259746816,negative,0.013900571801818223
1295698802461081602,negative,0.0004983768026118076
1295698802574229504,negative,0.20209692979803273
1295698802683392000,negative,0.0013145473590628152
1295698803497086978,negative,0.17829294110865151
1295698805195669509,negative,0.0038902952170364953
1295698805975908353,negative,0.018051664095362817
1295698806638620677,neutral,0.37874993579954885
1295698807196459008,negative,0.08007641557858117
1295698807406067713,neutral,0.5496678701602578
1295698808756670465,negative,4.2113855695578374e-05
1295698809557786624,neutral,0.6228212054530493
1295698809624899585,negative,0.008153131530451491
1295698809796931584,neutral,0.6044170193606756
1295698810304249857,negative,2.6312459988449272e-05
1295698810761510919,negative,0.00012803279689314805
1295698810795184136,negative,5.38232782201362e-07
1295698811143233537,negative,0.019901934905204827
1295698811868925952,negative,0.024405456238622735
1295698813173235713,negative,0.01567649624629797
1295698813190131712,negative,0.21760016051021427
1295698814301609985,negative,0.03263686538421895
1295698814637088769,positive,0.7638303351455009
1295698814792339462,negative,0.31359066856531265
1295698815043997701,negative,0.004316169404615848
1295698815475908610,negative,0.0006274493673242101
1295698815576662017,negative,0.12601313751072224
1295698815752830977,neutral,0.41257806265386887
1295698815832514565,negative,0.005547298814726067
1295698815928938498,negative,0.1416388564376785
1295698817925427200,negative,4.942974956202568e-09
1295698818856562689,negative,2.7576915926557836e-05
1295698821104558081,neutral,0.3427590654417013
1295698821691908096,negative,1.2710163234757351e-09
1295698822107213825,negative,0.11956170823619515
1295698822698602496,negative,0.12601313751072224
1295698822757322752,negative,0.18472108792513997
1295698823109459969,negative,0.00010206836679627483
1295698823545794560,negative,0.2382669582645585
1295698823923335170,negative,0.0013145473590628152
1295698824183394305,negative,0.14255584882844916
1295698824531509248,neutral,0.578479984244387
1295698826762821637,negative,0.14459291354362255
1295698827136176128,negative,0.001150404241661264
1295698827324923904,negative,0.12601313751072224
1295698827761070085,negative,0.12601313751072224
1295698827991756802,negative,0.004072342382658138
1295698828088283137,negative,0.12311761039440322
1295698830256680965,negative,0.1765042807006196
1295698830856540160,negative,0.00433312607362336
1295698831095607296,negative,0.12601313751072224
1295698831385022465,negative,0.07384998773891442
1295698831481491457,negative,0.0012643754658529468
1295698831707906055,negative,0.2840570673321415
1295698832085471232,negative,0.12601313751072224
1295698832383188992,negative,0.2753489599101233
1295698832404217858,negative,0.010396372068601356
1295698832634904578,negative,0.004316169404615848
1295698834249711617,negative,0.0017753052440843394
1295698834337693698,negative,0.044051357276136495
1295698835268866049,negative,0.0942565180933951
1295698836279767042,negative,0.2707934526211621
1295698836405587979,negative,0.03592210281460758
1295698836954939392,neutral,0.40164566407707886
1295698837101842432,negative,0.02811502354190008
1295698839287083009,negative,0.0004755362729977522
1295698839656169472,neutral,0.5652309771345115
1295698840167813126,negative,0.048038338004875995
1295698840339779586,negative,0.0009480852778041061
1295698841405136897,neutral,0.5700949742195746
1295698844458594304,negative,0.12601313751072224
1295698844760629249,negative,0.10072519861226575
1295698845196853255,negative,0.3057592892671474
1295698846996140034,negative,1.2945427763880786e-09
1295698847071690757,negative,0.12601313751072224
1295698848279482369,neutral,0.43137085700586847
1295698849483444225,negative,0.024405456238622735
1295698851026935808,negative,0.0058726683980790005
1295698851618344961,negative,0.12601313751072224
1295698852469551104,negative,1.3290059832167561e-05
1295698852595609601,negative,0.31387462782038605
1295698852859846658,negative,0.09680569139530465
1295698853316956161,negative,0.0018850619780176458
1295698859377725447,negative,0.019901934905204827
1295698860183105537,neutral,0.5718541379795399
1295698860405293057,negative,0.18312587363978658
1295698860619313152,negative,0.17905023961790428
1295698860648652801,positive,0.6662280622694504
1295698860698935302,neutral,0.6228212054530493
1295698860824764418,negative,0.12601313751072224
1295698861445517312,negative,0.12601313751072224
1295698861642653696,negative,5.50616759352807e-05
1295698861693063173,negative,0.018174991013644146
1295698861810487296,negative,0.004897277995918001
1295698863555260417,negative,0.0837763170250123
1295698863685349377,negative,0.12601313751072224
1295698863907409920,negative,0.31359066856531265
1295698864293502976,negative,0.034581623450589356
1295698864540917760,negative,3.40603294807529e-05
1295698865719578625,negative,0.010320231446011024
1295698865723670528,neutral,0.5152685453022815
1295698865736253440,negative,0.14004352384111818
1295698868609388549,negative,0.12601313751072224
1295698868903055360,negative,0.0005240197168783568
1295698869360222209,negative,0.08591313173296028
1295698872048721920,neutral,0.40164566407707886
1295698874229821441,negative,3.239995241733294e-07
1295698874250792960,negative,0.09682409494201982
1295698877002260482,negative,0.007260841470425566
1295698877639585797,negative,0.025380238748366014
1295698878340239360,negative,0.0051963408968365874
1295698880991043587,negative,0.2239177361304614
1295698881502683139,negative,8.418688190818232e-05
1295698881590767618,neutral,0.5718541379795399
1295698881737621504,negative,0.09062220588433573
1295698885000790016,negative,0.27866334596215475
1295698886053560323,negative,0.05482258586605138
1295698887475372038,negative,0.05476774647692121
1295698887752257537,negative,7.098665514213687e-06
1295698889752944644,negative,0.2814623313707707
1295698889828454401,negative,0.05784351897484676
1295698889908072448,positive,0.988363904742972
1295698894513418242,negative,2.520121925742214e-07
1295698899135602694,negative,0.07384998773891442
1295698902344228865,negative,9.834647592993569e-10
1295698902503559168,negative,0.06747121611459704
1295698902772068352,negative,0.002857675154410859
1295698903736647680,neutral,0.6284057904128774
1295698903820636160,negative,0.06318615365090959
1295698907079614466,positive,0.9968991917536463
1295698907167588352,negative,0.15963785849838982
1295698909847851008,positive,0.7551517915868139
1295698910216953856,neutral,0.33440212514266987
1295698911424897024,negative,0.0001672340514851768
1295698911651401729,negative,0.07039115002182492
1295698911651418113,negative,0.051006876849169186
1295698912104386560,negative,2.0004588456728248e-05
1295698914620760065,negative,0.0023832845500545282
1295698915774275585,negative,0.00012284316438372457
1295698915820556293,negative,0.31359066856531265
1295698922174849025,negative,0.011976325082604263
1295698924330782720,negative,0.006749968586320787
1295698924594966528,negative,0.014640049545214298
1295698927572914179,negative,0.007094014828059558
1295698927648485378,negative,0.0010783126209640826
1295698927698751489,neutral,0.49178886988063825
1295698929145786368,positive,0.9705720884635586
1295698931322466304,neutral,0.5118605533127536
1295698931339399168,negative,0.05981201577321722
1295698931800825856,negative,0.005042928087816937
1295698932513808386,negative,4.4851766193899105e-08
1295698932610355200,negative,2.7540449135051717e-06
1295698935621865472,negative,0.19202615645872964
1295698937077211144,negative,0.023116435911949392
1295698937375010817,negative,0.013987069436984672
1295698937421000704,negative,0.2234081551137289
1295698939166040065,negative,0.21601015731274564
1295698941833609218,negative,0.216175930299806
1295698942047531009,neutral,0.46021648635325313
1295698943310004225,positive,0.9281412570547513
1295698944584867840,neutral,0.49789225920557484
1295698944752783369,negative,0.2677651204054746
1295698944870227974,negative,0.08095474620657347
1295698946459828224,negative,0.0002676475954483508
1295698946535256065,negative,0.2533178876768967
1295698949555265536,negative,0.31359066856531265
1295698951765663747,negative,8.330083366125276e-10
1295698952143212544,neutral,0.35687064213506103
1295698952847798278,negative,1.8692294189135911e-06
1295698953367891969,negative,0.00015128469321790656
1295698953544048641,negative,0.03734775599302679
1295698953640574978,negative,0.016651124542848332
1295698956849160194,negative,0.0014662569610365758
1295698957155409922,negative,2.899793672470137e-05
1295698957289627648,negative,1.1405942877991717e-05
1295698957797130241,negative,0.12355790632600333
1295698957834825731,negative,0.2382669582645585
1295698957868437504,negative,0.008849858138102148
1295698960250806273,negative,0.02589425357917706
1295698960443736064,positive,0.6743668245961053
1295698961051901955,negative,0.14150261258471838
1295698961282543617,negative,0.058527571783466986
1295698961332748289,negative,3.0439707664671607e-05
1295698961668485123,neutral,0.6275868126611733
1295698961861349376,negative,0.00018646191904850415
1295698962326917121,negative,0.1699712979044542
1295698962448551937,negative,0.044267996591515556
1295698962557673474,positive,0.9642706086005705
1295698964382126081,negative,6.0880798353042644e-05
1295698964524793857,negative,0.12388567737449131
1295698964830879749,negative,0.26643788183663264
1295698965908934656,negative,3.9290486067102954e-05
1295698966554775552,negative,4.410723842050957e-07
1295698966751977472,negative,0.015986331008201234
1295698966756163585,positive,0.9526262896570548
1295698968547131392,negative,0.22396263971669256
1295698968735875073,negative,7.72044771294435e-06
1295698969083940871,negative,0.004631627283949271
1295698970463866883,negative,0.12601313751072224
1295698971105665025,neutral,0.49077241002739685
1295698972644986881,negative,0.14134763004199768
1295698973043425280,negative,0.08429323407524633
1295698973479653376,neutral,0.5496678701602578
1295698973777448960,negative,0.067782536319595
1295698973961998347,negative,0.031084873410886515
1295698973987155968,negative,0.06530220685612903
1295698973995360256,negative,0.00483416117748625
1295698974419099649,negative,0.02132099595582579
1295698974695993344,neutral,0.4020383545323593
1295698974909792256,negative,0.044051357276136495
1295698976189153282,negative,0.004631627283949271
1295698977078292481,positive,0.9885988292133686
1295698977703239682,negative,0.00021671473916723183
1295698979057999873,neutral,0.3448789537043245
1295698979406192641,positive,0.8235461092081185
1295698979615891456,negative,0.012512228272294352
1295698979758407683,negative,0.12601313751072224
1295698981377511426,negative,0.12601313751072224
1295698981624745984,positive,0.9804244454961873
1295698981729775616,negative,0.006310390438058453
1295698982505779200,negative,0.10396600402265237
1295698982870700034,negative,1.4117021758125873e-05
1295698982887399425,negative,0.035569910094409025
1295698982937792512,negative,0.009291749139039832
1295698983046840328,negative,0.12601313751072224
1295698983080402946,negative,1.3599065562081075e-05
1295698983143251969,negative,0.13319876848981793
1295698985525678081,negative,0.009795732643616375
1295698985580199936,negative,0.09559755205694657
1295698986305835009,negative,0.12601313751072224
1295698986653888513,negative,2.773003139150523e-10
1295698986712666112,negative,0.19897495194314474
1295698986867679232,negative,0.0007516808755897104
1295698987027243012,negative,1.2861574313822617e-05
1295698987039764482,negative,0.061588054418535924
1295698989896142848,neutral,0.5374478655040366
1295698990353326085,negative,2.1015036824728395e-19
1295698990806302721,positive,0.9886442611031434
1295698991464751105,neutral,0.5374478655040366
1295698992794349570,negative,0.011151595823809033
1295698992815321088,negative,0.00011920047949049027
1295698993431949312,neutral,0.49789225920557484
1295698994182725632,negative,0.11794692318255331
1295698994220470272,negative,0.22035441222533647
1295698994262355969,negative,0.22299958927284436
1295698994266624004,positive,0.9705720884635586
1295698994618925057,negative,0.00018163029114407663
1295698994853814275,negative,0.00010105005016432953
1295698995675897856,neutral,0.46318326475361027
1295698996384731138,negative,0.20348124742185403
1295698998020526081,negative,0.03957686157108606
1295698998079238144,negative,0.3083818962647432
1295698998167248896,negative,0.12601313751072224
1295698998205059072,negative,0.20324586410364273
1295698999236874242,negative,0.24531901955734478
1295698999647690752,negative,0.0032092746953682138
1295698999735988228,negative,0.0002756174510295728
1295698999983378433,negative,0.004460748721225641
1295699000016896000,negative,0.08304933117079241
1295699000293761024,neutral,0.5118605533127536
1295699002336391169,neutral,0.5523559799770824
1295699002441203712,negative,0.006201192931730067
1295699002579656705,positive,0.9960760401223716
1295699002776793088,negative,0.20382200819259402
1295699003548618754,negative,0.00019531622822837471
1295699003871571968,negative,0.19426515223239724
1295699004546789378,negative,0.00021671473916723183
1295699005272395779,positive,0.9908055636305547
1295699006211923969,negative,0.23191977393391905
1295699006354608131,negative,0.21330151406815992
1295699006446800896,negative,0.05190196214935489
1295699007034073091,negative,0.31359066856531265
1295699007482855424,negative,0.007701554906241651
1295699008481042439,negative,0.006100314913498225
1295699008690827267,negative,0.11914007682297054
1295699010368483336,negative,0.004084114521403623
1295699010636980229,negative,0.001005457773570323
1295699011320586242,negative,0.0005207109971164184
1295699011513520128,negative,0.1080314881033488
1295699011962310656,negative,0.12601313751072224
1295699012478271489,negative,0.012723223352748777
1295699012524310528,negative,0.12601313751072224
1295699014613114880,negative,0.016393079289107666
1295699016097959937,negative,1.6395967586671367e-05
1295699017347870722,negative,0.010860013745584339
1295699018836631552,negative,2.7576915926557836e-05
1295699019059142658,neutral,0.44075347989193353
1295699020829134848,negative,0.0001120071030252868
1295699021730926593,neutral,0.3306646816629014
1295699023081410561,negative,1.3387259033791807e-07
1295699023094046722,negative,0.004990827267335939
1295699023391862787,negative,0.015114988563143843
1295699023903498245,negative,0.0010391131602780004
1295699024016822272,negative,0.12601313751072224
1295699024142430208,neutral,0.49789225920557484
1295699025157660672,neutral,0.49789225920557484
1295699027187695616,negative,0.07764390997067958
1295699028081082371,negative,0.0007264972018350495
1295699028919934976,negative,0.0072938360075774575
1295699029553295361,negative,0.005105476252448527
1295699031738417152,negative,0.06314789221532968
1295699033122656256,negative,3.458505868564755e-05
1295699033152016384,negative,0.0018657919984342661
1295699033286205440,negative,0.15612676843522658
1295699036037578753,negative,0.0001672340514851768
1295699036125749248,negative,0.030645485316294407
1295699036171907072,negative,0.0658568077539426
1295699036633272321,neutral,0.49789225920557484
1295699036977139712,negative,2.1057793607339277e-05
1295699037564411904,negative,3.2201868675740054e-06
1295699037824458752,negative,3.750265800303984e-05
1295699038529114114,negative,0.0010391131602780004
1295699040655626240,negative,0.00018163029114407663
1295699040945012736,negative,0.12601313751072224
1295699041305731073,negative,0.028370054908633015
1295699041339219969,positive,0.9477995601449292
1295699041427304449,negative,1.3799187008099105e-05
1295699041788014593,negative,0.0004989025182391388
1295699041955844096,negative,0.025054689733965654
1295699042123603968,negative,0.0011938802422112786
1295699042329141255,negative,0.0005207109971164184
1295699043935563777,negative,2.0483823322254926e-05
1295699044166242304,neutral,0.4727136355459876
1295699044216508416,negative,0.14134167714666668
1295699044292087808,negative,0.02132099595582579
1295699044417720321,negative,0.00015346569853918462
1295699045793574915,negative,0.00010105005016432953
1295699045948837888,negative,8.308144482276834e-06
1295699045957107718,negative,5.576031647107205e-05
1295699046062002181,neutral,0.5374478655040366
1295699046359801858,negative,0.04533837106223774
1295699046368247818,negative,0.15773219205578864
1295699046397554688,negative,1.6395967586671367e-05
1295699048184389632,negative,0.18299730410594303
1295699048272482312,negative,0.027465275043752325
1295699048381460480,negative,0.02710320016702004
1295699048582860802,negative,3.139385577562339e-08
1295699048612143106,negative,0.08007641557858117
1295699048708505601,neutral,0.41530309086395845
1295699048733630465,negative,0.032169135729033904
1295699049069383682,negative,0.01981185236540945
1295699049073520641,positive,0.9804244454961873
1295699049203535873,neutral,0.3427590654417013
1295699049371373568,negative,0.18286116381631745
1295699049555939328,positive,0.9741757512674264
1295699049908142081,negative,0.004316169404615848
1295699052500320256,negative,0.024330368133414795
1295699052848390147,negative,0.08161158602374756
1295699053066493957,negative,0.015282419438092327
1295699053083156480,negative,7.303715170917331e-11
1295699053599227906,negative,2.0837078714901234e-07
1295699054782013441,negative,0.14459291354362255
1295699055100792832,negative,0.0002719401236791403
1295699055746703360,negative,0.0011434932295396399
1295699055847317509,neutral,0.4127710176521352
1295699057076314112,negative,0.16520986905231105
1295699057122385921,negative,0.12601313751072224
1295699057843806208,negative,0.026454052789898933
1295699058166726656,negative,0.0015516156260404297
1295699059399954434,negative,0.015407836796469336
1295699061035741186,negative,3.0439707664671607e-05
1295699061299871744,negative,0.12601313751072224
1295699061475926017,negative,0.005158790373493727
1295699062067466240,negative,0.14134167714666668
1295699062256218113,negative,0.00010105005016432953
1295699062281449474,negative,0.03465039816922216
1295699062700875776,negative,0.06098716617249364
1295699062864457730,negative,0.00018163029114407663
1295699065737547776,negative,0.18860658175341932
1295699065976623104,negative,0.051006876849169186
1295699066475749376,negative,0.0016773971218646368
1295699066786119685,negative,0.0001519657399878777
1295699067025014785,negative,3.825289630133233e-05
1295699067079667713,negative,3.750265800303984e-05
1295699067578843136,negative,0.024405456238622735
1295699067914399744,negative,0.07574144661667324
1295699069696905216,negative,0.015820110278315248
1295699070653169669,negative,0.1614669964323136
1295699070762262529,negative,0.0006420653646235958
1295699071685066753,negative,4.410723842050957e-07
1295699071936663553,negative,0.085374508322731
1295699072100315138,positive,0.8653012222880163
1295699073094361089,neutral,0.567271095674514
1295699073450815489,negative,0.12601313751072224
1295699073987751937,negative,0.0006034492095579572
1295699074168094721,negative,0.10089289487434884
1295699074688090114,negative,0.10396600402265237
1295699074738524160,negative,0.10810669943836544
1295699074809761792,negative,0.09254905100945168
1295699074910388224,negative,0.007350164552641147
1295699075027927040,negative,0.002241258775322245
1295699075313041409,negative,0.02959739943929172
1295699075522801665,negative,0.0005207109971164184
1295699076856655877,negative,0.00022041804111927644
1295699077955497987,negative,0.12601313751072224
1295699078131650560,negative,0.02132099595582579
1295699078400086016,negative,0.26096658350660207
1295699078752481280,neutral,0.4020383545323593
1295699078970576897,negative,0.024152130020127942
1295699079423561728,positive,0.9999972905727971
1295699079473790977,negative,0.0017513491502150333
1295699079805231104,negative,8.659798188184998e-05
1295699079834619904,negative,0.12601313751072224
1295699081935945734,negative,0.10685571728336979
1295699083664019457,negative,0.015827692849259122
1295699083773054976,negative,0.0002192237739914912
1295699084028923904,negative,0.12601313751072224
1295699084049821697,negative,0.14134167714666668
1295699084213473280,negative,0.0011279354814678574
1295699086922981376,negative,0.0005707288715266583
1295699087317184513,negative,0.02811502354190008
1295699087447199744,negative,1.1984908155892144e-08
1295699087925403649,negative,0.014162992454384139
1295699088185405441,negative,1.1642419382393052e-05
1295699090131636226,negative,6.0880798353042644e-05
1295699090165178369,negative,1.7936530577158737e-11
1295699090513301505,negative,0.051006876849169186
1295699090542665728,neutral,0.6005701271226023
1295699090878205952,negative,0.12601313751072224
1295699090920087552,negative,0.023375664249609268
1295699091041783810,negative,0.03957686157108606
1295699092232970240,negative,0.0004755362729977522
1295699092249681922,neutral,0.49789225920557484
1295699094422380545,negative,0.02132099595582579
1295699094464323590,neutral,0.5916122031609724
1295699094590160896,negative,0.2685722482980289
1295699094711595009,negative,0.008153131530451491
1295699095525511171,negative,0.19149935402899287
1295699096246915072,negative,0.006100314913498225
1295699096334934016,positive,0.9960760401223716
1295699098985627648,negative,0.09492786723641498
1295699099329662977,negative,0.12601313751072224
1295699099497500674,negative,0.324982850722754
1295699099543535617,negative,0.04942228766028689
1295699099728195584,negative,0.04490431619932774
1295699100466282498,negative,0.024405456238622735
1295699100923502592,negative,0.10089289487434884
1295699101103927297,negative,0.11720130155223349
1295699103167524864,negative,0.008832673167730024
1295699103662379008,negative,0.10873084537464295
1295699104006275072,negative,0.002451396671285657
1295699104371281921,negative,0.03935964968143302
1295699104954286081,negative,0.05741082219477387
1295699105377914880,negative,0.025380238748366014
1295699105583431682,negative,0.024405456238622735
1295699107466616835,negative,0.29632820658078934
1295699107605032961,negative,2.3037403449244597e-09
1295699108401942533,negative,0.12601313751072224
1295699108678828033,negative,7.335954154447498e-08
1295699109328883715,negative,2.7576915926557836e-05
1295699109739814918,negative,0.00010105005016432953
1295699111535050753,negative,0.002597758314232392
1295699111874887680,negative,0.12601313751072224
1295699111933599746,negative,3.1932377036407975e-09
1295699112281735168,neutral,0.3419074115840467
1295699112352940033,negative,0.012794336949919475
1295699112667549699,negative,0.10396600402265237
1295699112675942408,negative,0.07435848276809846
1295699112902492162,neutral,0.4740134798084637
1295699113426722816,negative,8.946344774495254e-08
1295699116266315785,negative,0.08877847689570251
1295699117050650626,negative,0.14134167714666668
1295699117159731202,negative,0.004346223592228677
1295699117587431428,positive,0.7509082171332925
1295699119772762113,negative,0.19591399458763759
1295699121978974208,negative,0.03419106593551575
1295699122251599875,negative,2.4234489104651373e-06
1295699123275010049,negative,0.08144324197080789
1295699123782529024,negative,0.2719538844948051
1295699124478771201,negative,0.12601313751072224
1295699124667506689,negative,0.2772512134771602
1295699125716033537,negative,0.002461674646843627
1295699126374617088,negative,0.008551744862496442
1295699126664011777,negative,0.0016576778712567043
1295699128459165697,negative,0.02770582582978762
1295699129621000193,negative,0.18286116381631745
1295699129897758720,negative,0.12601313751072224
1295699130015256578,negative,0.0006924246157620017
1295699130078068737,negative,0.051006876849169186
1295699130082361344,negative,0.04937217151865177
1295699131067965446,neutral,0.5700949742195746
1295699132124925952,neutral,0.4814216422911448
1295699132485705728,negative,0.002222835861916885
1295699132548603918,positive,0.6927383697921204
1295699132766724098,negative,0.004374922885892788
1295699132942884864,negative,0.12601313751072224
1295699132951269378,negative,0.18472108792513997
1295699133047681026,negative,1.3172070075965035e-05
1295699133165182978,negative,0.05093704909519959
1295699133572014081,negative,0.00015346569853918462
1295699133731352578,positive,0.9988662668583811
1295699133752176641,negative,2.3684846656328532e-09
1295699134163423232,neutral,0.4927121302410118
1295699134591184898,negative,0.12601313751072224
1295699136562573312,neutral,0.3612912859241258
1295699137334251526,negative,0.06307062572876404
1295699139175624705,negative,0.00937851268629789
1295699139246858243,negative,0.11129600164039419
1295699140761063424,negative,6.379389218829304e-08
1295699140773642240,negative,2.9091176336191346e-05
1295699140857470976,negative,0.0019222536626532884
1295699140945616896,negative,1.734377927472663e-06
1295699141545340930,negative,0.31852456619966113
1295699142182830086,negative,0.005438757337362647
1295699142279217152,negative,0.00010105005016432953
1295699142648500224,negative,0.07920208696601297
1295699142866546688,negative,0.11859147526319912
1295699144716288000,negative,9.490929696511413e-09
1295699144842125313,negative,0.30718216382240615
1295699145022472194,negative,2.201272266459524e-10
1295699145697693696,negative,0.004692044198607414
1295699145722929158,negative,0.0012643754658529468
1295699145894830082,negative,2.503101924626999e-07
1295699146670841856,negative,0.0010621460025600393
1295699146834231296,neutral,0.5505550505941735
1295699148872785920,negative,0.2528810760880637
1295699150831521792,negative,3.178081740348639e-06
1295699151112601600,negative,0.12601313751072224
1295699151150292993,negative,0.00010105005016432953
1295699151708196865,negative,0.013115242247486348
1295699153151053825,negative,0.0016576778712567043
1295699153268494341,negative,0.03447021482234042
1295699153637580805,negative,0.0006492966760736756
1295699154304405505,negative,0.012066397388738284
1295699154669371393,negative,0.15846096439466673
1295699154950328326,neutral,0.49789225920557484
1295699157756321792,neutral,0.3683375850948743
1295699157957697536,negative,0.013900571801818223
1295699158364565505,negative,0.28547709650436986
1295699158519681024,negative,0.05290935476778606
1295699159887028229,neutral,0.49789225920557484
1295699160071634948,neutral,0.33289160885834385
1295699160092606464,negative,0.004316169404615848
1295699160365240320,negative,0.008777899495254236
1295699161464082434,negative,0.00031112496320475155
1295699162378522630,negative,0.004084114521403623
1295699162428837889,negative,0.14134167714666668
1295699163020242945,negative,0.0430101816775751
1295699163091525632,negative,0.23875393223878058
1295699163842318337,negative,0.019901934905204827
1295699164039393282,negative,0.025531780261404572
1295699165826240514,negative,0.0002950035274722003
1295699166358798337,negative,2.4993220491118347e-05
1295699166753181696,negative,0.22964847740750752
1295699167088709635,negative,0.00020624797066014504
1295699167201890304,negative,0.05190196214935489
1295699167797555200,negative,3.2086969779152966e-08
1295699170649608192,negative,3.25722101444236e-05
1295699170901331969,positive,0.9831259672737361
1295699171345944578,negative,0.036510676580722795
1295699171773644801,negative,2.004629037561568e-06
1295699172163751937,negative,0.0005851199134936583
1295699172247699457,negative,0.022223357112360245
1295699174109978625,negative,0.0985518803030955
1295699174202236932,negative,0.008340572857301982
1295699175129178114,negative,0.045088270729219636
1295699175363969026,neutral,0.6293751962869982
1295699175817064448,negative,7.098665514213687e-06
1295699176093822976,negative,0.0027371390789015476
1295699178367209472,negative,0.16464011759555433
1295699179004624896,negative,0.00011920047949049027
1295699179378020353,negative,0.0011294606863811757
1295699179755446272,negative,0.027154605925528666
1295699179759702019,negative,0.04536213793596654
1295699179935862785,negative,0.12601313751072224
1295699180174934016,negative,8.657684844413725e-05
1295699180221014016,negative,0.14134167714666668
1295699182762811392,negative,0.10010105670339484
1295699182859231233,negative,0.00051617285162906
1295699182892843016,negative,0.02589425357917706
1295699183123529729,negative,0.0210639688099582
1295699183387779073,negative,1.8138711121325164e-14
1295699183605886977,neutral,0.4020383545323593
1295699184100704258,negative,0.12601313751072224
1295699184339898368,negative,0.12601313751072224
1295699184788676609,positive,0.940872614194551
1295699184985808898,negative,0.04046734517025944
1295699184998395907,negative,0.16024197682548508
1295699188232134657,negative,0.01943786463375533
1295699189201022976,negative,0.08727839441278949
1295699190786469891,negative,0.014640049545214298
1295699190895583232,negative,4.652127442428444e-05
1295699191054786560,negative,9.354371366513247e-06
1295699191080128513,negative,0.015124132339156847
1295699191197564928,negative,0.14696282887801157
1295699191604404224,neutral,0.5614152023143125
1295699191814148096,neutral,0.42098635352568975
1295699191830806528,negative,0.008178362527209763
1295699193101770752,negative,0.0006028029224925124
1295699193114361858,neutral,0.49789225920557484
1295699193328291842,neutral,0.49789225920557484
1295699193399521281,negative,3.0439707664671607e-05
1295699195530301446,negative,9.575996552896401e-05
1295699195756793882,negative,0.00010105005016432953
1295699195970682880,negative,0.014488809328198298
1295699196348108800,negative,0.04723671232094118
1295699197639811079,negative,0.2575963766895307
1295699199246442496,negative,0.0011139577503195652
1295699199338610692,negative,0.12601313751072224
1295699200055771136,negative,0.00023856735987737933
1295699200336900097,negative,0.10541815321801531
1295699201217699840,negative,0.02623819928705295
1295699201238732800,negative,0.0021831887478922
1295699201276424194,negative,0.03970310534651104
1295699201301647360,negative,0.04490431619932774
1295699201419030528,negative,0.10923838763276379
1295699201859485697,negative,0.2707934526211621
1295699202048131072,negative,0.019901934905204827
1295699203964964865,negative,0.10459830546158512
1295699204006981634,negative,0.0732249527614723
1295699204048732164,negative,4.357475174769276e-06
1295699205269458944,negative,0.18183060066943943
1295699205412061185,negative,0.00023530437211488536
1295699206364114945,negative,0.04536213793596654
1295699208066850818,neutral,0.49789225920557484
1295699208423514114,negative,9.691835748521855e-06
1295699208603873286,negative,0.1730746230786644
1295699208788480000,negative,2.9091176336191346e-05
1295699210034016257,neutral,0.4074793410571932
1295699210260697089,negative,0.024405456238622735
1295699212303249408,negative,0.014640049545214298
1295699212378791936,negative,8.080634983175397e-08
1295699213012041730,negative,0.12601313751072224
1295699213515464705,negative,0.03957686157108606
1295699213532246016,negative,0.12601313751072224
1295699214249398275,negative,0.2512242327566499
1295699214438195203,negative,0.00018894362505552688
1295699214723436544,neutral,0.5344029679637843
1295699216619245570,negative,0.014808859151106236
1295699218208874496,negative,0.004631627283949271
1295699218431123464,negative,0.0041016220808073696
1295699220880674816,negative,0.014680187541276389
1295699221102895105,negative,0.12601313751072224
1295699221300023296,neutral,0.5118605533127536
1295699221681786880,negative,0.00433312607362336
1295699221706924032,negative,0.00011920047949049027
1295699222034092032,negative,0.019901934905204827
1295699222046572548,neutral,0.3306594378886815
1295699222734540802,negative,0.0001631320351968574
1295699224475115521,positive,0.8842427237788825
1295699225087479810,negative,0.02132099595582579
1295699225091612677,positive,0.7588947002630589
1295699226215817216,negative,0.0028464838235345608
1295699226588938241,negative,0.019213050945671457
1295699226618404866,positive,0.7509082171332925
1295699226723340288,negative,3.0439707664671607e-05
1295699227755061249,negative,0.23145912053762097
1295699228627435523,negative,0.02295107466840563
1295699229076160513,positive,0.7588947002630589
1295699229302759424,negative,0.03957686157108606
1295699229390721024,negative,0.10858056358842402
1295699229982232577,negative,0.07014380549577924
1295699230275690496,negative,0.019213050945671457
1295699231177506817,positive,0.7588947002630589
1295699231521615872,negative,0.12601313751072224
1295699231647207427,negative,0.019213050945671457
1295699233278791680,negative,0.019213050945671457
1295699233463508994,negative,7.508296698840959e-05
1295699233782276096,positive,0.9804244454961873
1295699234684055552,negative,0.16867547946173717
1295699235057401857,neutral,0.49789225920557484
1295699235275448323,negative,0.0019137076188600975
1295699237154349062,negative,1.0825897597371955e-06
1295699237326532608,negative,0.24489230267518067
1295699237544624129,neutral,0.5912830140046155
1295699238161207296,negative,0.011209486147826426
1295699238756777985,negative,3.2896047382517893e-06
1295699239125819399,negative,0.03636557447443034
1295699241218842625,negative,0.00010105005016432953
1295699241852166145,negative,0.0021587231512658683
1295699242103844869,negative,0.06755976209626206
1295699242602946560,negative,0.08755118420002257
1295699243391492097,neutral,0.33440212514266987
1295699246121967616,negative,0.009198488968345166
1295699247132815360,positive,0.9999424203651905
1295699247292194818,negative,0.03769540738213657
1295699249452195841,negative,0.07690362351224014
1295699250085584896,negative,0.010549885680032855
1295699250408431617,negative,0.2872789939690382
1295699250429472768,negative,0.09079983210807423
1295699250731520006,negative,3.750265800303984e-05
1295699250865635328,negative,0.00010105005016432953
1295699251071266817,positive,0.9996972933892784
1295699251129876482,negative,0.00010105005016432953
1295699251540963329,negative,0.05692718287260758
1295699251641683969,negative,0.044051357276136495
1295699252321177606,negative,0.014162992454384139
1295699253625593861,neutral,0.49789225920557484
1295699254015655937,negative,0.08200874108840626
1295699254137303041,negative,0.12126163047139078
1295699254632120320,negative,0.02132099595582579
1295699254695137280,negative,0.12601313751072224
1295699254816780289,negative,0.024561061548734223
1295699254867091456,positive,0.9705720884635586
1295699255395581952,negative,0.002517382966895844
1295699255793987586,positive,0.9998893383237237
1295699256137912320,negative,0.0600101272615417
1295699256175722497,negative,6.230870234890595e-07
1295699259841536006,negative,0.04490431619932774
1295699260042878982,negative,0.0037007295488750373
1295699260210647041,neutral,0.37111150485659405
1295699260214849536,negative,0.12601313751072224
1295699260600733698,negative,0.09079983210807423
1295699262714650626,negative,0.014107637249533702
1295699262911713282,negative,4.0765893544078986e-08
1295699263717089280,negative,0.006631638814742494
1295699264207814659,negative,0.029660686155368116
1295699264551751681,negative,0.0026731113571506412
1295699265034035200,negative,0.03957686157108606
1295699266405629961,negative,7.606024848870046e-06
1295699266908848128,negative,0.26096658350660207
1295699267034767360,negative,0.12601313751072224
1295699267240316928,negative,0.001583189841867743
1295699267756187648,negative,0.23947440024037964
1295699268121001986,negative,0.04295499722900272
1295699268133621762,negative,0.015539614345574314
1295699268280487936,negative,0.00022438499837484574
1295699270839009281,negative,0.024497146896020432
1295699270922797057,negative,0.03957686157108606
1295699270973128704,negative,0.12601313751072224
1295699271178694659,negative,0.10873084537464295
1295699271304585218,negative,0.12601313751072224
1295699271321358339,negative,0.04362561414229641
1295699271505805312,negative,0.0072938360075774575
1295699271619141632,neutral,0.5614152023143125
1295699271728214017,negative,0.08022047292342224
1295699271803703296,negative,0.09079983210807423
1295699271824683011,negative,0.22463230117098826
1295699272663474178,negative,0.29676789564387285
1295699272768409600,neutral,0.4377941638741496
1295699272843894784,negative,6.793176641053352e-05
1295699275108818945,negative,0.04527665282732278
1295699275893149696,negative,0.012794336949919475
1295699276459319297,negative,0.006100314913498225
1295699277084229632,negative,0.15963785849838982
1295699277289750529,negative,0.14134167714666668
1295699277298249728,neutral,0.5652309771345115
1295699277382131713,positive,0.8506271755270381
1295699279122767875,negative,0.0659934982394839
1295699279189889025,negative,0.008019560253847318
1295699280775335936,negative,0.09079983210807423
1295699280792113152,negative,0.01014967859400312
1295699283245752320,negative,0.00012270324800441607
1295699283824594946,negative,0.0035038867564080095
1295699283849515008,positive,0.9415490323822007
1295699284151672833,negative,0.08376611679530784
1295699284449546241,negative,0.007037805012513423
1295699284810227714,neutral,0.3524082068011071
1295699285581979649,neutral,0.6563131832915976
1295699287486201856,negative,1.5298688249167827e-08
1295699287561641984,negative,0.12601313751072224
1295699288551456769,negative,0.014162992454384139
1295699288610267137,negative,0.12601313751072224
1295699289247817735,negative,1.4281986047313829e-05
1295699289319124992,negative,0.12601313751072224
1295699289952444416,negative,0.0805026834256379
1295699290036346880,negative,0.00795262787274319
1295699290095079424,neutral,0.41901263796461236
1295699291550384131,neutral,0.5152685453022815
1295699291630166017,negative,2.606894925355197e-05
1295699291869196288,negative,3.750265800303984e-05
1295699291881771008,positive,0.9159642145579544
1295699292309594112,negative,0.1730746230786644
1295699292469055488,negative,2.8415412622457143e-06
1295699293723140096,negative,0.09079983210807423
1295699294570319872,negative,0.14134167714666668
1295699294587179009,negative,0.10868905314826315
1295699295732203521,positive,0.9950321780671355
1295699296101314561,negative,0.02037894889807071
1295699296348758017,negative,0.12601313751072224
1295699296428462085,neutral,0.6563131832915976
1295699297040728065,negative,1.8019459201729215e-05
1295699297435099137,negative,0.00028696207194974194
1295699297632161795,negative,0.0015645295878872025
1295699299947380736,negative,0.00010475374720114012
1295699300127825920,negative,0.085374508322731
1295699300400484353,negative,0.08755118420002257
1295699301419683840,neutral,0.5273207011202747
1295699301839052802,negative,0.002354699755716456
1295699301864288256,positive,0.978342543989653
1295699301973270528,negative,0.0017513491502150333
1295699304028557313,negative,0.06793951678841746
1295699304804425731,negative,1.8355861986848066e-06
1295699305517518853,negative,0.04490431619932774
1295699306377289729,positive,0.978342543989653
1295699308768120835,negative,0.17286918900505946
1295699308860387328,negative,0.02811502354190008
1295699309103644672,negative,0.0011282321668062696
1295699309825007619,negative,0.26096658350660207
1295699309871214592,negative,0.12601313751072224
1295699310655528960,positive,0.8513450211405119
1295699312433823746,neutral,0.3670396298912532
1295699312438124544,neutral,0.505992156293523
1295699312769368065,negative,0.12601313751072224
1295699312924598272,negative,0.044051357276136495
1295699313457344518,negative,0.03263686538421895
1295699313532653569,negative,0.10396600402265237
1295699314614759425,neutral,0.5505550505941735
1295699314870816775,negative,0.11247898809324959
1295699316808523777,negative,0.12668012155543643
1295699316976373761,negative,0.00045875415852514946
1295699319169912832,negative,0.2095653431846139
1295699319765573632,negative,0.12601313751072224
1295699320847716352,negative,0.00010105005016432953
1295699321111883776,negative,0.15494252119413995
1295699321837453317,negative,0.12601313751072224
1295699321975984129,negative,0.14134167714666668
1295699322470793217,negative,0.04550932329001948
1295699323074871296,positive,0.6914120073188378
1295699323636854784,negative,0.005757803766098827
1295699325121527809,negative,0.02805231488098172
1295699325306245121,neutral,0.6228212054530493
1295699325838925824,negative,0.03957686157108606
1295699325947973632,negative,0.023876300769627722
1295699326103097345,negative,0.12601313751072224
1295699326774259712,negative,0.12601313751072224
1295699326933622784,negative,0.00028696207194974194
1295699327176839174,negative,1.391594722315696e-05
1295699328170942464,negative,0.12601313751072224
1295699330335158272,negative,0.12601313751072224
1295699333644419072,negative,0.011791452389450587
1295699334005235713,negative,0.012169857429332064
1295699334273601536,negative,0.03314895401044713
1295699334890164224,negative,0.04505628578148248
1295699335632621569,negative,0.007302956732843028
1295699337876516865,negative,0.0001631320351968574
1295699337964552192,negative,0.00016950144677867093
1295699338396684288,negative,0.10711004547537673
1295699338740498433,negative,0.018208962661737937
1295699339487125505,negative,0.15675946472912297
1295699339889774598,neutral,0.4740134798084637
1295699339910709248,negative,0.0014215503441931527
1295699340019761153,neutral,0.5374478655040366
1295699342129614849,negative,0.008290028423218125
1295699342439874560,negative,0.12601313751072224
1295699343383703560,negative,2.435885042066736e-07
1295699343513718784,negative,0.08748906163690413
1295699343513735169,negative,0.0006989424016434036
1295699346328100864,neutral,0.5456575879117995
1295699346365853697,negative,0.00027251872690673817
1295699347439484928,negative,0.04458652926924924
1295699347535994882,positive,0.7013899510098891
1295699347812884480,negative,0.011172577793802086
1295699347976466434,negative,0.002799869741458346
1295699349112930304,negative,0.012997637265373334
1295699350216155136,negative,0.28261224361054266
1295699350459383810,negative,0.12601313751072224
1295699350493040640,negative,0.00029786152409729677
1295699350622961665,negative,0.04410282108957586
1295699350643867648,negative,0.012997637265373334
1295699350765678598,negative,0.02090793093393309
1295699350773854209,negative,0.012997637265373334
1295699351457734656,negative,2.7576915926557836e-05
1295699353097637889,negative,0.17897843598741808
1295699354565726208,negative,0.0003005322451756727
1295699354909577221,negative,0.0001248969559553065
1295699355299713024,negative,0.001080102973293732
1295699355656228864,positive,0.940872614194551
1295699355752697856,negative,0.11531720581921368
1295699355920478209,negative,0.05290935476778606
1295699356503375874,negative,0.024405456238622735
1295699358525067264,negative,0.0002950035274722003
1295699358701281282,negative,0.058527571783466986
1295699359166857216,neutral,0.5372318511317483
1295699360202649600,negative,0.12601313751072224
1295699360467083265,negative,2.7793497630584885e-06
1295699360504844288,negative,0.036194086401094325
1295699362459398144,negative,0.030043244640730035
1295699362841059328,negative,0.03302965250828128
1295699363293995009,neutral,0.5136446707795853
1295699363566686210,negative,0.0009769648167429676
1295699363658895360,negative,1.7013819466045464e-05
1295699363742789639,neutral,0.41901263796461236
1295699363906412545,negative,0.27866334596215475
1295699364065824769,negative,0.0009733009787025849
1295699364971675650,negative,0.06655528770760302
1295699366905180160,negative,0.08755118420002257
1295699367006019585,negative,0.006263321190252494
1295699368251658240,negative,0.09492786723641498
1295699368838868993,neutral,0.3306143729065512
1295699368885059585,neutral,0.4285758614317694
1295699369451233280,negative,0.012733965306920133
1295699369791037441,negative,0.02811502354190008
1295699372089520134,negative,0.0031318401640414583
1295699373712711680,neutral,0.49789225920557484
1295699373758861313,negative,0.0451367204794381
1295699373813166080,negative,0.09159639262589876
1295699374312480770,negative,0.02132099595582579
1295699375268728837,neutral,0.35687064213506103
1295699375398834176,negative,7.771451188935436e-05
1295699375684038657,negative,0.12601313751072224
1295699375721783296,negative,5.900062542311814e-05
1295699375742767104,negative,3.40603294807529e-05
1295699376053137408,negative,0.06377054157198513
1295699376803807234,negative,0.12601313751072224
1295699377038798856,negative,0.02090793093393309
1295699377198071809,negative,0.2677651204054746
1295699377751764993,negative,0.0449720164343223
1295699378028417025,negative,0.003428719947641066
1295699378171269123,negative,0.020448310910875494
1295699379555381248,negative,0.0007516808755897104
1295699379710459905,negative,0.051006876849169186
1295699380356501505,negative,3.149228221673432e-05
1295699380989759490,negative,0.051592729021323405
1295699381308592128,negative,2.447810965258369e-09
1295699381564432385,negative,0.0001519657399878777
1295699381728038912,negative,0.0006602711484732611
1295699381778370562,negative,0.17829294110865151
1295699381799268352,negative,0.024405456238622735
1295699382042468353,negative,0.005514917634915028
1295699383925846023,positive,0.8052739283560602
1295699384026398721,negative,0.14134167714666668
1295699384194211840,negative,0.05814074992082237
1295699384932478976,neutral,0.497879600655596
1295699385070755840,negative,0.07472719397732185
1295699386148761600,negative,0.011349489696062472
1295699387235160064,negative,0.018208962661737937
1295699388241715200,negative,1.356049382016912e-07
1295699388464017422,negative,0.01325874942621394
1295699388489244673,negative,0.1617420984333891
1295699388803747842,negative,0.024405456238622735
1295699388803751936,negative,0.021588800805963336
1295699389026054144,negative,1.8088188086353651e-06
1295699389286100992,negative,0.017178444783900387
1295699392301801478,negative,0.03138333274078604
1295699392499011586,negative,2.231786863762221e-05
1295699394025664513,neutral,0.3934940803623212
1295699394554212352,neutral,0.4670795984853321
1295699396819062790,negative,0.0001631320351968574
1295699397049753609,negative,0.044051357276136495
1295699397502734337,negative,0.14064010518276598
1295699397607661570,positive,0.9672296278908608
1295699397859332097,negative,0.026640802956355434
1295699397947338752,negative,0.005826798424668381
1295699400665305088,negative,2.6567749296804964e-07
1295699400778547200,neutral,0.35441118536399674
1295699401151844354,neutral,0.49789225920557484
1295699401483182080,negative,0.14134167714666668
1295699401609011201,neutral,0.3619451476948216
1295699401621614592,neutral,0.6411438512293556
1295699402410139649,negative,0.005326721721931467
1295699402980548609,negative,0.12601313751072224
1295699403127349248,negative,0.0017164340275938165
1295699403181883394,negative,7.098665514213687e-06
1295699404905644032,negative,0.020173317304638352
1295699404939243520,negative,0.0735950432875199
1295699405077721090,negative,0.00011920047949049027
1295699405119660037,neutral,0.5916122031609724
1295699405476171777,negative,0.09029475634524627
1295699405601996807,negative,0.12601313751072224
1295699405652328448,negative,1.2173378254544323e-05
1295699405903933440,negative,0.12601313751072224
1295699405979422720,neutral,0.5374478655040366
1295699406168248320,negative,0.021067021665502925
1295699406302384128,neutral,0.3306646816629014
1295699406315040768,negative,0.0015279979606158424
1295699407506231296,positive,0.9402068053392003
1295699409204846593,negative,0.20638364403338913
1295699409825603586,negative,3.301966663079312e-07
1295699410228322307,negative,1.6395967586671367e-05
1295699410303811585,negative,0.16520986905231105
1295699410861674497,neutral,0.555920416612909
1295699411184627712,negative,0.0003787704318791156
1295699411268501504,negative,0.009247246998905403
1295699411885010947,neutral,0.5923783866986081
1295699412006711296,negative,0.23871696831429615
1295699413319454720,negative,7.01346794530991e-07
1295699414309384193,negative,0.19355810260071185
1295699415710216198,negative,0.0005207109971164184
1295699415815127042,negative,0.008582360503432387
1295699415886376961,negative,0.00014734438357912638
1295699417333411841,negative,0.2925357352998113
1295699417882796040,negative,2.7576915926557836e-05
1295699419627753473,negative,2.288226198251742e-07
1295699419636142081,negative,0.0002950035274722003
1295699419833274368,negative,0.013987069436984672
1295699422597308416,negative,0.2791997793321494
1295699423507488769,neutral,0.49789225920557484
1295699423679385601,neutral,0.3306646816629014
1295699423717138435,negative,0.0017044512010052923
1295699423805296640,negative,0.317955616456911
1295699425986318336,negative,0.0031797094825060327
1295699426082775040,negative,0.00012913750079142534
1295699427102019584,negative,0.0009523254789268912
1295699427244552192,neutral,0.5647806957826386
1295699427638861825,negative,0.011151595823809033
1295699427882143745,negative,0.0010760023081153615
1295699428851044361,negative,2.5795485318228083e-07
1295699429937131522,negative,1.4105811180703608e-07
1295699430356717568,negative,0.02140547128081953
1295699431010992128,negative,0.002758133346838699
1295699431136858117,negative,0.0003022696654259574
1295699431522697219,negative,3.1932377036407975e-09
1295699431677927429,negative,0.028574779651939105
1295699431946432512,negative,0.16582488958069613
1295699432009338880,positive,0.9993913913945909
1295699432470720512,negative,0.010857284989973211
1295699432600633344,negative,0.07517663820128062
1295699434022612992,positive,0.9705720884635586
1295699434446163968,negative,0.0003824474860202592
1295699434806935552,negative,0.2677651204054746
1295699435012358144,negative,0.0018375210031166005
1295699435461238786,negative,8.657684844413725e-05
1295699435633156097,negative,7.098665514213687e-06
1295699435746459650,negative,0.0031797094825060327
1295699437415784448,negative,0.044051357276136495
1295699438225195011,negative,0.019901934905204827
1295699438250450944,neutral,0.5798488390287853
1295699438854385664,negative,0.12601313751072224
1295699438950899712,negative,0.0041551650901269326
1295699439177412609,neutral,0.5374478655040366
1295699439638765568,positive,0.873246530677918
1295699440116936705,negative,0.024405456238622735
1295699440259477504,negative,0.000384735963575268
1295699440586690564,negative,0.007181478780361355
1295699442578927619,negative,0.0018657919984342661
1295699442750939136,negative,0.00090681940052512
1295699443568828420,neutral,0.6387765042918215
1295699443786952704,negative,0.06384394694493338
1295699444000751616,neutral,0.567271095674514
1295699444491485185,negative,0.10800012855602197
1295699445078790144,positive,0.9526262896570548
1295699446400000001,negative,0.0016576778712567043
1295699446618103808,negative,0.019901934905204827
1295699446701989889,negative,0.1389357443319044
1295699447079481345,negative,0.011151595823809033
1295699448186765316,negative,0.0015532076164434178
1295699448627159041,negative,4.8218507279670586e-05
1295699450845974528,negative,0.0017044512010052923
1295699451567394817,neutral,0.5466938547717087
1295699452582416384,negative,0.03329967069360357
1295699453077225473,negative,0.0016090498285206626
1295699453245087744,negative,0.30419449810868154
1295699455111499776,negative,0.0002958941315753937
1295699455161905159,negative,0.19426515223239724
1295699455409356814,negative,0.14364185390983958
1295699455853895682,negative,8.803894601547425e-07
1295699455992356865,negative,0.03889721158873237
1295699456084660227,negative,0.12601313751072224
1295699456910864384,negative,0.0022023690508181813
1295699457019961344,negative,0.031393895097719345
1295699459410726919,neutral,0.4020383545323593
1295699459976957953,negative,0.1421883340340699
1295699459989483520,negative,0.19427409593322964
1295699461067415554,neutral,0.4190973234031761
1295699461335851012,negative,0.001071925652579372
1295699463349194752,negative,0.00925778048950002
1295699464313876487,negative,8.126662581232165e-05
1295699464552841216,negative,0.028290565578201855
1295699464909398016,negative,0.007419046024032262
1295699465068851202,negative,0.017178444783900387
1295699465341460481,negative,3.750265800303984e-05
1295699465375035392,neutral,0.3306646816629014
1295699467191033861,negative,0.16959574294454735
1295699467430051848,positive,0.9100377644286936
1295699467505549312,negative,0.0026703800976230043
1295699467505750018,negative,0.0005923968363762045
1295699467606331397,negative,0.18558340440462298
1295699467623006208,negative,3.422397546863269e-05
1295699467660931072,negative,0.0002769243950667544
1295699467732213763,negative,3.25722101444236e-05
1295699467790888960,negative,0.026390182058765976
1295699467883220992,neutral,0.4246605003672058
1295699467983654912,negative,0.03136826286264977
1295699468084420609,negative,0.0745162726190303
1295699468113846272,negative,0.05712196707036819
1295699471490220033,negative,0.10521438512235697
1295699471855124480,negative,1.3599251201664993e-14
1295699472102694913,negative,0.002748786056658818
1295699472144568320,negative,3.314886641772634e-05
1295699472618524672,negative,0.0020323750193468083
1295699472974979074,negative,0.012107502224219689
1295699473931403266,negative,0.017178444783900387
1295699476452192259,positive,0.9024942531613276
1295699477374926853,positive,0.8695415297407064
1295699479966789632,negative,0.10438754836448566
1295699480558305281,negative,0.14134167714666668
1295699481455931394,negative,0.0885274143657788
1295699481728557059,neutral,0.611496537928612
1295699481841881088,neutral,0.5152685453022815
1295699482038992900,negative,0.11072380878384588
1295699484547207169,negative,3.7566556990068054e-05
1295699486526799873,negative,0.0009677493191237991
1295699488691105795,negative,0.0007745359129958626
1295699488804425730,negative,0.0006690251685239887
1295699489098014720,negative,0.0037007295488750373
1295699489437683714,negative,3.3786505041159473e-06
1295699489542541314,negative,0.16435684993276148
1295699489639079938,negative,0.021984140409725638
1295699492608659458,negative,5.724218641900607e-05
1295699492625408000,negative,9.45824190757898e-06
1295699492885467141,neutral,0.3419074115840467
1295699492893790211,neutral,0.5344029679637843
1295699493304795136,negative,0.0142754078748898
1295699493325803520,negative,7.098665514213687e-06
1295699493682384896,negative,0.12601313751072224
1295699493900505089,negative,0.12601313751072224
1295699497079713792,negative,0.12601313751072224
1295699497134120960,negative,0.04863796769270416
1295699497906049024,negative,0.00971046727902133
1295699498212130818,negative,0.14134167714666668
1295699498233204736,negative,0.0721194084710156
1295699498442915841,negative,0.0005151066907854307
1295699502347714566,negative,0.00846071005507212
1295699505711652869,negative,0.317955616456911
1295699506189815808,negative,1.8789782345633605e-06
1295699506206564353,negative,0.23649811240819985
1295699506588266497,neutral,0.4020383545323593
1295699507318054912,negative,0.12601313751072224
1295699507452293120,neutral,0.49789225920557484
1295699510136639488,negative,0.05697543733620819
1295699510220464128,negative,0.00618396242161895
1295699510694498306,negative,0.0290330764699297
1295699510761586690,negative,0.014680187541276389
1295699510837084163,negative,0.007701554906241651
1295699511088762880,negative,0.23649811240819985
1295699511201996800,negative,0.12601313751072224
1295699511273168898,negative,0.048038338004875995
1295699511457845248,negative,0.02623819928705295
1295699511835328512,negative,0.23649811240819985
1295699512409849856,negative,0.12601313751072224
1295699512460292096,negative,0.04040393495697268
1295699513710194689,negative,0.12601313751072224
1295699514989383688,negative,0.32402890580664073
1295699515345981441,negative,1.5879297172082476e-05
1295699515639566343,negative,0.00037039181556123234
1295699515757015043,negative,0.0018436368372910083
1295699516604256256,negative,0.12601313751072224
1295699516696530945,negative,1.0542609085646404e-09
1295699516868497408,negative,0.12601313751072224
1295699517820547074,negative,4.17937791898893e-05
1295699517908688896,negative,0.00011706970378355754
1295699518051278848,negative,0.16102526123781008
1295699518739091457,neutral,0.36095958222040864
1295699518814642177,negative,0.0793004912566736
1295699518860730369,negative,0.016891543469378077
1295699518898483200,negative,4.288207818402586e-11
1295699519431204869,negative,0.12601313751072224
1295699520278364160,negative,0.03957686157108606
1295699520886538240,negative,0.02623819928705295
1295699522128150528,negative,0.021866134820475905
1295699522329419778,negative,1.3290059832167561e-05
1295699523050905602,negative,0.284029033721382
1295699523210293253,positive,0.6634765676318548
1295699523256422400,negative,3.2066940162889607e-06
1295699523289919488,negative,0.051006876849169186
1295699524636336129,negative,0.00011519182849965869
1295699525051592711,negative,0.14134167714666668
1295699526385373187,negative,8.814190697663422e-09
1295699528025280515,negative,0.0004989025182391388
1295699528117399552,negative,0.03130956270672675
1295699528314769411,negative,7.456332963198547e-06
1295699529061281794,positive,0.6998978141349389
1295699530508374016,negative,0.009501451079747378
1295699530638336001,positive,0.8160557461547463
1295699530961358859,negative,0.04976907919372131
1295699531426930688,negative,0.06227944565466594
1295699531988971522,negative,0.0009309096130113586
1295699532345413633,negative,0.2820386637943614
1295699532433555456,negative,0.0010286123620002786
1295699534606147585,negative,0.1361754885020124
1295699534702678016,negative,1.6514162885288285e-06
1295699534950084609,negative,0.3233085307591435
1295699535747047425,negative,7.226415876114678e-14
1295699537013682176,negative,5.933574103374875e-06
1295699537525432321,negative,0.20008485661310252
1295699539001827330,negative,4.848529125079356e-09
1295699539337388033,negative,0.024405456238622735
1295699539672866817,positive,0.9998893383237237
1295699539844829186,negative,0.11267639419581865
1295699540402733056,negative,0.020571897534529298
1295699540419522560,negative,7.771451188935436e-05
1295699540629164032,neutral,0.5673971260133672
1295699541191208962,negative,0.12601313751072224
1295699541258313728,positive,0.946338558042596
1295699543695269889,negative,0.0030853316063618125
1295699543737196547,negative,0.01718961091122172
1295699544156581888,negative,0.003995222865896848
1295699544236318721,negative,0.00025862293097150384
1295699544467025921,negative,0.12601313751072224
1295699545024856064,negative,0.20348124742185403
1295699545356144640,negative,0.10459830546158512
1295699547298115584,neutral,0.438658726745286
1295699547579195392,neutral,0.5421188713751058
1295699548153815040,negative,0.0003615108443868376
1295699548921364481,negative,0.14134167714666668
1295699549189701632,negative,0.07561223930556728
1295699549529550848,negative,0.12601313751072224
1295699552029347840,neutral,0.5156402987596375
1295699552821968896,positive,0.6624419550526272
1295699553648336896,negative,0.22463230117098826
1295699553715453954,negative,0.29193742024301156
1295699555846098945,negative,0.0001392709936155335
1295699556127199233,negative,0.0011434932295396399
1295699556500418572,positive,0.7757378803001985
1295699557096071168,negative,0.00938508333605414
1295699557423226891,negative,0.0430101816775751
1295699557427355649,positive,0.9696083469795036
1295699557679063046,negative,0.14134167714666668
1295699557783941125,positive,0.9806366043184603
1295699558018748416,neutral,0.4410468130790428
1295699560237604866,negative,0.014162992454384139
1295699560321482753,negative,0.07308417170755388
1295699560350863365,neutral,0.3427590654417013
1295699560577339394,negative,0.1683658243688993
1295699560577355777,negative,0.3045024688943347
1295699560694779904,negative,0.12601313751072224
1295699560917082112,negative,0.03184689485492144
1295699561021923328,neutral,0.35017022202800047
1295699564431921152,negative,0.08722700581896486
1295699564511600641,neutral,0.49789225920557484
1295699564721246218,negative,0.1670796428660789
1295699564972978176,neutral,0.5344029679637843
1295699565358862336,positive,0.8531740561673428
1295699565379813376,neutral,0.555920416612909
1295699565694332934,negative,0.011151595823809033
1295699565887266816,negative,0.0024489637061217828
1295699568647122944,negative,0.18286116381631745
1295699569465077760,negative,2.0010512486608377e-05
1295699569498521600,negative,0.29269589891569664
1295699569569923072,negative,6.125026846958767e-06
1295699569636974592,negative,0.10009065629389999
1295699569779646464,negative,0.026937931642457072
1295699570572365824,negative,0.3045024688943347
1295699570782068737,negative,0.0001913479854883424
1295699570811428866,negative,0.05416247567738489
1295699571104940032,negative,0.31939114136953217
1295699573827145729,negative,0.044051357276136495
1295699574653358080,negative,0.0004211981740700472
1295699574947041288,negative,0.20348124742185403
1295699574963806210,negative,0.14459291354362255
1295699574972207104,negative,0.012794336949919475
1295699576738000899,positive,0.9804244454961873
1295699577547509760,negative,0.24201751524119858
1295699578025578496,negative,0.0011294606863811757
1295699578398871552,negative,0.024405456238622735
1295699579632005120,negative,0.12601313751072224
1295699579674013703,negative,0.12601313751072224
1295699580265390081,negative,0.00010105005016432953
1295699581380960257,negative,0.008820763666226628
1295699581934751746,negative,0.2421388024884851
1295699582207352832,negative,0.10800012855602197
1295699582639382530,negative,0.056496391794210295
1295699583373369350,negative,0.0005207109971164184
1295699583700525056,neutral,0.4898631585877994
1295699586003152897,negative,0.23649811240819985
1295699586124853248,negative,0.2382669582645585
1295699586259058696,negative,0.024405456238622735
1295699590503636993,neutral,0.5652309771345115
1295699590507888640,negative,0.3062692949725709
1295699590843207681,negative,1.1834943051761732e-07
1295699591485173761,negative,0.004919837582678955
1295699592655319040,negative,0.02037894889807071
1295699593787846658,negative,0.00432973159051788
1295699593829777408,negative,0.18299730410594303
1295699594345680900,negative,0.12601313751072224
1295699594798682112,negative,5.643077774743622e-06
1295699595041931265,negative,0.019901934905204827
1295699595402641409,negative,0.007150915092352314
1295699598430941184,negative,0.30879695230320287
1295699598523195394,negative,0.00013289120904104947
1295699598539984897,negative,8.418688190818232e-05
1295699598741254145,negative,1.8228548971456851e-06
1295699598837719041,negative,0.01387276581296388
1295699602461663236,negative,0.03565945797252218
1295699602537095170,negative,0.31387462782038605
1295699602591690761,negative,8.385996296335954e-06
1295699602868510723,negative,0.010142463236671184
1295699603690586112,negative,0.007461233439279354
1295699606614007809,negative,3.0439707664671607e-05
1295699606672678912,negative,0.10886634654411638
1295699606827945984,neutral,0.35252066157004797
1295699607645757440,neutral,0.35252066157004797
1295699607750615043,negative,0.0075130361079723046
1295699608505593859,negative,0.3013928537591726
1295699610342584322,positive,0.9985599551787783
1295699610825039874,negative,7.752480450362732e-06
1295699611173228545,negative,0.23649811240819985
1295699612309782528,negative,0.0009523254789268912
1295699612397953024,negative,0.08007641557858117
1295699612406358022,negative,0.12601313751072224
1295699612540469248,positive,0.9998639034999872
1295699614562164742,neutral,0.5374478655040366
1295699614662668288,negative,0.08848590792333066
1295699616055332864,negative,0.00043460461905180423
1295699618622246912,negative,0.23649811240819985
1295699618727170048,negative,0.0005207109971164184
1295699618903273473,positive,0.9805923529489802
1295699619054223361,negative,1.5771765945207985e-10
1295699619238871041,negative,0.12601313751072224
1295699619347861504,negative,0.009198488968345166
1295699619557646336,negative,5.567349196359062e-05
1295699619800690689,negative,0.17573154551332273
1295699620086124551,neutral,0.6265677136936275
1295699620404789249,neutral,0.438658726745286
1295699620564209666,positive,0.8379334693979041
1295699623412224000,negative,1.294922357206485e-10
1295699623827341315,neutral,0.3851873539584463
1295699624733351943,negative,0.06893625193330695
1295699625022820352,negative,0.04490431619932774
1295699625232539648,neutral,0.4447524058193092
1295699627451219969,negative,0.007174118764223606
1295699627996581889,neutral,0.3851873539584463
1295699628571209728,negative,0.00023404244564836986
1295699628730572800,negative,0.1396360862323694
1295699628801892355,negative,0.0023043065185054216
1295699630135615489,negative,0.12601313751072224
1295699631838572545,negative,4.2629788188607725e-08
1295699632111190016,neutral,0.3851873539584463
1295699632652263429,negative,0.03957686157108606
1295699632966848512,negative,2.5127427280972533e-08
1295699633038032903,negative,0.06901284341561151
1295699633340129280,positive,0.7231460136314789
1295699633612771328,neutral,0.49789225920557484
1295699633675665409,negative,0.0006420653646235958
1295699635345006593,negative,0.03218774656513438
1295699635680489473,negative,0.0058388436098443216
1295699636213211137,neutral,0.3851873539584463
1295699636221599744,negative,0.0005501728142420361
1295699636477399040,neutral,0.4012646509396579
1295699636590727169,negative,0.000940909233737507
1295699637379227648,negative,0.08007641557858117
1295699637924495362,negative,0.04490431619932774
1295699637949652995,negative,0.10526319886508102
1295699638205415424,negative,0.051006876849169186
1295699640067788800,negative,0.034581623450589356
1295699640386555904,neutral,0.3851873539584463
1295699640646602758,negative,6.585584536490565e-05
1295699640717844480,negative,0.18213085381470168
1295699640919130112,negative,0.10200360682655425
1295699641233821696,negative,0.00037662897559267197
1295699641330208770,neutral,0.3766390619395432
1295699641376419842,negative,0.12601313751072224
1295699641753915393,negative,0.06755976209626206
1295699641837793281,negative,0.03263686538421895
1295699641988775936,negative,0.25401421255941126
1295699644081745921,negative,0.27815186115300927
1295699644153028609,negative,0.00520923146923012
1295699645033742337,positive,0.7031734236176302
1295699645566525441,neutral,0.551578446401807
1295699645880991745,negative,0.0014922880839135276
1295699648066260992,negative,4.15637503900249e-06
1295699648452100096,positive,0.7807547835051916
1295699648737349632,negative,0.2820386637943614
1295699649207177219,negative,0.00022639974360862494
1295699649551044608,positive,0.875362035095293
1295699649907564544,positive,0.9865535733060937
1295699650704482305,negative,0.019901934905204827
1295699650901671936,neutral,0.49789225920557484
1295699651123871744,negative,0.02132099595582579
1295699653111898112,negative,0.00010105005016432953
1295699653292363776,negative,0.007696942261815526
1295699653443411970,negative,1.0987980960836639e-07
1295699653690712066,negative,0.13863107988211593
1295699654076760065,positive,0.9829253931596063
1295699654454247426,negative,0.00041407922449933224
1295699654655516672,positive,0.8183666817447359
1295699656324919298,neutral,0.41945625588961544
1295699656563990528,negative,0.03135431427877863
1295699656568176640,negative,0.014640049545214298
1295699656836624384,negative,0.07673407042291162
1295699656878456832,negative,0.12601313751072224
1295699657180344321,neutral,0.6228212054530493
1295699657839054849,negative,0.00048654556834134183
1295699658124255232,negative,1.5134717414659065e-06
1295699658401034246,negative,0.12601313751072224
1295699658568687616,negative,0.0003372761400340319
1295699660884054018,neutral,0.5374478655040366
1295699661055983616,negative,0.11591685326288977
1295699661064306691,negative,0.08818561164758601
1295699661102120964,negative,0.03669135265188776
1295699661378985984,negative,0.00012286986865264467
1295699661974536192,negative,0.005757803766098827
1295699662100406273,negative,0.03465039816922216
1295699662452731904,negative,0.04079032582251227
1295699662461194240,neutral,0.3499352441185855
1295699662695997440,negative,0.0016027177158708132
1295699663060967424,negative,1.1099587862681069e-05
1295699663597838342,negative,0.04978476461218772
1295699663832649728,positive,0.8023475604602576
1295699664767983616,negative,0.12601313751072224
1295699665288073216,negative,0.0005489154248536262
1295699665527111680,negative,0.010732304180412218
1295699665942458368,negative,1.7013819466045464e-05
1295699666009497600,negative,5.707013796552033e-06
1295699666533863424,negative,0.003834388552176438
1295699667246813184,negative,0.01325874942621394
1295699667309793280,neutral,0.4451853734225486
1295699669104852994,negative,0.006392967544739209
1295699669331456000,negative,0.12601313751072224
1295699669482442758,neutral,0.5496678701602578
1295699669821997057,negative,0.0001731945932745357
1295699670128369665,negative,0.0002950035274722003
1295699670874955776,negative,0.006201192931730067
1295699670946263040,negative,0.3045024688943347
1295699671504105473,negative,8.457836964565574e-07
1295699671663480832,negative,0.04168417874162307
1295699674112958465,negative,0.05962718294572116
1295699674410684416,negative,0.12601313751072224
1295699674595233794,negative,0.00012803279689314805
1295699674754617344,negative,0.012794336949919475
1295699675161530369,negative,0.04550932329001948
1295699677313196034,neutral,0.41641655663188576
1295699678500212737,negative,0.08890817256584962
1295699679045455872,negative,0.06316873021486953
1295699679745908736,negative,0.00010105005016432953
1295699682002378752,positive,0.9040612786969581
1295699686393872389,negative,0.16555727204251808
1295699686867771394,negative,0.005317214705418283
1295699687652040705,negative,0.1389357443319044
1295699687853490176,negative,0.020648180998639198
1295699690667769860,negative,5.643077774743622e-06
1295699691183759362,negative,7.666166893117692e-07
1295699694736244736,negative,0.044051357276136495
1295699694824443905,negative,0.014640049545214298
1295699695088672770,negative,0.0028464838235345608
1295699695428423687,negative,0.12601313751072224
1295699695491321859,negative,0.024405456238622735
1295699695805829121,negative,0.0004622183866881111
1295699696091111431,positive,0.7898999572820413
1295699698628595714,negative,0.0072938360075774575
1295699699320664065,negative,0.01958507969921017
1295699699320725506,negative,0.09421732100141891
1295699699324813313,negative,0.12553753677044185
1295699699559616513,negative,0.007503747480903371
1295699699702226944,neutral,0.49789225920557484
1295699699840712705,negative,0.00041407922449933224
1295699703141748738,negative,0.06128663456160907
1295699703741534208,negative,0.2820386637943614
1295699703892455424,neutral,0.5112162807618442
1295699703984787457,negative,0.12601313751072224
1295699704211279872,negative,0.019867754770944455
1295699704261545984,negative,0.11531720581921368
1295699704341299202,negative,0.006077019333491824
1295699704655876097,negative,0.22483527294323674
1295699704727113728,negative,0.0007028600861979308
1295699704760672258,negative,2.0621458100254434e-05
1295699704764870656,negative,0.18202055030314737
1295699705087889409,negative,6.40897145985339e-07
1295699706987917313,negative,0.019014702882922403
1295699707264741377,negative,2.463243048816009e-07
1295699708472688640,negative,0.222996446194689
1295699708996984832,negative,0.02132099595582579
1295699709093457920,negative,0.015005561617879472
1295699709168947202,negative,0.00937851268629789
1295699709173137408,negative,0.17227589552301045
1295699711224164352,negative,1.0908851775427892e-06
1295699711702245377,negative,0.0007410156761396685
1295699711752470530,negative,0.12601313751072224
1295699711899447297,negative,0.019901934905204827
1295699711987515393,negative,0.00937851268629789
1295699712042045442,negative,0.0018489038645729556
1295699712444702720,negative,3.0439707664671607e-05
1295699712721457152,negative,0.0017513491502150333
1295699713250004992,positive,0.9938078234244784
1295699713476497408,negative,3.917236695540239e-05
1295699713535160320,negative,0.03957686157108606
1295699713627308034,negative,0.007911094935979072
1295699715238039552,negative,0.007701554906241651
1295699715326201856,negative,8.316289550811959e-05
1295699715745513472,negative,0.050454099520842996
1295699716051816448,negative,0.12601313751072224
1295699716567638016,negative,0.1441344912164008
1295699716924157954,negative,0.019901934905204827
1295699717347827712,positive,0.9931197463134209
1295699717507223552,negative,0.12601313751072224
1295699719872815109,negative,0.31732489718339985
1295699720006848513,negative,2.4929190797890805e-07
1295699720552275970,negative,0.006201192931730067
1295699720816467970,neutral,0.4098182179544237
1295699720824922112,negative,0.0011822071068000404
1295699722229997569,negative,0.19831627873540775
1295699723903553542,negative,0.01718961091122172
1295699724352327682,positive,0.9383820765698171
1295699724583014401,negative,0.12601313751072224
1295699725107126272,neutral,0.5017543432377519
1295699725178593280,negative,0.28834416450020467
1295699727640657927,negative,0.0001537612471452841
1295699727879532545,neutral,0.5006086376065693
1295699728240381952,negative,0.0016277388438112315
1295699728257167366,negative,0.12204049097437057
1295699728307335168,negative,0.02754736269692114
1295699728433324038,negative,0.12601313751072224
1295699728500494337,negative,0.04060724336050897
1295699728513085441,negative,1.2786014788960013e-10
1295699728915734529,neutral,0.3519088509504407
1295699729322516481,negative,0.023375664249609268
1295699729762877440,neutral,0.5374478655040366
1295699731725856768,negative,0.0007034794332769577
1295699731880894464,negative,0.007701554906241651
1295699731897880578,negative,0.0035057916697980676
1295699731914645505,negative,0.08928550564964083
1295699731964928000,negative,1.6375183924099203e-06
1295699732212391937,negative,0.2820386637943614
1295699732422176769,negative,0.24422029629356973
1295699732438843393,negative,0.0001568205364054759
1295699733047123969,negative,5.262635876707223e-05
1295699733172948992,negative,0.12589623942840603
1295699733302906880,neutral,0.5516641545542814
1295699733328154624,neutral,0.33349068117410546
1295699737660854274,negative,4.957227772611883e-05
1295699737924993024,negative,0.012706753290176509
1295699738122043392,neutral,0.5017543432377519
1295699738227019776,negative,0.00012803279689314805
1295699738298404866,negative,0.0002090335927252614
1295699738357108737,negative,0.0011305270239737911
1295699741326454784,neutral,0.5034210630335629
1295699741527998469,negative,0.05366245476618334
1295699742446542850,negative,0.011818966449914948
1295699745550237696,neutral,0.4345948998908618
1295699745751674880,negative,0.23649811240819985
1295699746116509696,negative,0.0019137076188600975
1295699746300944390,negative,0.00040539858351233465
1295699746485604352,negative,0.004083421009840023
1295699746485686273,negative,0.09421732100141891
1295699746582134785,negative,2.4993220491118347e-05
1295699749811740672,negative,0.3045024688943347
1295699749861982210,negative,0.1867899916655779
1295699750705078272,negative,0.019296466629250122
1295699750977712129,negative,0.3045024688943347
1295699753326514178,negative,0.005254679364595279
1295699753393586176,negative,0.12601313751072224
1295699753674649602,negative,0.28834416450020467
1295699753704009729,negative,0.02132099595582579
1295699754060525570,negative,0.008551744862496442
1295699754333151233,negative,0.12601313751072224
1295699754748444678,negative,0.12601313751072224
1295699757101449216,negative,0.1691244645347935
1295699757420118016,negative,4.7551946280346656e-05
1295699757483032577,negative,0.003350744286630809
1295699758317744129,negative,0.22561078189454511
1295699758334578689,negative,0.000475641599199418
1295699758670118912,neutral,0.3427590654417013
1295699759118917633,negative,0.02132099595582579
1295699761199226886,negative,0.00031364293548161875
1295699762679877632,negative,2.9024884405372828e-05
1295699762977689602,negative,0.19426515223239724
1295699763254513666,negative,0.004631627283949271
1295699763283800069,negative,0.0008979996924846816
1295699763350953988,negative,0.02132099595582579
1295699763355095061,negative,7.325162142826975e-09
1295699763397099520,negative,0.0005097186574830244
1295699763959144448,negative,0.0473287620742348
1295699766286995464,negative,0.3045024688943347
1295699766463135744,negative,0.2820386637943614
1295699768149147655,negative,0.25064561986706013
1295699768635789312,neutral,0.5374478655040366
1295699770170843142,negative,0.005315410511528704
1295699770909110272,negative,0.04550932329001948
1295699771462758400,negative,0.2115197692513131
1295699771542450177,negative,0.015254854995234086
1295699771815071744,neutral,0.5860861901263471
1295699771940839424,negative,0.2707934526211621
1295699773979275264,negative,0.010192316248750194
1295699774386184193,negative,0.10873084537464295
1295699774461681666,neutral,0.49789225920557484
1295699774788833281,negative,3.750265800303984e-05
1295699774876909569,negative,0.00045756740593079606
1295699775166320641,negative,0.12601313751072224
1295699775417876482,neutral,0.49789225920557484
1295699775812177920,negative,0.11631874523252289
1295699776017588224,neutral,0.49789225920557484
1295699777913606145,negative,0.22051075309162918
1295699778202931203,negative,8.418688190818232e-05
1295699778362388480,negative,0.0031797094825060327
1295699778576297988,negative,0.00015346569853918462
1295699778693730309,negative,0.0021720359258136836
1295699778865594374,negative,0.03814708742214504
1295699778962153473,negative,0.0024870173465199193
1295699779079614464,negative,0.05738731705847255
1295699779335446529,neutral,0.5078821011343084
1295699779888939009,neutral,0.3306646816629014
1295699779905699840,negative,0.030273009223634344
1295699780165918729,neutral,0.34204090801782494
1295699782300827648,negative,0.0600101272615417
1295699782430793728,negative,0.0005207109971164184
1295699783844233216,negative,2.5760858789739414e-07
1295699784183844865,negative,1.0608747809731221e-11
1295699786713137153,negative,0.18146911214380979
1295699786818105345,negative,0.13449786664433144
1295699787665354754,negative,0.0005296785391577655
1295699787824627712,negative,0.00023782014441984167
1295699787963158528,negative,0.145402450257652
1295699788105756672,negative,0.12601313751072224
1295699788953006080,negative,0.12601313751072224
1295699789460504581,negative,0.0007745359129958626
1295699790924263424,negative,0.1730746230786644
1295699790995566592,neutral,0.4606343025343602
1295699791507316736,neutral,0.37111150485659405
1295699791805120512,negative,0.00846071005507212
1295699791956135937,negative,0.12601313751072224
1295699792312651776,negative,0.12601313751072224
1295699795101843457,negative,0.008551744862496442
1295699795189915653,negative,0.012628138459452327
1295699795307302917,negative,0.04128108861049909
1295699795429007368,negative,0.0005960794063345932
1295699795487518720,negative,0.014088390200836555
1295699795869302785,negative,0.05131638861700629
1295699796087517185,negative,0.033280093885533685
1295699796238442498,negative,0.0035045495257637616
1295699799371636737,negative,0.12601313751072224
1295699800143400960,negative,0.22035441222533647
1295699801418473478,negative,0.08429745491120878
1295699803330969605,negative,0.0004989025182391388
1295699803402313732,negative,0.12503912590136418
1295699803414900736,negative,0.0005207109971164184
1295699803482066944,negative,0.028578521274146763
1295699804371263488,negative,0.0017771118497846355
1295699804874473474,negative,0.1441344912164008
1295699805512048640,negative,0.019901934905204827
1295699805914750977,negative,0.0018489038645729556
1295699806187331584,negative,0.00031149165374442687
1295699806384525312,negative,0.009519586546924306
1295699806543851521,negative,0.08007641557858117
1295699807651205122,negative,0.015592890116295364
1295699807818985473,neutral,0.44515666723971453
1295699807990886400,negative,4.853514937692688e-05
1295699808712183808,neutral,0.49789225920557484
1295699809110831105,negative,0.0015812606169093597
1295699809534451713,negative,0.019901934905204827
1295699812508225536,negative,8.418688190818232e-05
1295699812625547265,neutral,0.5902901827896669
1295699813087031301,negative,0.04137605284192735
1295699815662333952,negative,0.008340209201006544
1295699815792283656,neutral,0.49789225920557484
1295699816094273538,negative,0.10923838763276379
1295699817109368835,neutral,0.3709491165362941
1295699817184854018,negative,0.00040539858351233465
1295699817298104321,negative,0.00205984863812629
1295699817717366784,negative,0.0033649680680589863
1295699820481581057,positive,0.97278226164619
1295699820670328833,negative,0.014692100903482533
1295699821228105728,negative,2.7576915926557836e-05
1295699821454663680,positive,0.8450061101035294
1295699821681090562,negative,0.28834416450020467
1295699822310240257,negative,8.670311896171893e-05
1295699824235470850,negative,0.08785473316588438
1295699824864632832,negative,0.0024063297313619446
1295699825107795968,positive,0.9998603793433383
1295699825183293445,negative,0.024405456238622735
1295699825359564801,negative,0.002247596767237095
1295699825380470784,negative,0.04505628578148248
1295699825615187969,negative,0.004053118679355682
1295699825816731649,negative,0.01815322051895034
1295699826085167105,negative,0.058527571783466986
1295699826487840770,negative,7.303715170917331e-11
1295699828605956099,negative,0.0001631320351968574
1295699828849217536,negative,0.257532991805506
1295699829058867203,negative,0.02132099595582579
1295699829528711173,negative,0.12601313751072224
1295699829847465985,negative,0.005575530768664181
1295699829990055936,negative,0.006231214981885819
1295699830145200129,negative,0.12601313751072224
1295699830262697984,negative,0.08467181435203253
1295699830333898763,negative,0.29354048216691747
1295699831051214849,neutral,0.36095958222040864
1295699831122427905,negative,0.0018784919840575279
1295699832426901504,negative,1.0487168956455208e-06
1295699833299382274,negative,0.0019137076188600975
1295699833370693632,positive,0.9705720884635586
1295699833697820673,positive,0.9705720884635586
1295699833752293377,negative,0.000475641599199418
1295699833760755712,neutral,0.555920416612909
1295699834004004864,positive,0.967831658325109
1295699835027365888,negative,0.3273095963041822
1295699835534938112,negative,0.014808859151106236
1295699837242036226,neutral,0.6144662847864107
1295699837338492942,negative,0.15470183371835994
1295699837493673985,negative,0.12601313751072224
1295699837543907329,negative,3.210231327539463e-15
1295699837745270784,negative,2.735288439551494e-07
1295699838621880326,neutral,0.33618804379693296
1295699839032926209,negative,0.0005207109971164184
1295699840589082625,negative,1.803106764405201e-07
1295699841012707328,negative,0.05288082518322451
1295699841536884737,negative,0.0016127369173940102
1295699841784455168,negative,0.0005189112389060799
1295699842010886146,negative,0.03889721158873237
1295699842233069568,negative,0.1523879671397566
1295699842677837825,negative,0.16751168982469927
1295699842698588160,negative,0.00033147708280829646
1295699843814498304,neutral,0.4817850800787732
1295699844624003079,neutral,0.49789225920557484
1295699844686843906,negative,0.12601313751072224
1295699845144027138,negative,0.21690273151420714
1295699845345312768,negative,0.03769540738213657
1295699845492088834,neutral,0.3709491165362941
1295699845727096834,neutral,0.6252602244423042
1295699845739622405,negative,0.21277367794613225
1295699845928439808,neutral,0.45934702882137796
1295699846201040906,negative,2.463243048816009e-07
1295699846507175937,negative,0.03613162626831578
1295699846582751232,positive,0.9097891984495365
1295699849954893827,negative,0.04729976354149997
1295699849971630080,negative,9.403755701127903e-05
1295699850001027072,neutral,0.5902901827896669
1295699850533703681,negative,0.000549655710832865
1295699850823184385,negative,0.07889466698758062
1295699853968801793,negative,0.09601791824739772
1295699854061187072,negative,3.25722101444236e-05
1295699855046774790,negative,0.22483527294323674
1295699855252369410,negative,0.26090090315184916
1295699855617200132,negative,0.12601313751072224
1295699857924075520,negative,0.0072938360075774575
1295699858167402496,negative,2.2821344379010637e-05
1295699858205155329,negative,0.00011371886963053537
1295699858238705664,negative,0.11276646861472159
1295699858372857856,positive,0.8232975942751998
1295699858704269319,positive,0.7691833746593747
1295699859010396165,negative,0.31359066856531265
1295699859178172416,negative,1.689583610474794e-08
1295699859899666433,neutral,0.513307498800323
1295699860084207616,negative,0.05981201577321722
1295699861938085889,neutral,0.44515666723971453
1295699862131007494,negative,0.0018475595824530028
1295699862462312448,negative,0.12601313751072224
1295699863653486593,negative,0.0043808832196225635
1295699863687114752,negative,0.019087076552020514
1295699863993188352,negative,0.001237029426698119
1295699864010006528,negative,0.015704864428304634
1295699864119136256,negative,0.03135431427877863
1295699864395878401,negative,0.0020264829264148286
1295699864777625609,negative,0.0001637427096082749
1295699864823767042,negative,0.14998774495929412
1295699866937708545,negative,0.0073598940686291575
1295699867155738624,negative,0.002251264545253322
1295699867386470400,negative,0.23649811240819985
1295699867696803842,negative,0.1320054398652975
1295699867877203968,negative,0.04072849749046836
1295699868367892480,negative,1.845046362508358e-06
1295699868674072576,negative,0.03995131782218986
1295699870574088192,negative,0.11809429742624333
1295699871144583168,neutral,0.5374478655040366
1295699871308173313,negative,0.0017044512010052923
1295699871786205186,negative,0.00014779249629750258
1295699873216573441,negative,0.0020264829264148286
1295699873656901635,negative,0.019901934905204827
1295699875082973184,negative,0.31732489718339985
1295699875305332736,negative,0.11071018408393729
1295699875817033729,negative,0.006100314913498225
1295699875942866945,positive,0.8787950129266008
1295699876047716358,negative,6.0880798353042644e-05
1295699876588793858,negative,0.0023043065185054216
1295699876878135299,negative,0.04347023130978844
1295699877096112128,negative,0.11809429742624333
1295699878010552322,negative,0.0072938360075774575
1295699879151521793,negative,0.12601313751072224
1295699879566741504,negative,0.023875302139297623
1295699880082538497,negative,0.006499205934662348
1295699883031175168,neutral,0.6044360339979967
1295699883307892736,negative,0.12601313751072224
1295699883693834242,negative,0.007081698655806649
1295699883731628032,neutral,0.5344029679637843
1295699883937193989,negative,0.12601313751072224
1295699884549562369,positive,0.992761073168761
1295699884717350913,negative,3.0439707664671607e-05
1295699884851507200,negative,0.01873097965113746
1295699884901883904,negative,0.2820386637943614
1295699887321997313,negative,0.013366834784767275
1295699887925997568,negative,0.06048771175170285
1295699888647409671,negative,0.09563584457623177
1295699888794226690,negative,0.03329967069360357
1295699891424026624,negative,0.28822966114974197
1295699891545608193,negative,0.00011513506300654263
1295699891684093952,negative,0.2718558954275445
1295699892988510208,negative,0.32839451758721594
1295699893584109570,neutral,0.4507454498615163
1295699894083162112,negative,0.13329128111294006
1295699894288683009,negative,0.01981185236540945
1295699895437975555,negative,0.0600101272615417
1295699896406876166,neutral,0.4740134798084637
1295699896952127488,negative,3.750265800303984e-05
1295699897241333762,negative,0.2894007805363684
1295699897681948672,negative,0.0005003820658617559
1295699897933602822,negative,0.00010440753767205575
1295699898004844545,negative,0.025487700788020696
1295699898021683200,negative,6.550506374760837e-07
1295699900114653184,negative,1.0211573833574683e-05
1295699900991254535,negative,0.12601313751072224
1295699901188395009,negative,0.03935045742264428
1295699901347778568,negative,1.9118766759604064e-05
1295699901565882369,negative,0.0005707288715266583
1295699901679099906,negative,0.12601313751072224
1295699902488555525,negative,0.021952952106816918
1295699904162078724,negative,0.014505346317536942
1295699904174731264,negative,0.12601313751072224
1295699904204087298,negative,0.2820386637943614
1295699904250236928,positive,0.9991242396415561
1295699904451444737,negative,2.9881256023997453e-07
1295699904485117955,negative,0.0014681469993481479
1295699904866721792,negative,0.0051963408968365874
1295699905147744258,negative,0.00937851268629789
1295699905516834828,negative,0.1416388564376785
1295699906468904960,negative,0.00011920047949049027
1295699907953729536,negative,0.00023856735987737933
1295699908205346816,negative,0.0032533681489490627
1295699908213735424,negative,2.7576915926557836e-05
1295699908444463107,negative,0.06027610817740375
1295699908507455490,negative,0.03709113296470785
1295699909388259330,positive,0.7404850782381731
1295699912324243456,negative,0.058527571783466986
1295699913007943681,negative,0.0007542368182782749
1295699913242816514,negative,5.929974285857408e-06
1295699914194923524,neutral,0.5718541379795399
1295699914278739968,positive,0.7567536881307938
1295699914563952640,negative,0.12601313751072224
1295699915063123968,negative,0.0027371390789015476
1295699916476551168,negative,0.007302956732843028
1295699916652675072,negative,0.00021671473916723183
1295699917109784576,negative,0.12601313751072224
1295699917894287363,positive,0.7190717414443768
1295699918091358208,negative,0.00010195203445308573
1295699918410133508,negative,0.0004172645082766708
1295699918720565250,negative,0.006529509559311544
1295699918749933570,positive,0.7042771493708156
1295699919098060800,negative,0.28834416450020467
1295699919173558272,negative,0.000369329000559536
1295699919219695617,negative,0.0015077987617029946
1295699919244865539,positive,0.8379334693979041
1295699919303520256,negative,0.024405456238622735
1295699920872251392,negative,0.13186919957289805
1295699920930963457,negative,0.0019137076188600975
1295699922063425536,negative,0.0013240075066829964
1295699922239524868,negative,0.20478744906478066
1295699922260566020,negative,0.12601313751072224
1295699922570936320,positive,0.9477995601449292
1295699922629660673,negative,0.04239833957058144
1295699923070058496,negative,0.0032364137548559196
1295699923132964864,negative,0.01980188107397208
1295699925154566145,negative,0.0072938360075774575
1295699925297135616,negative,0.20922039506617465
1295699926610063361,negative,1.6409765488457423e-05
1295699926807126017,neutral,0.41443310730037014
1295699929437020162,neutral,0.49789225920557484
1295699929864732672,negative,0.00846071005507212
1295699930946981895,negative,0.05741082219477387
1295699931186044928,negative,0.0011858016254695648
1295699931899006978,negative,0.12601313751072224
1295699934365261824,negative,0.004631627283949271
1295699934717648899,negative,0.0007114818796960006
1295699934990282752,negative,2.3748919346748503e-06
1295699935069966336,negative,0.02516937199325162
1295699935128625153,negative,0.000253058869872319
1295699935350923265,negative,0.0007516808755897104
1295699937821425664,neutral,0.4020383545323593
1295699937901137922,negative,9.990141983241095e-11
1295699938941243394,negative,0.20348124742185403
1295699939046182912,negative,0.004371570519376301
1295699939239043072,negative,0.07574144661667324
1295699939331313664,neutral,0.4847281471578713
1295699939369115648,negative,0.0036567862877765383
1295699939801079814,negative,0.2820386637943614
1295699939868250113,neutral,0.3306646816629014
1295699941856354305,neutral,0.3709491165362941
1295699941864742914,negative,0.07308417170755388
1295699942317662208,negative,0.2673045636677164
1295699942397423616,negative,0.0005207109971164184
1295699942401597443,negative,0.03565945797252218
1295699943190142976,negative,0.24999739075787952
1295699943244668928,positive,0.999164352430556
1295699943479480329,negative,1.269223727918946e-11
1295699945853526017,negative,0.12601313751072224
1295699946419695616,negative,0.12601313751072224
1295699947019554816,negative,0.0004891295033748904
1295699947342442496,negative,0.12601313751072224
1295699947434672128,negative,8.190917994719234e-07
1295699947690622977,negative,0.12601313751072224
1295699947774451714,negative,0.0017513491502150333
1295699947921141763,negative,0.024309973269548556
1295699948030382081,negative,1.1315254183980978e-06
1295699948105850880,negative,2.4893172720316646e-06
1295699950056214529,negative,0.09615957085032137
1295699950140096512,negative,0.033772597144877445
1295699950165200898,negative,0.0002666889229175407
1295699950311886849,negative,0.24201751524119858
1295699950458806273,negative,0.005904795164007286
1295699950593019906,neutral,0.49056348971267033
1295699950848872449,negative,0.004983847032203516
1295699950966276096,negative,0.22973192621227337
1295699951339614213,neutral,0.497879600655596
1295699951616491520,negative,0.07435848276809846
1295699952056901633,negative,0.14134167714666668
1295699952451166208,positive,0.7130039495630981
1295699952904085504,neutral,0.5118605533127536
1295699953160015872,negative,0.00401737319619589
1295699953994604544,negative,0.00023300133576559717
1295699955269750785,negative,0.0009309096130113586
1295699955374600193,negative,0.021884987272282642
1295699955517194242,positive,0.9865535733060937
1295699955798224899,negative,0.07143603601671725
1295699956133695489,negative,0.27715238287762667
1295699956435693569,negative,6.485740725566e-05
1295699956754522119,negative,0.11734130537896403
1295699958318821376,negative,0.03935964968143302
1295699959103262721,positive,0.8980829479366119
1295699959187230721,negative,4.942974956202568e-09
1295699959413710849,negative,1.0708997805531267e-05
1295699959795384327,negative,2.10017601268106e-09
1295699959891791872,negative,5.830363766227816e-06
1295699960344850434,negative,0.018208962661737937
1295699960378339328,negative,1.8713173214887966e-08
1295699960516804609,negative,0.0004610486419983297
1295699960630042624,negative,0.0001519657399878777
1295699960726339585,negative,0.00010105005016432953
1295699961003364354,negative,0.0019137076188600975
1295699961259196418,negative,0.016393079289107666
1295699962660093952,negative,0.12601313751072224
1295699962869755906,positive,0.6668220920310173
1295699963771576320,negative,0.04550932329001948
1295699964090253312,negative,0.0015661240366556472
1295699967055716352,negative,0.23547395389090442
1295699967261245441,negative,0.01718961091122172
1295699967726751744,negative,0.12601313751072224
1295699967835885569,negative,0.019901934905204827
1295699968104239104,negative,0.2820386637943614
1295699968871804928,negative,0.10089289487434884
1295699969219985408,positive,0.8379929212296876
1295699971073667073,neutral,0.5374478655040366
1295699971132534784,negative,0.00011706970378355754
1295699971367477248,negative,0.18056109493765973
1295699971782643713,negative,0.02851089400483375
1295699972437016578,negative,9.089085907894149e-08
1295699975347765250,negative,0.0793004912566736
1295699975565959169,neutral,0.49789225920557484
1295699976161390594,negative,0.012997637265373334
1295699977121878018,negative,3.9257238166079625e-05
1295699977285623813,negative,0.006100314913498225
1295699977314934791,negative,0.012169857429332064
1295699977436639232,negative,0.03957686157108606
1295699978363510786,negative,0.004280114626471995
1295699980192284672,negative,0.001429888742213885
1295699980204871685,negative,0.0002950035274722003
1295699980418789379,negative,2.0004588456728248e-05
1295699980557189120,negative,0.0009538732961616945
1295699982142582785,negative,0.02710320016702004
1295699983732219904,negative,0.2820386637943614
1295699983874904065,negative,0.12601313751072224
1295699984810205184,neutral,0.49789225920557484
1295699984868872192,negative,0.12601313751072224
1295699985158340610,negative,0.00010105005016432953
1295699985426714624,negative,5.4225597953706286e-09
1295699985858801664,negative,0.1516090625394908
1295699985883955200,neutral,0.5734576952979002
1295699985892352001,negative,0.10810669943836544
1295699986169176064,neutral,0.6219350850365597
1295699987846836224,negative,0.12601313751072224
1295699989814026240,negative,8.255106362434987e-12
1295699989902000128,negative,0.04794860336414257
1295699990657081347,negative,0.2421388024884851
1295699992145887234,neutral,0.5898605552647891
1295699992389259266,positive,0.7028135133321266
1295699992871673858,negative,0.0014692198023043862
1295699993270116352,negative,0.010732304180412218
1295699993324425218,negative,0.31359066856531265
1295699993576300544,negative,0.001150404241661264
1295699994440278016,negative,0.004346223592228677
1295699994528415745,negative,0.1786571868270996
1295699996604596234,neutral,0.3306646816629014
1295699997552447490,negative,0.12601313751072224
1295699997758038018,negative,0.000892568372414714
1295699998479351808,negative,0.12601313751072224
1295699998680678400,negative,2.5167468537852516e-05
1295699998726815751,negative,0.12601313751072224
1295700000354304000,negative,2.4356885395419946e-05
1295700000610058241,negative,0.004983847032203516
1295700000731791361,negative,0.12601313751072224
1295700000819871744,negative,0.00013588788282992902
1295700000853372931,negative,0.0002713677660185469
1295700001579044864,negative,0.19161011816083573
1295700002438815749,negative,0.01718961091122172
1295700004598947840,negative,0.12601313751072224
1295700004598951937,positive,0.8695415297407064
1295700004968038401,negative,0.11794692318255331
1295700005773291520,neutral,0.5410702560054874
1295700005844656130,negative,7.843612797587265e-05
1295700006612213761,negative,1.3456890209282823e-05
1295700006834442240,negative,0.0007542368182782749
1295700006901616641,negative,0.12601313751072224
1295700007232983041,negative,0.07051582183482207
1295700009900482561,negative,0.1136026528858892
1295700010097672194,neutral,0.5410702560054874
1295700010143748104,negative,7.816864950526316e-05
1295700010198163457,positive,0.9565168860045059
1295700010236084224,negative,0.02475028812712747
1295700010521300992,positive,0.9973650369537395
1295700010588397568,negative,0.12830371513052494
1295700010668044293,negative,0.12601313751072224
1295700013297917952,negative,0.05366245476618334
1295700013633413122,negative,0.03477891491735291
1295700013889314817,negative,0.026640802956355434
1295700013927092224,negative,0.23966029406749373
1295700014002515968,negative,0.10491110392668983
1295700014740774915,neutral,0.5118605533127536
1295700017563480065,negative,0.08467181435203253
1295700017735446534,negative,0.0075130361079723046
1295700017752276992,positive,0.9804244454961873
1295700018817572864,negative,0.018048350187291274
1295700019572613121,negative,0.202083209132883
1295700021367599104,negative,0.0600101272615417
1295700021422235649,negative,0.02839105389124745
1295700021548130304,negative,0.12601313751072224
1295700021728354305,negative,0.002778980822277516
1295700021774557186,negative,0.2707934526211621
1295700021917224960,negative,0.06149955523553203
1295700022026264579,negative,7.752480450362732e-06
1295700022131077124,negative,0.00010105005016432953
1295700022734942209,negative,8.20883379958912e-14
1295700025427755008,negative,0.12601313751072224
1295700025545236481,positive,0.8156943278461302
1295700026077970435,negative,0.22377495203665335
1295700026488954880,negative,0.024405456238622735
1295700026522587137,negative,0.18472108792513997
1295700026761641984,negative,9.38209634834186e-05
1295700026996535297,negative,0.2899070299444767
1295700027575328771,negative,9.438417500358972e-11
1295700030297460736,negative,0.0075598302636409355
1295700031165661189,negative,0.07825241531034256
1295700031262068738,negative,0.04540653068303713
1295700031769640961,negative,0.03669135265188776
1295700031832555521,negative,0.12601313751072224
1295700034839879681,negative,1.1189928489656137e-07
1295700035406004224,negative,0.12601313751072224
1295700035611615235,negative,0.004983847032203516
1295700035762622464,negative,0.001269803608030397
1295700036014288898,neutral,0.4020383545323593
1295700036416937984,negative,0.008130990922279573
1295700036802805760,negative,9.992159871942733e-06
1295700036899217408,negative,0.0010137556954132438
1295700038090461184,negative,0.3057913248329001
1295700038459457538,negative,0.10756584446493804
1295700038807695362,negative,0.0023204566357547217
1295700038849425410,negative,0.00010105005016432953
1295700039105417217,negative,0.25401421255941126
1295700039273263104,negative,0.0019137076188600975
1295700039298408448,negative,7.771451188935436e-05
1295700039503958017,negative,0.000253058869872319
1295700039596204034,negative,0.0004498087860835411
1295700039730450432,negative,0.08007641557858117
1295700042305740803,negative,0.0005207109971164184
1295700042477703170,negative,0.00048569990212398573
1295700042528022530,negative,0.18956609125123222
1295700043631075329,negative,4.1878437011121466e-14
1295700043652124672,neutral,0.5136446707795853
1295700046328008708,positive,0.8156943278461302
1295700046768484353,negative,0.008914988377695426
1295700046973935618,negative,0.07767214368396072
1295700047053692930,negative,0.010457556873718812
1295700047087239169,positive,0.6634808066654354
1295700047137562626,negative,0.009077280950076014
1295700047980568584,negative,0.12601313751072224
1295700048383221762,negative,6.68633953930141e-08
1295700050815758336,neutral,0.3821571958457934
1295700051021504514,negative,0.008849858138102148
1295700051101188098,negative,0.2382669582645585
1295700051184975872,negative,0.20830473236704708
1295700051285684226,positive,0.7509082171332925
1295700051491262465,positive,0.8247486915736592
1295700051579285506,negative,0.08467181435203253
1295700051994578945,negative,0.0013422869196148164
1295700052162338818,negative,0.0019137076188600975
1295700052422393859,negative,3.3811771002124755e-06
1295700052971790337,negative,0.004524225401134042
1295700053315784704,negative,0.00025862293097150384
1295700053693214722,negative,0.12601313751072224
1295700053873643521,neutral,0.6200590102455651
1295700054666248192,negative,6.945033191290193e-05
1295700054725070849,negative,0.0009554878222086903
1295700055005986816,negative,0.21370379028045677
1295700055178051586,negative,0.12601313751072224
1295700055261929472,negative,2.2923964792259678e-11
1295700055266144257,negative,0.00010007853793008707
1295700055505149953,negative,0.0022039483831704752
1295700055509409792,negative,0.006255535926146165
1295700055861735424,negative,0.0007787964342113387
1295700056000135169,negative,6.075160411213921e-07
1295700056268509185,negative,0.29021264198943714
1295700056478289921,negative,0.0075130361079723046
1295700056595734528,negative,0.0004444430655035256
1295700057208115201,negative,0.0009317632767322139
1295700060332752896,negative,0.007503747480903371
1295700060466970627,negative,1.0404796049284156e-05
1295700060467015682,negative,0.12601313751072224
1295700060823588865,negative,0.12601313751072224
1295700060882296833,neutral,0.4663917579447527
1295700061595336706,negative,0.0001679865422654221
1295700061809192961,negative,4.5124853401347626e-05
1295700062128033792,neutral,0.4089687285363368
1295700063797358597,negative,0.0026362244038887527
1295700063952474112,neutral,0.46127768308170247
1295700064329969668,negative,1.261742972017721e-11
1295700064430587905,negative,0.051006876849169186
1295700065215025155,negative,2.465229185943215e-07
1295700065290518528,negative,0.001715274000455651
1295700065319821312,neutral,0.4020383545323593
1295700065554702343,negative,0.2421388024884851
1295700066066468865,neutral,0.567271095674514
1295700066066477057,negative,0.03889721158873237
1295700067182092289,positive,0.8156943278461302
1295700067450589184,negative,0.18158034506993168
1295700067467309062,negative,0.0013003568736055398
1295700067643543552,negative,0.0005207109971164184
1295700067664515074,neutral,0.5673971260133672
1295700068012630017,negative,3.4875190693276245e-08
1295700068318818306,negative,0.31359066856531265
1295700068570456066,positive,0.9960760401223716
1295700068763422721,positive,0.9564850051924784
1295700069044322304,negative,3.314886641772634e-05
1295700069589688321,negative,0.0006708149625670709
1295700069660983297,negative,0.0005003820658617559
1295700072324358144,positive,0.7016239547261501
1295700073255444480,negative,0.027214434863529563
1295700073507102720,negative,0.14663503670783323
1295700073599373313,negative,7.900874868746993e-05
1295700074010476546,negative,7.285918214128971e-05
1295700074111082496,negative,4.272298961071816e-05
1295700074455064583,neutral,0.6334479286684144
1295700076392861697,positive,0.9477995601449292
1295700076573134848,negative,0.005291427756760327
1295700076673871873,negative,0.012794336949919475
1295700077370122240,negative,0.0005207109971164184
1295700077382598657,positive,0.9330338879463771
1295700077412057089,neutral,0.5505550505941735
1295700078032822272,negative,0.007558522980951039
1295700080637497345,negative,0.006095651437125865
1295700081459568642,negative,0.16555727204251808
1295700081799303170,negative,0.047187791237059705
1295700082025799685,negative,0.10678568651684306
1295700082097094661,negative,0.055749568881322126
1295700082231107585,negative,0.045386486328793774
1295700082566856705,negative,0.0033881428116650106
1295700083158200320,negative,0.024405456238622735
1295700084416565248,negative,0.014127440576681811
1295700084512952320,negative,8.345841979484015e-05
1295700084928192512,negative,0.07920208696601297
1295700085041504261,negative,0.00296279866119448
1295700085125390337,negative,3.629438596552345e-08
1295700086194868232,negative,0.027768670272415762
1295700086404636672,negative,0.00023530437211488536
1295700086434025473,negative,0.14134167714666668
1295700086610104321,negative,0.00916760435618077
1295700086727626752,neutral,0.5808741501827569
1295700086819893250,neutral,0.41901263796461236
1295700088485031936,negative,0.21202983826029356
1295700088917053440,negative,0.0736401149528525
1295700089038667784,positive,0.8156943278461302
1295700089189675009,negative,0.02132099595582579
1295700089453907973,negative,0.10800012855602197
1295700089537732609,negative,0.14134167714666668
1295700089546190849,negative,0.000648126563791801
1295700089697177607,negative,8.557523462904119e-05
1295700090229862400,negative,0.23448386657572895
1295700090313674752,negative,0.0005003820658617559
1295700090347237382,negative,0.11233435911974891
1295700092993908736,negative,0.05237361032820424
1295700094109601792,negative,0.09390563582146931
1295700094558380032,negative,0.24201751524119858
1295700095187464192,negative,0.00937851268629789
1295700095359475712,negative,8.927824018157378e-06
1295700097154658304,negative,0.24081627254952076
1295700097192394754,neutral,0.5588484806083144
1295700097213267969,negative,0.0023113370185303106
1295700097737646081,negative,1.3290059832167561e-05
1295700098429657088,negative,0.028958090976619357
1295700098656108545,negative,0.31359066856531265
1295700099469910017,negative,0.11649232849979538
1295700101185392640,negative,0.02933299049681151
1295700102409945089,negative,0.20039568222665155
1295700102808559617,negative,5.487973340630601e-07
1295700102959570946,negative,1.5101318179450457e-05
1295700105199329282,negative,0.0033247800397299245
1295700105899778048,negative,0.0002950035274722003
1295700106562490368,negative,0.010252026293700416
1295700106705088520,negative,0.06652973920573783
1295700107036372993,negative,0.0048114657884521924
1295700107652820992,negative,0.03209683680337306
1295700108076515330,negative,0.12601313751072224
1295700109397831683,negative,0.09390563582146931
1295700109729181697,negative,0.012107502224219689
1295700109875990529,neutral,0.49789225920557484
1295700110786125825,negative,0.05246388503606357
1295700111025217537,negative,0.2836877314068293
1295700111138455553,negative,0.2382669582645585
1295700111469744128,negative,0.051006876849169186
1295700111868207104,positive,0.8156943278461302
1295700112191238144,negative,1.2312692795016945e-05
1295700113961234432,negative,0.0037024057640235824
1295700114187735043,negative,7.1387530069384305e-06
1295700114200244226,neutral,0.4020383545323593
1295700114464477185,negative,0.12601313751072224
1295700114699358209,negative,0.014808859151106236
1295700115236282368,negative,0.15331241043057187
1295700115433369602,negative,0.07014380549577924
1295700115496345600,negative,0.019901934905204827
1295700118017052673,negative,0.010737852399983499
1295700118415577088,negative,0.0010688136714826484
1295700118881161216,negative,0.14134167714666668
1295700118927298560,negative,0.029932077107346473
1295700118981812226,negative,0.07567991420665002
1295700119078293504,negative,0.0005207109971164184
1295700119438929920,negative,0.0028751724986494226
1295700119774531586,neutral,0.4264795622017843
1295700119854161921,negative,0.18058495235220923
1295700121984917511,negative,0.09437416427174024
1295700122618208256,negative,0.12601313751072224
1295700122999721984,positive,0.8061061964474351
1295700123381530629,negative,0.01058107889243304
1295700123901669378,negative,0.0005207109971164184
1295700123956150273,negative,3.9290486067102954e-05
1295700124505722883,negative,8.418688190818232e-05
1295700124593782789,negative,0.03302965250828128
1295700125227114496,negative,0.19391814059983908
1295700125273264128,negative,1.84623024380552e-05
1295700126007263233,negative,0.284161013713921
1295700126175035393,neutral,0.49789225920557484
1295700126250553345,negative,0.2677651204054746
1295700127504633856,neutral,0.35687064213506103
1295700128930594816,positive,0.9861433304739374
1295700128993550337,negative,0.0007801086311933518
1295700131208192004,negative,8.60081878463816e-06
1295700132831399938,negative,0.03957686157108606
1295700133271818240,negative,0.31359066856531265
1295700133313683457,negative,0.0033881428116650106
1295700133385043968,negative,4.52486966530736e-07
1295700133653479424,negative,0.00010105005016432953
1295700134680907777,positive,0.9496253739564156
1295700135146663936,negative,0.10294882833680209
1295700135528333315,negative,0.007022274637739541
1295700136258154499,negative,0.0030701138703230625
1295700136295833601,negative,0.00020881744923205488
1295700136396546049,negative,2.2598427637558268e-05
1295700139210878976,neutral,0.3306646816629014
1295700139387031559,negative,2.3946284063477706e-07
1295700139772960768,neutral,0.5902901827896669
1295700140683132928,negative,0.2820386637943614
1295700140855091202,negative,0.051006876849169186
1295700143358894080,negative,0.02252363799262293
1295700143841263616,neutral,0.4446317359444284
1295700144009117696,negative,0.00011379540270006691
1295700144277553152,negative,0.23144853962034567
1295700144629985288,negative,6.264650940259491e-12
1295700144764198917,negative,0.14134167714666668
1295700145254936580,neutral,0.33305646718329834
1295700148346028034,negative,0.019896481638327086
1295700149235326977,negative,0.04770700448791928
1295700149805756417,negative,0.03550016243313059
1295700149952557058,negative,0.0027133418690947356
1295700150178938886,negative,6.812445160681279e-08
1295700150300618753,negative,0.0023127714174136045
1295700151332491265,positive,0.9071251711606904
1295700151470821377,negative,0.14134167714666668
1295700151986786304,negative,0.014588715603127073
1295700152452341760,negative,0.12601313751072224
1295700152825647104,negative,1.9031937228316216e-11
1295700152884310017,negative,0.10602608849417475
1295700153182105606,negative,7.527129108201679e-07
1295700153492545542,negative,0.007321103075549875
1295700153513521152,negative,0.00031134137879217636
1295700153740013570,negative,0.17280781974016354
1295700154486489092,negative,0.007701554906241651
1295700155749015552,negative,0.019901934905204827
1295700155765870594,positive,0.9886442611031434
1295700156235395072,negative,0.04104365862513887
1295700156785086464,negative,0.041097832655170315
1295700156789252098,negative,0.00021671473916723183
1295700157007302656,negative,0.036486453505599294
1295700157720342530,negative,0.002135868302006413
1295700159544819713,negative,4.90690986401874e-07
1295700159951785984,negative,0.044526527381937644
1295700159976943617,neutral,0.4606343025343602
1295700160807305216,negative,0.0051963408968365874
1295700161541419009,negative,0.03319979901197065
1295700161889533953,negative,0.10933747847871457
1295700161923092481,negative,3.0439707664671607e-05
1295700163953078273,negative,0.044051357276136495
1295700164406059009,negative,0.04490431619932774
1295700164406063104,positive,0.8146628103314174
1295700165475565569,negative,0.00027251872690673817
1295700165525938180,negative,0.08727839441278949
1295700165823729669,negative,0.002470804719394617
1295700166515859463,negative,1.8088188086353651e-06
1295700168357171202,negative,0.00011920047949049027
1295700168537448454,negative,0.0037007295488750373
1295700169179176960,negative,0.12601313751072224
1295700169602863105,negative,3.25722101444236e-05
1295700169695141889,negative,0.12601313751072224
1295700170454315008,negative,2.463243048816009e-07
1295700170605199361,negative,0.06903912724250526
1295700172719226881,neutral,0.5700949742195746
1295700173637771264,negative,0.0015532076164434178
1295700174132711424,negative,0.000260308992595049
1295700174493364224,negative,0.1390682402016792
1295700174698946560,negative,3.25722101444236e-05
1295700174925332481,neutral,0.3381089209676091
1295700175055458304,negative,0.019901934905204827
1295700176330317824,negative,0.3074709982405726
1295700176666058752,negative,0.12601313751072224
1295700177555271683,negative,0.001150404241661264
1295700177618178048,negative,1.7972202191100668e-05
1295700178284867591,negative,0.03138333274078604
1295700178545061888,negative,0.004983847032203516
1295700178758926336,negative,5.643077774743622e-06
1295700180646481920,negative,0.0008885083237630975
1295700181246255104,negative,0.2933223492428684
1295700181615247361,negative,0.040119896398724916
1295700182114459649,negative,0.11218045315613208
1295700182508752898,negative,0.12601313751072224
1295700184559755264,negative,0.07201804227819078
1295700185377644551,negative,5.459554238672897e-06
1295700185788616705,negative,0.00012152348022456394
1295700185797070848,negative,0.001544134217589443
1295700185956352000,positive,0.6634808066654354
1295700186036088833,negative,0.29899091140080736
1295700186308784130,positive,0.8109658352222097
1295700186715611136,negative,0.0013417011210992641
1295700187348905985,negative,4.3887180076315034e-08
1295700187768172545,negative,0.03935964968143302
1295700189035016193,negative,0.00135365803626457
1295700189546676224,negative,7.752480450362732e-06
1295700189668421632,negative,0.03565945797252218
1295700190498820096,negative,0.011577013803850641
1295700190519799811,negative,1.8088188086353651e-06
1295700190771523584,negative,0.11621328461630961
1295700190872186881,negative,0.0003808339208963271
1295700190939283456,negative,0.0002485881862493363
1295700191287422976,negative,4.385813141007559e-08
1295700193417916416,negative,3.261011371578806e-06
1295700193833295873,negative,0.010732304180412218
1295700194068135937,negative,0.12601313751072224
1295700194491867136,negative,6.0880798353042644e-05
1295700195133530119,negative,0.0017044512010052923
1295700195385245697,negative,0.1093406938835028
1295700197423669255,negative,0.008849858138102148
1295700197658558464,negative,0.10459830546158512
1295700197788573699,negative,0.11071018408393729
1295700199000748033,negative,0.12601313751072224
1295700199306862592,negative,0.052400257677104906
1295700199839535106,negative,0.000565656469937879
1295700199998918661,negative,0.024561061548734223
1295700201886363650,neutral,0.5700949742195746
1295700201903071233,negative,6.834214319411313e-05
1295700201953529858,negative,0.12601313751072224
1295700202360373249,negative,0.29676789564387285
1295700203123638272,negative,1.4976252542140145e-06
1295700203241177093,negative,0.00326003815774493
1295700203291508738,negative,0.0003337991065421873
1295700203358609410,negative,0.12601313751072224
1295700203496976384,negative,0.04295499722900272
1295700203568340993,negative,0.0430101816775751
1295700203782246401,negative,0.0017413664589435707
1295700205896163329,neutral,0.4246605003672058
1295700206336585733,negative,0.1691244645347935
1295700206852374528,negative,2.1751507208047918e-11
1295700206999175171,negative,0.013079808333884496
1295700207305396226,negative,0.03177288566002952
1295700207460548609,negative,0.006389914480161121
1295700207712247809,neutral,0.4233348169397227
1295700208257507329,negative,0.23548061945148904
1295700208400175113,negative,0.00010105005016432953
1295700210383978498,negative,8.657684844413725e-05
1295700210501525504,negative,0.018075472935833604
1295700210946052096,negative,0.12601313751072224
1295700211143254017,negative,2.1516134794892372e-05
1295700211197718530,negative,1.4401976959416643e-09
1295700211445035008,neutral,0.41901263796461236
1295700211814338561,negative,0.12601313751072224
1295700212833562624,negative,0.003845336917093704
1295700212875497474,negative,0.007045728129687623
1295700214226006016,negative,0.0018657919984342661
1295700214704214017,negative,0.11594773178359458
1295700215194955777,negative,8.657684844413725e-05
1295700215329099776,negative,0.019901934905204827
1295700215891140609,negative,0.0001830347245357823
1295700215958319106,negative,0.004637588544408518
1295700215975096321,negative,0.2528810760880637
1295700216222556161,negative,0.10459830546158512
1295700216809754624,negative,0.004637588544408518
1295700216881065984,negative,0.31359066856531265
1295700217241665543,negative,0.012512228272294352
1295700218546200576,negative,0.17898240785277178
1295700218650996736,negative,0.12601313751072224
1295700219062095873,negative,0.0019137076188600975
1295700219380850691,negative,0.27274974132325025
1295700219594776578,negative,0.0017187598827422157
1295700219628146689,negative,0.14134167714666668
1295700219682852870,negative,2.2821558629927298e-07
1295700219972075520,negative,0.0005207109971164184
1295700220622381059,negative,0.19149935402899287
1295700220622393346,negative,0.022432735040558104
1295700220911792128,negative,0.003997928278447015
1295700222434254848,negative,7.218715545123556e-05
1295700222673379331,negative,0.02811502354190008
1295700222694371329,negative,0.0957809096683921
1295700222723739649,negative,0.03329967069360357
1295700223193485312,negative,0.05198273033404435
1295700223436689410,negative,0.12601313751072224
1295700223705124866,negative,0.02252363799262293
1295700224569233410,negative,0.12601313751072224
1295700224728616960,negative,0.13885529251401463
1295700226578231296,negative,0.0005523656721603727
1295700227475808258,neutral,0.6563131832915976
1295700227614076933,negative,0.01325874942621394
1295700228495073282,negative,0.0010391131602780004
1295700229166174210,negative,0.00011546050341292134
1295700231384858624,negative,8.963683257869061e-05
1295700231607156736,positive,0.9118049193492904
1295700231921774594,neutral,0.555920416612909
1295700232035016714,negative,0.10244409307833133
1295700232089620481,negative,9.38209634834186e-05
1295700233444179968,negative,0.05637237317617986
1295700235268882432,negative,5.051932982978911e-05
1295700235952545794,negative,0.025383154012361304
1295700236749471745,negative,0.12722196693380752
1295700236963401730,negative,0.01873097965113746
1295700237139480576,negative,0.0010812266657807704
1295700243523219456,negative,0.12601313751072224
1295700244399890435,negative,0.09386000229361774
1295700244815138816,negative,0.31359066856531265
1295700244949336065,negative,5.487973340630601e-07
1295700246085894147,negative,0.019901934905204827
1295700249005002752,positive,0.9054180736768438
1295700250880102401,negative,0.007302956732843028
1295700252616527872,negative,0.29899091140080736
1295700252616536064,negative,0.06316873021486953
1295700252926803968,negative,0.001150404241661264
1295700253866418179,neutral,0.41255628797487864
1295700254273294339,negative,0.05245377687285952
1295700254902362114,negative,0.010737852399983499
1295700256160731137,neutral,0.4740134798084637
1295700256399806465,positive,0.9097891984495365
1295700257041526786,negative,1.3588255254533444e-09
1295700257335119872,positive,0.9976521473271183
1295700258249474049,negative,0.12601313751072224
1295700258375303174,positive,0.9614411579488158
1295700258568249344,negative,0.0003470390348112431
1295700258593345538,negative,0.009418488862219052
1295700258660392960,negative,0.01261163984726775
1295700258694012928,negative,0.0019137076188600975
1295700260799512577,negative,3.750265800303984e-05
1295700262238277634,negative,0.12601313751072224
1295700262292729859,negative,0.0009621864297644342
1295700262867410950,negative,0.14134167714666668
1295700264654168065,negative,0.03957686157108606
1295700264679178245,neutral,0.5696424824277743
1295700264700215297,negative,0.15317405554575128
1295700264800976899,negative,0.04104365862513887
1295700265623003136,negative,0.0011938802422112786
1295700265732112386,negative,0.04495693307702678
1295700265903980544,negative,0.0005207109971164184
1295700266063482880,negative,0.0962348084370183
1295700266554200064,negative,0.008529006365458459
1295700269041250306,negative,0.08007641557858117
1295700269205000193,negative,0.12601313751072224
1295700269263716355,negative,0.20478744906478066
1295700269737664512,negative,0.052068412716168466
1295700270190669825,negative,2.463243048816009e-07
1295700271058870273,negative,0.004346223592228677
1295700271151099905,neutral,0.3683375850948743
1295700273038610435,positive,0.8446963384289382
1295700273441247232,negative,7.098665514213687e-06
1295700273940377600,negative,0.003638379079625544
1295700274364002307,neutral,0.5374478655040366
1295700274372390914,negative,0.10153886532073596
1295700274997231617,negative,0.12601313751072224
1295700275022495745,negative,0.00298715316024076
1295700275332694018,negative,0.011105468991520078
1295700275550986241,negative,5.487973340630601e-07
1295700278033948672,negative,0.18472108792513997
1295700278101057537,positive,0.7529581749106411
1295700278239539200,negative,0.004833540813106615
1295700278382145536,negative,0.12601313751072224
1295700282249183233,negative,0.002146950423868548
1295700282693824513,negative,0.0026227470457970987
1295700282886807553,negative,0.23649811240819985
1295700285541711878,negative,0.0006146947006735611
1295700285684318208,negative,0.0004409467768366072
1295700286720421888,negative,0.2699686485062332
1295700286846242818,negative,0.00044597038345939614
1295700287718555656,negative,0.0012629288658169366
1295700288247128065,negative,0.04490431619932774
1295700288326828034,neutral,0.5652309771345115
1295700289262157824,negative,0.051006876849169186
1295700289723432961,positive,0.9251057915454028
1295700290121773058,negative,0.08007641557858117
1295700290939817985,negative,0.12601313751072224
1295700291631943680,negative,0.0005047245422628721
1295700291661291523,negative,0.014162992454384139
1295700294085611521,negative,0.001206291773054535
1295700294236606470,positive,0.9477995601449292
1295700294303711232,negative,2.1971362128103627e-05
1295700294702161923,negative,8.657684844413725e-05
1295700294836387840,negative,0.0005207109971164184
1295700295234846721,negative,0.12601313751072224
1295700295419334657,negative,4.814579886112316e-05
1295700295968858114,negative,0.07186664869213227
1295700298275721218,negative,0.268577665331018
1295700299605323776,negative,0.0003678281148961363
1295700300037316610,neutral,0.4162210885460549
1295700300091789313,negative,0.058527571783466986
1295700300649713664,negative,0.22463230117098826
1295700300687380480,negative,0.29582454456271506
1295700302197338113,negative,0.31359066856531265
1295700302562299911,neutral,0.49789225920557484
1295700302658777089,negative,0.1736498928363425
1295700302772002819,negative,0.00016950144677867093
1295700303275327489,negative,2.958309927274419e-05
1295700304420319235,negative,6.77861686594853e-06
1295700304432783361,negative,0.023870751520004133
1295700304755712000,negative,0.3029968537174699
1295700306517463041,negative,5.3807347670820154e-05
1295700306592968706,positive,0.9996753805828023
1295700306597236736,negative,0.019206590657205036
1295700307381563395,negative,0.018208962661737937
1295700307574480898,negative,0.004077047471764551
1295700308144689153,negative,1.7882982341564887e-06
1295700308417482754,negative,0.011151595823809033
1295700308694380544,negative,0.22973192621227337
1295700308815904768,negative,0.2894510937489875
1295700308836921345,negative,0.2528810760880637
1295700310703460356,negative,0.20243206506881875
1295700311148056581,neutral,0.6026400931813143
1295700311282253828,negative,4.876798031994884e-11
1295700311320010755,positive,0.7016239547261501
1295700311433240578,neutral,0.5902901827896669
1295700311869468672,negative,0.02710320016702004
1295700312557260802,negative,0.00031364293548161875
1295700312792215552,negative,4.0025481336610034e-07
1295700312880226306,neutral,0.3306646816629014
1295700314448957442,negative,1.6933339957439248e-06
1295700315082301445,negative,0.006732192736860959
1295700315384303616,negative,0.022549881656429464
1295700315489079296,negative,0.20478744906478066
1295700317238157314,negative,0.2772512134771602
1295700320757198852,negative,0.005431354991412298
1295700321163866114,negative,2.12535165996643e-06
1295700321256308742,negative,0.0681387875263343
1295700321302437888,negative,0.0007488890520177013
1295700321948377088,negative,0.0026438814880609105
1295700323210854400,negative,0.0029168276590380497
1295700323231838209,negative,0.01978172325238759
1295700323319808000,negative,0.12601313751072224
1295700323382829059,negative,0.05584605053989025
1295700323454128130,negative,0.0026362244038887527
1295700323521069061,negative,0.20857217996400537
1295700323563180039,negative,0.11123494177029876
1295700323600871425,negative,0.0027371390789015476
1295700323605139456,negative,0.17554537817858312
1295700323751919619,negative,4.726218338340679e-10
1295700324318089222,negative,0.001715274000455651
1295700324494213121,negative,2.7576915926557836e-05
1295700324888514566,negative,0.23649811240819985
1295700325450514432,negative,0.005175626775307992
1295700325660319745,negative,0.05741082219477387
1295700327627284480,negative,0.00019307054678449037
1295700327845580800,negative,0.00031478186297198796
1295700328378241024,negative,0.001666204377815562
1295700328428580865,positive,0.999934403400217
1295700328596361217,negative,0.0015953223926701194
1295700328663392257,negative,0.2382669582645585
1295700329602912256,negative,0.07572719420279464
1295700329665880064,negative,0.12601313751072224
1295700330185928704,negative,0.0002197901439951424
1295700330416676865,neutral,0.5652309771345115
1295700331758866432,negative,0.31359066856531265
1295700332169887747,negative,0.0017513491502150333
1295700332744519681,negative,8.418688190818232e-05
1295700332798971904,negative,0.17937135590573416
1295700332874473472,negative,0.0005207109971164184
1295700333583388672,negative,0.1618247840871683
1295700336099950593,negative,0.03957686157108606
1295700336246697984,negative,0.12601313751072224
1295700336380915715,negative,0.12601313751072224
1295700336464867333,negative,0.0014991064985701722
1295700336611598338,negative,0.00041218431842495514
1295700336796225539,neutral,0.5344029679637843
1295700336934629376,negative,0.08007641557858117
1295700337383399424,negative,0.226028984416274
1295700337467195394,negative,0.003802063160635881
1295700337588948993,negative,0.317955616456911
1295700337593069568,negative,0.004316169404615848
1295700338251567107,neutral,0.4564578472590881
1295700340273221633,negative,0.004053118679355682
1295700341011488770,negative,0.0058388436098443216
1295700341699354626,negative,0.09079983210807423
1295700341703372800,negative,0.07962720699289316
1295700342252896257,negative,0.11591121074334354
1295700342403932161,negative,0.15101384889991887
1295700344983433216,negative,0.08445575212750876
1295700346820534273,negative,0.0075598302636409355
1295700347269382145,negative,0.29676789564387285
1295700347445563393,negative,0.031482648024607644
1295700347705589760,positive,0.8021741354223496
1295700348422762496,neutral,0.5700949742195746
1295700348502499328,positive,0.8120672991242327
1295700348720623616,neutral,0.614952937468593
1295700348812890112,negative,1.0404796049284156e-05
1295700349429456896,neutral,0.497879600655596
1295700349685121024,negative,0.001274072199012362
1295700349702070272,positive,0.9833248983380148
1295700349886529537,negative,0.009519586546924306
1295700349957922816,negative,0.005273007073988114
1295700350410862593,negative,1.496979209639467e-06
1295700350717100038,negative,0.12601313751072224
1295700352248020992,negative,1.2802146674700464e-08
1295700353292345344,neutral,0.46127768308170247
1295700353871155200,negative,4.169541059454128e-05
1295700355595067392,neutral,0.49789225920557484
1295700356937244673,neutral,0.4622342546027075
1295700357021040640,negative,0.2382669582645585
1295700357419597824,neutral,0.37874993579954885
1295700357562208256,positive,0.9831259672737361
1295700357922856961,negative,0.15205201661198092
1295700358799425538,negative,0.006231214981885819
1295700358916956172,negative,0.2835813478353629
1295700361831997440,negative,0.08022047292342224
1295700362079408128,negative,0.024497146896020432
1295700362704424961,neutral,0.5916122031609724
1295700363052556290,negative,0.18286116381631745
1295700363199348738,negative,0.014141655271809146
1295700363635503104,neutral,0.40065027403180214
1295700364294066177,negative,0.0805026834256379
1295700365447499777,negative,1.3290059832167561e-05
1295700365552361473,negative,4.652127442428444e-05
1295700366277967873,negative,7.098665514213687e-06
1295700366311530504,negative,0.0019973353896470293
1295700366512750592,negative,0.09079983210807423
1295700366584143872,negative,0.044051357276136495
1295700366676373504,negative,0.15934063986658795
1295700366747672578,neutral,0.4475901609460009
1295700369515982848,negative,0.0037088730045077936
1295700369851514882,negative,0.00023530437211488536
1295700370375745542,negative,0.17776912296083106
1295700370627461121,negative,0.24267649441133138
1295700370631557121,negative,0.0002197901439951424
1295700371688620034,negative,0.03957686157108606
1295700371768320001,negative,1.4341107146566895e-05
1295700374230380544,neutral,0.635286601576835
1295700374796546048,negative,0.14539152602547745
1295700375073435648,negative,0.12601313751072224
1295700375794782209,negative,0.001205669818132897
1295700376570736642,negative,0.08161158602374756
1295700377002795009,negative,0.0019083577691288089
1295700377334165504,negative,0.2538426054498624
1295700377963241472,negative,0.04147779582385276
1295700378294648832,negative,0.0002641589430318503
1295700378760237057,negative,0.030645485316294407
1295700379167055872,negative,0.12601313751072224
1295700379192168448,positive,0.888901001630928
1295700379506810883,negative,0.0004989025182391388
1295700379666178048,negative,0.001544134217589443
1295700380072972288,negative,0.019901934905204827
1295700380152668160,positive,0.9910689816460789
1295700380286935042,negative,1.4715557157374936e-06
1295700380555399169,negative,0.0012188937371317415
1295700380660236288,negative,0.024457242709405764
1295700382362955777,negative,0.24545095094469355
1295700382686097408,negative,0.019901934905204827
1295700383852003328,negative,0.10858056358842402
1295700384061829120,negative,0.006100314913498225
1295700384321855489,negative,0.011151595823809033
1295700384661377027,neutral,0.5505550505941735
1295700386297393153,negative,1.7977485178442721e-09
1295700386767147013,negative,8.385594651385614e-06
1295700386859253761,negative,5.577383908093273e-05
1295700387295617025,negative,0.03302965250828128
1295700387303956480,negative,0.008697165722999776
1295700387622780928,negative,0.12601313751072224
1295700388063191047,negative,1.9152094133282207e-07
1295700388071583744,positive,0.9827661888159474
1295700388373463040,negative,0.003802063160635881
1295700390764326913,negative,0.004854819249448265
1295700391460515841,negative,0.013900571801818223
1295700391590612992,positive,0.9932418432954684
1295700391720624128,negative,1.4202293423855489e-05
1295700392483999745,neutral,0.4020383545323593
1295700395059286016,negative,0.019901934905204827
1295700395331911682,neutral,0.4105186026067499
1295700395889774592,negative,0.004631627283949271
1295700396560744450,negative,0.0984692589460218
1295700396606984193,negative,6.0880798353042644e-05
1295700396967690248,negative,0.1730746230786644
1295700399345799169,negative,0.02132099595582579
1295700399664635906,negative,0.031421641388161003
1295700400616562689,negative,0.004346223592228677
1295700401048768513,negative,2.7576915926557836e-05
1295700401229094912,negative,1.1983011854036853e-05
1295700403133317120,negative,0.14600963977478565
1295700403368189958,negative,6.219000394258246e-07
1295700403817000960,negative,0.11071018408393729
1295700403825319938,negative,0.12601313751072224
1295700404056055808,neutral,0.453402136957119
1295700404223782912,negative,0.11071018408393729
1295700404777316352,negative,0.16916758961044756
1295700407210180620,negative,0.14134167714666668
1295700407423991809,negative,0.2708293019848785
1295700407596068864,negative,0.034218803253125214
1295700407864512512,neutral,0.5614152023143125
1295700408606785536,negative,0.06242545209301825
1295700408791453696,negative,0.14134167714666668
1295700409881853953,negative,0.005317214705418283
1295700410091610112,negative,0.0028751724986494226
1295700411312201730,negative,0.12601313751072224
1295700411362553857,negative,0.011046404827806604
1295700411375132676,negative,0.0020380836700563958
1295700411580547072,negative,0.0003666724242194094
1295700411639365633,negative,0.002572268905431113
1295700412146868224,negative,0.000700577350116875
1295700412704718848,negative,4.874276266765676e-11
1295700414252421120,negative,0.12601313751072224
1295700414361489408,negative,0.14134167714666668
1295700415711977473,negative,5.643077774743622e-06
1295700415850467329,negative,1.0093279091134678e-10
1295700417033187329,negative,9.259183652750686e-05
1295700418094419968,neutral,0.41641655663188576
1295700418102611968,negative,6.548835334984173e-07
1295700418262175745,negative,2.395793201811854e-07
1295700418664816643,negative,3.750265800303984e-05
1295700418849366016,neutral,0.5118605533127536
1295700418908041217,negative,3.0439707664671607e-05
1295700420187361280,neutral,0.5475385610968239
1295700421433065472,positive,0.8763852085176536
1295700421705703425,negative,0.00015346569853918462
1295700422380998658,negative,1.0708997805531267e-05
1295700422934528001,negative,0.02140547128081953
1295700424406847488,negative,0.0004930985307503336
1295700424994021379,negative,0.13449786664433144
1295700425258217478,negative,0.0009562149707221003
1295700425576939521,negative,0.0013240075066829964
1295700426646585346,negative,0.24689318720393857
1295700426910728194,negative,0.08007641557858117
1295700427133136897,neutral,0.567271095674514
1295700427418349570,neutral,0.567271095674514
1295700428550799368,neutral,0.41659619599839665
1295700428634677248,negative,0.12601313751072224
1295700428764647424,negative,1.1375699536058091e-05
1295700429406445568,negative,0.009519586546924306
1295700430048112641,negative,0.07893926090880485
1295700430165544961,negative,7.752480450362732e-06
1295700430211682304,negative,0.0016027177158708132
1295700430597566464,negative,0.3291423751032345
1295700430643777538,negative,0.0877046897660737
1295700432191463432,negative,0.001057421849720006
1295700432564695045,negative,0.0009309096130113586
1295700434208862208,negative,0.00034325132712054304
1295700434515107842,neutral,0.5798488390287853
1295700436578639879,positive,0.9665455810565244
1295700436666769410,negative,0.001656857163489797
1295700436792545283,neutral,0.5734576952979002
1295700436838744064,negative,0.0725958272443779
1295700436939407361,negative,0.15272282457417663
1295700437291667457,negative,0.03957686157108606
1295700437459443713,negative,0.020173317304638352
1295700437526622208,negative,0.28834416450020467
1295700437593718787,negative,0.10089289487434884
1295700437698519040,negative,0.02280972879387626
1295700437702774784,negative,0.005288231364199134
1295700437816025088,negative,0.03957686157108606
1295700437845368832,negative,0.002047453419472306
1295700437996318720,neutral,0.6399530047542765
1295700440844251138,negative,0.034581623450589356
1295700441423110148,negative,0.018075472935833604
1295700442312318977,negative,7.900874868746993e-05
1295700442320703489,neutral,0.49789225920557484
1295700442559774723,negative,2.008243799754929e-06
1295700442576498689,negative,0.001544134217589443
1295700442824019968,neutral,0.4074793410571932
1295700445365665792,negative,0.12601313751072224
1295700445395124225,neutral,0.4879504231634038
1295700445416116224,negative,0.16628912031431334
1295700445860712449,negative,0.00033147708280829646
1295700446175264768,negative,0.032764500083221355
1295700446494040064,negative,0.003802063160635881
1295700446615670790,negative,0.03769540738213657
1295700446993166341,negative,0.021820242322602986
1295700447076986880,negative,0.0017278084595822715
1295700449044107264,negative,0.15385773163334637
1295700449367138304,negative,6.11564776871531e-09
1295700449622765568,negative,0.03769540738213657
1295700449677516800,neutral,0.6026400931813143
1295700449803345922,negative,0.00029775864890778045
1295700450210131968,negative,0.03263686538421895
1295700450516377600,negative,0.020386793843129348
1295700450625359872,neutral,0.3306646816629014
1295700451023888386,negative,0.013900571801818223
1295700451250364416,negative,3.0439707664671607e-05
1295700451292262400,negative,0.03111318712754694
1295700451351048193,negative,0.2071251955952833
1295700451397185536,negative,0.12601313751072224
1295700452412137472,positive,0.9806432432293448
1295700454341582849,negative,0.12601313751072224
1295700454509338625,positive,0.9477995601449292
1295700454802890755,negative,0.03957686157108606
1295700454903619589,negative,0.007174118764223606
1295700455721508869,positive,0.8885637218738706
1295700455792742400,negative,0.003776709602859899
1295700456182816770,negative,0.0004989025182391388
1295700457550209026,negative,0.0017840393262911391
1295700457692770304,negative,0.18472108792513997
1295700458921766912,negative,0.12601313751072224
1295700459118878722,negative,0.12601313751072224
1295700459949363201,negative,0.006201192931730067
1295700460087762944,neutral,0.4937004083871823
1295700460184252417,negative,8.333566979301165e-12
1295700461841010688,negative,0.009247246998905403
1295700462537187335,neutral,0.5550046396563949
1295700462809866244,negative,0.004524225401134042
1295700462931513350,negative,0.001986842701762205
1295700462990229505,negative,0.004735179607920581
1295700463271247873,negative,0.0072938360075774575
1295700463480901633,positive,0.6634808066654354
1295700464885956609,negative,0.002013067332221922
1295700465297108992,negative,0.0016027177158708132
1295700465838063619,neutral,0.4285758614317694
1295700465880006657,negative,0.0012188937371317415
1295700466152742913,negative,0.23649811240819985
1295700466161065984,negative,0.13496975568265573
1295700466651848709,negative,0.06083389368676347
1295700467016781824,negative,3.9675160311106264e-07
1295700467868213249,neutral,0.4737554465528978
1295700467947888640,positive,0.7509082171332925
1295700467960381440,negative,0.009762731172475019
1295700468124000257,negative,0.16157547498984023
1295700468283432962,negative,0.002024505445139766
1295700468665069568,negative,0.3045024688943347
1295700468946145282,positive,0.8235461092081185
1295700470036561922,negative,0.041817059661361594
1295700470682583040,negative,0.044051357276136495
1295700471261401088,negative,0.11280419455308324
1295700471752138755,negative,0.044051357276136495
1295700471873703936,negative,1.079432649685208e-06
1295700474511990784,neutral,0.6563131832915976
1295700474587484162,negative,0.0006028301178168253
1295700474688151553,negative,0.05692718287260758
1295700474797195271,negative,0.03957686157108606
1295700475585728512,negative,0.0021134808466506828
1295700476047089664,negative,0.0010391131602780004
1295700476495888386,negative,0.12601313751072224
1295700478140076038,negative,0.0016857823872578948
1295700479264071681,negative,0.0072938360075774575
1295700479368925185,negative,0.0071604562497196425
1295700479750680579,negative,0.036536035747536166
1295700480388104194,negative,0.17829294110865151
1295700480706908161,negative,5.576031647107205e-05
1295700482590232578,negative,0.12601313751072224
1295700482686582785,negative,0.03263251342832667
1295700483206717441,negative,0.09147931027663674
1295700483705835521,negative,0.3272386582614468
1295700483907235841,neutral,0.3427590654417013
1295700484116951046,negative,0.02620829743518474
1295700484792123393,neutral,0.49789225920557484
1295700484838379521,negative,0.0037088730045077936
1295700487203721216,neutral,0.4496518848546603
1295700487270887425,negative,0.012852334104892576
1295700487375912960,negative,0.00019531622822837471
1295700488252424192,positive,0.9931197463134209
1295700491217895428,negative,1.8088188086353651e-06
1295700491276558339,negative,0.001715274000455651
1295700491859406849,negative,0.0004498087860835411
1295700492295774208,negative,0.0075598302636409355
1295700495500292098,negative,0.14134167714666668
1295700495525453824,negative,0.0005464117603433459
1295700495919702016,negative,0.16959270032199278
1295700495944888321,negative,0.18929068482049832
1295700496280412162,negative,0.18462631106360122
1295700496477544449,positive,0.8452921470041823
1295700497177903105,negative,0.12601313751072224
1295700497366687745,negative,0.0019137076188600975
1295700499568693249,negative,0.014668412920595283
1295700499732324354,positive,0.9996966927443964
1295700499774177282,negative,0.18257755894886069
1295700500101423108,negative,0.00032862021492752343
1295700501569376256,negative,0.12601313751072224
1295700501594550278,negative,0.29354048216691747
1295700503658102784,negative,0.23649811240819985
1295700504136355840,negative,0.004631627283949271
1295700504224378881,negative,0.0007070853357540975
1295700504262172674,negative,0.0007470564820174832
1295700504304070658,negative,0.006100314913498225
1295700504945795072,negative,0.004631627283949271
1295700505197457408,neutral,0.5808741501827569
1295700505201709056,negative,1.8840379311167181e-06
1295700505512095744,negative,0.0489509107405957
1295700506241896449,negative,0.0032364137548559196
1295700506405408771,negative,0.2465223940498834
1295700506627706880,negative,0.0745162726190303
1295700507906932736,negative,0.03453167025546444
1295700508070551552,positive,0.7004954268488085
1295700508099870720,negative,0.0005207109971164184
1295700508242522112,negative,8.657684844413725e-05
1295700508309626881,negative,0.12601313751072224
1295700508439646208,negative,0.02545445313493427
1295700508880052226,negative,0.0005207109971164184
1295700508913610758,negative,0.0032361203791104872
1295700509563793408,neutral,0.3907600950002618
1295700511660933120,negative,0.00380085679282076
1295700512139104257,negative,0.0016172480870576891
1295700512357130240,negative,0.004637588544408518
1295700512965308416,negative,0.019901934905204827
1295700513795842049,neutral,0.6397472596389157
1295700514563411969,negative,0.0318622026778533
1295700516719202304,negative,0.12601313751072224
1295700516744376320,negative,0.03396867537250384
1295700516807245825,negative,0.0006131599619088383
1295700516983496704,negative,0.02438426415703719
1295700517084160000,negative,1.6320857036514077e-08
1295700517918838784,negative,0.03447021482234042
1295700518342361088,neutral,0.5902901827896669
1295700518829006848,negative,0.02681414659880464
1295700518849982464,negative,0.30632683238276054
1295700520896782336,negative,0.03957686157108606
1295700522268332035,negative,3.755779060766387e-14
1295700522566115328,negative,0.05859833011326454
1295700524604563462,negative,0.004637588544408518
1295700525195960322,negative,0.0032533681489490627
1295700525388832768,negative,0.14134167714666668
1295700526441672704,positive,0.9806432432293448
1295700527586717699,negative,0.06854097356521362
1295700528702218240,negative,9.77932239912525e-13
1295700528782090241,negative,0.008473546305672767
1295700529318899713,negative,0.061588054418535924
1295700530891829249,negative,0.23649811240819985
1295700531076308992,negative,0.00011371886963053537
1295700531835539458,negative,0.08161158602374756
1295700531898454024,neutral,0.49789225920557484
1295700533710393349,positive,0.9806432432293448
1295700533836218369,negative,0.004049681116317402
1295700534259855361,negative,0.12601313751072224
1295700534922489856,negative,0.016424082014325596
1295700535086120960,negative,0.044051357276136495
1295700535182536710,negative,0.20243206506881875
1295700537179099136,negative,0.008326181025448175
1295700537250390017,negative,0.23747818448820693
1295700537392996352,negative,0.06227944565466594
1295700537459998720,negative,2.601458306158271e-08
1295700537644589056,neutral,0.4306241434182096
1295700538345103360,neutral,0.46127768308170247
1295700538433196032,negative,0.12601313751072224
1295700539569733633,neutral,0.43492002157381665
1295700541432115201,negative,0.0012500889182947047
1295700541465669633,negative,0.21231103555475753
1295700541692088327,negative,0.04688926987183701
1295700542006669312,negative,0.20762763448382407
1295700542174437376,positive,0.9527619688681364
1295700542220644357,negative,0.02174996846470151
1295700542623293440,neutral,0.47085724198505957
1295700542816227330,negative,0.12601313751072224
1295700542820421640,negative,0.03851151759234121
1295700543076212737,neutral,0.49789225920557484
1295700543382237184,negative,0.0010278104403570747
1295700543780933633,negative,0.23547448214396235
1295700543961206786,negative,0.003428719947641066
1295700545785733126,negative,0.19026091785672763
1295700546171605000,negative,0.0445056521191953
1295700546293293056,negative,0.044051357276136495
1295700546523889664,negative,0.05741082219477387
1295700547295678464,negative,0.12601313751072224
1295700547337674754,negative,0.011577013803850641
1295700548189073411,neutral,0.41901263796461236
1295700549908783105,negative,0.011791452389450587
1295700550495985665,negative,0.009281728783500424
1295700550575587332,negative,0.15804742030643543
1295700550965776385,negative,3.848142247025087e-06
1295700551871717376,negative,6.219660465981818e-06
1295700552152743941,negative,0.024405456238622735
1295700554128269312,neutral,0.567271095674514
1295700554551787521,negative,0.2528810760880637
1295700554581254144,negative,0.0904968925215997
1295700554727948289,positive,0.9251057915454028
1295700555159998464,neutral,0.4660256414457958
1295700555772448768,negative,0.004346223592228677
1295700556447506432,negative,0.002146950423868548
1295700556611301376,negative,0.013987069436984672
1295700558980870149,negative,7.900874868746993e-05
1295700559043932160,neutral,0.6212522937770664
1295700559115309056,negative,0.12601313751072224
1295700559119429634,negative,0.00015284737773257418
1295700559396130817,negative,8.418688190818232e-05
1295700559555702785,negative,0.145402450257652
1295700559761113089,negative,0.145402450257652
1295700560151183367,negative,0.0058726683980790005
1295700560453218310,negative,0.29899091140080736
1295700560507805699,negative,0.0074685890137913356
1295700560700678146,neutral,0.3304784127534332
1295700563145957376,negative,0.12601313751072224
1295700563196284928,negative,0.2215420344214618
1295700563573841921,negative,0.12601313751072224
1295700564609835008,neutral,0.5916122031609724
1295700564651769858,positive,0.9930409253794605
1295700565280923648,negative,9.050120000236529e-05
1295700565301788672,negative,0.00234270170329963
1295700566706999296,negative,1.7388202297334998e-10
1295700566740475904,negative,3.1124666907831316e-05
1295700567277424640,negative,0.004983847032203516
1295700567998619649,negative,0.21921412548362115
1295700568317595649,negative,1.8088188086353651e-06
1295700568585965573,negative,0.0036567862877765383
1295700568963534849,negative,0.0006435580527283202
1295700569496199169,negative,0.1113934855028397
1295700570964209669,negative,0.0010815301645258036
1295700571236728834,positive,0.9913066436664255
1295700571777892352,negative,0.12601313751072224
1295700572730003456,negative,0.0012188937371317415
1295700573254291456,negative,0.09285717631749904
1295700575296860160,negative,0.03329967069360357
1295700575506575361,negative,0.18654380760880723
1295700575523426305,negative,0.0075130361079723046
1295700575829536768,negative,0.0004989025182391388
1295700575938654209,negative,0.0017145572477651587
1295700575951163393,neutral,0.49789225920557484
1295700576714530818,negative,0.12601313751072224
1295700579075981313,negative,0.0001519657399878777
1295700579822505984,negative,4.050248335240305e-06
1295700579960918019,negative,6.831750972144521e-08
1295700580187484160,negative,0.007433074639237919
1295700580774686728,neutral,0.450966712401391
1295700580879532032,negative,6.173430838609272e-05
1295700583421272064,negative,0.03477891491735291
1295700583467417600,negative,0.000343283192502915
1295700583639322629,negative,0.03957686157108606
1295700584180396033,negative,0.21202983826029356
1295700584260079617,neutral,0.5781374782041273
1295700585572958209,negative,0.012794336949919475
1295700585845530629,negative,0.17210663795770328
1295700585845534720,negative,0.11473974501588993
1295700587581972485,negative,0.0014543435820442323
1295700587963715586,negative,0.00014734438357912638
1295700588785786882,negative,7.083470351023013e-05
1295700588907442176,negative,0.20324586410364273
1295700589356158977,negative,0.04137605284192735
1295700589725327360,negative,0.20976441277881258
1295700589838467072,negative,1.3026758724305345e-09
1295700590471843841,negative,0.12601313751072224
1295700591511994369,negative,0.03530002435152742
1295700592107683840,negative,0.14842490737062766
1295700592917176320,negative,1.7889153772605236e-09
1295700596633358337,neutral,0.5374478655040366
1295700596826267648,negative,0.12601313751072224
1295700597329530882,negative,0.12601313751072224
1295700597535117312,negative,9.844110545864803e-06
1295700597556031489,positive,0.899085182588658
1295700598864650241,negative,0.0018497318718113467
1295700600559218688,negative,0.12601313751072224
1295700600936701952,negative,0.14039099866125015
1295700601473503232,negative,0.0006034492095579572
1295700601481895937,negative,0.00937851268629789
1295700601549053952,negative,0.04490431619932774
1295700601779531777,negative,0.0007516808755897104
1295700602144665607,negative,0.11071018408393729
1295700602199183360,neutral,0.3414038599697658
1295700604493455361,negative,0.12601313751072224
1295700604518531072,negative,0.005656450412355571
1295700604728336385,negative,0.0009542777814559248
1295700605084684288,negative,0.008473546305672767
1295700606091292673,negative,0.22691697540976555
1295700606674448384,negative,0.008931919825103536
1295700607404257282,positive,0.8595872992229248
1295700607425290243,negative,0.06601848979090187
1295700609098584066,negative,0.0017395817148677585
1295700609291751426,negative,0.0013422869196148164
1295700610050854914,negative,0.023836037903551502
1295700610537402368,negative,0.23649811240819985
1295700610642251783,negative,0.058527571783466986
1295700610742988800,negative,0.01424290722706815
1295700610839392256,negative,0.0004942154514210403
1295700612693331968,neutral,0.48061219287488127
1295700613263753217,neutral,0.5344029679637843
1295700613460885504,negative,0.020539603623446367
1295700614031302656,negative,0.00011920047949049027
1295700615268642817,negative,0.1807246164455315
1295700616887427072,negative,3.750265800303984e-05
1295700617797816320,negative,0.03302965250828128
1295700618426945536,negative,0.019901934905204827
1295700619282522112,negative,0.005247805563787246
1295700619433512961,negative,0.05923762722714563
1295700619538452481,neutral,0.6388733437275337
1295700621803356161,negative,0.03263686538421895
1295700622487035905,negative,4.57244061889287e-06
1295700623044861953,negative,0.001296317802085515
1295700623351066624,negative,0.07788752185469694
1295700623820828675,negative,0.11914007682297054
1295700624324075525,neutral,0.3327887111056961
1295700626463170561,negative,0.317955616456911
1295700626597445632,negative,0.020211647130593965
1295700627096510466,negative,0.12601313751072224
1295700627113177089,negative,1.8829692964079645e-07
1295700629617364994,negative,0.025634581327587964
1295700629889994753,negative,0.012794336949919475
1295700630233927681,negative,8.418688190818232e-05
1295700630301016070,negative,0.003802063160635881
1295700630523322369,positive,0.8379334693979041
1295700631496400896,neutral,0.5314742687834368
1295700631806783490,positive,0.9251057915454028
1295700632146448384,negative,0.03302965250828128
1295700632230297605,negative,0.00013588788282992902
1295700632360431616,negative,0.1336690851601187
1295700634017177600,negative,0.07297986551897258
1295700635271278594,negative,8.263611865881445e-06
1295700635506049028,negative,0.017722425461705778
1295700635610996736,negative,0.12958879167395096
1295700635724263425,positive,0.8030084999898046
1295700635975901186,negative,0.0020834233869462602
1295700636739264512,negative,0.22192212588794688
1295700636856651776,negative,0.16555727204251808
1295700638672867328,negative,0.059600840140547076
1295700639213813761,negative,0.24938700457024834
1295700639578816513,negative,0.012512228272294352
1295700639620763648,negative,0.29354048216691747
1295700640446976001,neutral,0.43956083614262703
1295700640581193730,negative,0.12601313751072224
1295700640694493185,neutral,0.6334479286684144
1295700640891645952,neutral,0.4896047113316778
1295700642388992000,negative,0.29899091140080736
1295700644599418880,negative,3.351883461295009e-06
1295700644649730049,negative,0.29676789564387285
1295700644893003777,negative,0.12601313751072224
1295700645551497218,positive,0.9527619688681364
1295700646428119041,negative,0.12601313751072224
1295700647183110145,negative,0.13329128111294006
1295700647640268800,negative,0.00011388569481321643
1295700647761842176,positive,0.8619084794855766
1295700650735677442,negative,0.12601313751072224
1295700650811183109,neutral,0.4020383545323593
1295700650832138240,negative,0.0002676475954483508
1295700651817734145,negative,0.2611728864160936
1295700652488785923,negative,0.2168202942248393
1295700652639821824,negative,0.0003235531513316083
1295700652757262337,negative,0.1730746230786644
1295700652866314241,negative,0.03669135265188776
1295700652887171072,neutral,0.4942065050258121
1295700654783180800,negative,0.0042225918565425916
1295700654913191936,negative,0.12601313751072224
1295700655613661185,negative,0.0020510437876869523
1295700655718445061,negative,1.9646103334123537e-06
1295700657035501570,neutral,0.5652309771345115
1295700657392029696,negative,6.0880798353042644e-05
1295700657530437633,negative,0.004346223592228677
1295700657610137601,negative,0.2609675692976984
1295700657882763265,negative,0.12601313751072224
1295700658847395841,negative,0.22571658443345985
1295700660760055808,negative,0.0004989025182391388
1295700661577945088,neutral,0.49789225920557484
1295700661666025473,negative,0.0005421506491065403
1295700661846380544,negative,0.18299730410594303
1295700661892521986,neutral,0.5344029679637843
1295700662135721984,negative,0.14134167714666668
1295700663075311619,negative,0.02676591955351521
1295700663104679936,negative,0.20243206506881875
1295700663289221120,negative,6.0880798353042644e-05
1295700663624765441,negative,0.09518648374103067
1295700663989669888,negative,0.10089289487434884
1295700664023052288,negative,0.00010105005016432953
1295700664652140545,neutral,0.5505550505941735
1295700665176645634,negative,0.004342799245922514
1295700665294114816,positive,0.8446963384289382
1295700667508690950,negative,0.0019137076188600975
1295700667609354240,negative,0.12601313751072224
1295700669207400449,negative,0.2382669582645585
1295700669471559680,negative,0.2071251955952833
1295700669480030209,positive,0.6634765676318548
1295700669551259648,negative,0.11888264431085406
1295700670172090369,negative,0.09615957085032137
1295700670180462592,negative,0.0793004912566736
1295700672067837953,negative,0.12719542208462262
1295700672717950976,negative,0.12601313751072224
1295700673233920001,negative,7.499897627055572e-09
1295700673519063040,negative,0.25049065976474133
1295700675427536897,negative,7.508883655323917e-05
1295700677423968256,negative,0.21674222858244324
1295700677524631553,negative,8.418688190818232e-05
1295700677931544576,negative,1.6342420869764887e-07
1295700678040584195,negative,0.021528431310062168
1295700678388658179,negative,0.10331227180066074
1295700678631981057,negative,0.0005899533622591719
1295700678652854272,negative,0.029426930115456818
1295700679919632385,negative,0.11888264431085406
1295700681299578881,negative,0.0003644431795206597
1295700681404416001,negative,0.2719538844948051
1295700681844760577,negative,0.05237361032820424
1295700682968829952,neutral,0.41901263796461236
1295700684868812800,negative,0.00016213944809376438
1295700685376430081,neutral,0.5136446707795853
1295700685414170631,negative,5.567349196359062e-05
1295700685472833537,negative,0.051006876849169186
1295700685716099073,negative,0.020519107937833
1295700686114562048,negative,1.0987980960836639e-07
1295700688140410880,neutral,0.41979278972893147
1295700688429867010,negative,0.12601313751072224
1295700688534634496,negative,0.032462705160839336
1295700688887001088,negative,0.2708293019848785
1295700688903823361,negative,1.563302950876352e-05
1295700690141097985,negative,0.006201192931730067
1295700692355735553,negative,0.1717063399097072
1295700693442080768,negative,0.0028207418886229407
1295700693739864065,negative,4.169541059454128e-05
1295700693907644416,negative,0.07654985916301264
1295700694276636672,negative,0.00019531622822837471
1295700694398369792,negative,0.06178026835259212
1295700694431928323,negative,0.3244752610708614
1295700694679388160,negative,0.00039241412013544147
1295700694926753792,negative,0.2382669582645585
1295700695010566147,neutral,0.49789225920557484
1295700696554233857,negative,0.007181478780361355
1295700697074339840,negative,0.12601313751072224
1295700697405624324,negative,0.0013422869196148164
1295700697468604423,negative,0.0001731737757059785
1295700697661440006,negative,3.56886059421823e-08
1295700698580033536,positive,0.999996943185874
1295700701440544769,neutral,0.6006296285839965
1295700701532901376,negative,0.29725129320301863
1295700702858289153,negative,0.019901934905204827
1295700703583838210,negative,0.0018412329199505105
1295700705316155393,negative,0.00015684797611854748
1295700705618141185,negative,0.0912419989075133
1295700705853005824,negative,5.87392431376007e-08
1295700706029174784,negative,0.004077047471764551
1295700706544975873,negative,7.397297525544028e-05
1295700706565947392,negative,0.00028696207194974194
1295700706817716224,negative,1.8693331874488833e-09
1295700706947735552,negative,0.034581623450589356
1295700707622952967,negative,0.003720598804376389
1295700709162139650,neutral,0.5505550505941735
1295700709262991362,negative,0.011577013803850641
1295700709351084033,neutral,0.6510058072737261
1295700709690585088,negative,0.06857845180741216
1295700709757734912,negative,8.418688190818232e-05
1295700710768680960,negative,7.098665514213687e-06
1295700711469187072,negative,0.28834416450020467
1295700713536917507,negative,0.12601313751072224
1295700713595699201,negative,0.02087892051593821
1295700714522583041,negative,0.001386300556276458
1295700714904342528,negative,0.0017190442965056931
1295700715722158087,negative,0.08497706599647717
1295700717508927490,negative,0.033280093885533685
1295700718767222785,negative,0.004084114521403623
1295700719148896257,negative,0.0008639914327069584
1295700719241175040,negative,1.7719509288061797e-05
1295700722147905536,negative,8.729055345086805e-05
1295700722529513473,negative,0.10886634654411638
1295700722625974272,negative,0.00023445366554565486
1295700722936356864,negative,0.003720598804376389
1295700723028688896,negative,2.1069670638888782e-07
1295700723087421440,negative,0.0013398458450412734
1295700723091607554,negative,0.0047406392456907755
1295700723674554368,negative,0.04137605284192735
1295700723926274048,negative,5.285936174114529e-07
1295700724022751232,negative,0.19705653862754227
1295700726082134017,negative,0.005643702138430563
1295700726254047233,neutral,0.47899764479002754
1295700726761439232,negative,0.0004777114950970262
1295700726765805569,negative,0.06814937164039352
1295700727180992520,negative,9.941001970897928e-14
1295700727231373312,negative,8.491541388789033e-05
1295700727407534081,neutral,0.6008430396970806
1295700727449505792,negative,5.6955588109608626e-05
1295700727738892288,positive,0.7136890746308091
1295700728133099522,negative,0.0021831887478922
1295700730154831872,neutral,0.35687064213506103
1295700730347749378,negative,0.0015409316113206397
1295700730930696193,negative,0.17672755989941588
1295700731077382145,negative,0.00011920047949049027
1295700732155498496,negative,0.0015830832955515991
1295700734403645440,negative,0.07616585765999836
1295700734655201281,negative,0.004077047471764551
1295700734688874501,negative,0.08785473316588438
1295700734810497026,neutral,0.4867417413902282
1295700735099834370,positive,0.6616487520569878
1295700735691284480,positive,0.7104460326444771
1295700735741616128,negative,0.002277649633354796
1295700735791968259,negative,0.11878480095085546
1295700736223911942,negative,0.0003947740991628484
1295700739109650433,negative,0.017065287106498152
1295700739248054272,negative,0.15104356265589225
1295700739407446016,negative,0.0430101816775751
1295700739549954050,negative,0.0010613305720966555
1295700739793321984,negative,6.219660465981818e-06
1295700739810111489,negative,0.006273871075941161
1295700740380471303,neutral,0.5734576952979002
1295700740871077889,negative,0.145402450257652
1295700743614279682,negative,0.024282303288903673
1295700744151146497,negative,0.019901934905204827
1295700744612597761,neutral,0.3982272133650138
1295700745183010816,negative,0.012675980809591305
1295700746189463552,neutral,0.5118605533127536
1295700747418578949,negative,0.19426515223239724
1295700747519234053,negative,0.0072938360075774575
1295700747749863427,negative,6.379389218829304e-08
1295700747959578624,negative,0.05991339020560473
1295700748534243329,negative,0.00618396242161895
1295700748823670787,negative,0.014588141728319296
1295700748840439812,negative,0.20478744906478066
1295700751042453506,negative,0.0014250257519440163
1295700751247798273,negative,0.002976729530058497
1295700752946667522,negative,0.0032533681489490627
1295700755408736259,neutral,0.38731957827356167
1295700755425439744,negative,0.03669135265188776
1295700755643543554,negative,0.12601313751072224
1295700755672858624,negative,6.958017306003686e-05
1295700756406906880,negative,0.013596616932564943
1295700756679610369,negative,0.03135431427877863
1295700756830576646,negative,1.9646103334123537e-06
1295700761565892608,negative,0.12601313751072224
1295700762182459394,negative,3.2674081183320567e-06
1295700762480324608,negative,0.12601313751072224
1295700762841034752,negative,0.12601313751072224
1295700764199981056,neutral,0.4246605003672058
1295700764460015616,negative,0.001508225662847598
1295700764611026945,negative,0.04147779582385276
1295700764736851968,neutral,0.43492002157381665
1295700766439682054,negative,0.0012115498855216368
1295700766456451072,negative,0.023863414845496544
1295700767949692930,negative,0.24777902961736586
1295700769207918592,negative,3.0439707664671607e-05
1295700769912631300,negative,0.09604608166740844
1295700769933582338,negative,0.18299730410594303
1295700770206220289,negative,0.12601313751072224
1295700771938467840,negative,0.12601313751072224
1295700772013977605,negative,0.0912419989075133
1295700772433219585,negative,0.027257206361132134
1295700772450185217,negative,0.17347870191393963
1295700772848574475,negative,2.0409758249209573e-06
1295700772903157761,negative,0.12601313751072224
1295700773234511872,negative,5.6955588109608626e-05
1295700773343580162,negative,0.019901934905204827
1295700773460946945,negative,0.019901934905204827
1295700773502885888,negative,9.38209634834186e-05
1295700773645541379,neutral,0.6000919226747244
1295700773817507841,negative,0.23649811240819985
1295700774245343232,negative,0.0022023690508181813
1295700776317259778,negative,0.10205716059643016
1295700776673828864,negative,0.0904968925215997
1295700776900321280,negative,1.2124117010821442e-05
1295700778888437761,negative,7.351218080420008e-06
1295700779311996928,negative,0.12601313751072224
1295700779945295872,negative,0.04137605284192735
1295700780641652736,negative,9.444871411513912e-05
1295700781346304000,negative,5.0376147678535084e-05
1295700781379784707,negative,3.0439707664671607e-05
1295700781522395142,negative,0.30426346191930553
1295700781816074241,negative,0.04072568628281344
1295700782474563584,negative,0.22408391551629084
1295700782994661376,negative,0.15913267842169154
1295700783095255040,neutral,0.43492002157381665
1295700783166562305,negative,0.007302956732843028
1295700784982695936,negative,0.05784351897484676
1295700786530443264,neutral,0.5718541379795399
1295700786635210752,negative,2.033447298319238e-06
1295700786702430210,negative,0.047021638359610624
1295700787897737216,negative,0.09016400970450879
1295700788921225216,negative,0.018075472935833604
1295700789214748673,negative,8.886602253910531e-11
1295700789562732544,negative,4.4570905775248256e-11
1295700789877444608,negative,0.13546229491292247
1295700789986496516,negative,0.1807246164455315
1295700790565310465,negative,2.9106318852759946e-05
1295700791261564936,negative,7.875527000521799e-07
1295700793266446337,negative,0.009247246998905403
1295700793413312512,negative,0.06227944565466594
1295700794029871105,negative,2.5497385337195386e-12
1295700797318148097,negative,0.12601313751072224
1295700797515345920,negative,0.12601313751072224
1295700798073188352,neutral,0.42507619662732005
1295700798140297217,negative,3.9954267428445144e-06
1295700798400344065,negative,0.07297986551897258
1295700798861643776,positive,0.9999995592370942
1295700799037870080,neutral,0.5916122031609724
1295700799281074176,negative,0.0023651419159163023
1295700799692079105,negative,0.004560635461201773
1295700799712944128,positive,0.9804244454961873
1295700799922872326,neutral,0.49789225920557484
1295700799927001088,negative,0.0019137076188600975
1295700799947968513,negative,0.0032431265850275726
1295700800132583424,negative,0.001150404241661264
1295700801453785090,negative,0.03957686157108606
1295700801525026821,negative,0.08964986511641117
1295700801525100544,negative,6.735135027065008e-05
1295700802544324611,negative,1.4976252542140145e-06
1295700803420860417,negative,7.752480450362732e-06
1295700803718717440,negative,0.013933200866323719
1295700804163248128,negative,0.0009309096130113586
1295700805677453312,negative,0.0012115498855216368
1295700805723533313,negative,0.0001631320351968574
1295700805782245379,negative,0.12601313751072224
1295700806361133056,negative,0.0026814816816275607
1295700806495350785,negative,3.750265800303984e-05
1295700806667247617,neutral,0.552443945372184
1295700806726045697,neutral,0.49789225920557484
1295700811021012993,negative,0.004053118679355682
1295700811239096320,negative,9.931228830084086e-05
1295700811352346627,negative,0.14134167714666668
1295700811943743490,negative,0.051006876849169186
1295700812065374210,negative,0.00020546107437000586
1295700814598672384,neutral,0.502078848952195
1295700814699405313,negative,5.839483225252915e-07
1295700816557477889,negative,0.02545445313493427
1295700818138628103,negative,0.04350140218881862
1295700818289549319,negative,0.24201751524119858
1295700818369355777,positive,0.754600555957214
1295700819002744833,neutral,0.3726847435457324
1295700819212480513,negative,0.00019531622822837471
1295700819866722307,negative,6.344610407981602e-05
1295700820265242632,negative,0.20937117337783415
1295700820575563777,negative,0.22483527294323674
1295700823964626944,negative,0.23370513576669077
1295700824115552256,negative,0.12055866149532746
1295700824623063042,negative,1.9553539942032873e-15
1295700824904151041,negative,0.022150899258218507
1295700824967045121,negative,0.0007224164004247391
1295700824992239620,neutral,0.49789225920557484
1295700825088688128,negative,0.11591685326288977
1295700825122242562,negative,0.0005207109971164184
1295700826787319808,negative,0.07687941558480545
1295700826967638017,negative,0.0009309096130113586
1295700827429109761,negative,0.00011878864516568124
1295700827861065728,negative,0.06251426654054333
1295700828083429376,negative,0.10379525261464205
1295700828389552128,negative,0.003120314493133608
1295700828469317637,positive,0.9108092757545855
1295700830851653635,negative,0.0009309096130113586
1295700831422087168,negative,3.3560784186270168e-06
1295700831560519680,negative,0.05637237317617986
1295700831908634626,negative,0.03701880644128466
1295700831942180864,negative,0.03391699192291425
1295700832172859392,negative,0.04495495218571992
1295700833405939714,positive,0.9806432432293448
1295700835150835713,positive,0.8972499790279385
1295700835238842373,negative,0.11325690716020959
1295700835394084865,negative,0.2677651204054746
1295700835503136769,negative,6.98838306528221e-08
1295700836186763267,negative,0.0021858083203273398
1295700836425793536,negative,0.00047716581333585834
1295700836740485125,neutral,0.33341887731792436
1295700836786593792,negative,0.04536213793596654
1295700837218623496,positive,0.9968915763573204
1295700838577561601,negative,0.0031786677238421325
1295700839751876608,negative,0.0003519638731397254
1295700839928143872,negative,0.0015645295878872025
1295700840095911938,negative,5.2933877599299346e-05
1295700840246849536,neutral,0.6462607005943426
1295700840511148033,negative,0.004555756593096448
1295700841970769920,neutral,0.4606343025343602
1295700842067251200,negative,0.08964986511641117
1295700844403359744,positive,0.9932418432954684
1295700844873166849,positive,0.9330656345433026
1295700845040930816,neutral,0.552443945372184
1295700846035054592,neutral,0.49789225920557484
1295700847574290435,neutral,0.49789225920557484
1295700848341917704,negative,0.0028449827055019097
1295700848488710144,negative,0.12601313751072224
1295700848660680704,neutral,0.3821571958457934
1295700849746993157,neutral,0.35037246870997213
1295700850464227333,negative,0.0005421506491065403
1295700851915468801,negative,0.12241357769920357
1295700852049686528,negative,0.12601313751072224
1295700853270163457,negative,0.00018987384704124033
1295700854272593920,neutral,0.5700949742195746
1295700854843019265,positive,0.8156943278461302
1295700856327868417,negative,0.2677651204054746
1295700856340439040,neutral,0.5814264551371284
1295700856478806027,negative,0.025383154012361304
1295700856801812482,negative,3.25722101444236e-05
1295700857481318401,negative,0.013823136334358206
1295700857493884928,negative,0.021963303486747885
1295700857607135232,neutral,0.5505550505941735
1295700857732857856,negative,0.11071018408393729
1295700857904943104,negative,0.004416702620394086
1295700858508849152,negative,0.11591685326288977
1295700858550857728,negative,0.00011920047949049027
1295700858718560258,negative,0.1807246164455315
1295700861197246472,negative,8.657684844413725e-05
1295700861293920262,negative,0.058527571783466986
1295700861545598976,negative,0.058527571783466986
1295700861675544579,negative,0.04350140218881862
1295700861717446658,negative,0.19531287850462725
1295700861767696384,negative,0.0024260144664986286
1295700861902094338,negative,0.08618115831105623
1295700862010945536,negative,1.173624361732555e-05
1295700864578007040,negative,0.08007641557858117
1295700864754057217,negative,0.10459830546158512
1295700864754122753,negative,0.051006876849169186
1295700864930283522,negative,0.12601313751072224
1295700865622343680,negative,0.23549743395953016
1295700866087886848,negative,0.08007641557858117
1295700866419261448,negative,4.880780914990422e-12
1295700867115634688,neutral,0.5118605533127536
1295700868881408001,negative,0.12601313751072224
1295700868894019584,negative,5.453034490225375e-05
1295700869212774400,negative,0.0004989025182391388
1295700870953422848,negative,0.0761968391258363
1295700871049809920,negative,0.15963785849838982
1295700871288958976,negative,0.12601313751072224
1295700873117655043,negative,4.415685239498063e-10
1295700873390194690,negative,0.00080742674525808
1295700873633554438,negative,0.07574144661667324
1295700874065514496,neutral,0.6563131832915976
1295700874245832704,negative,0.0011448453359097532
1295700874271043584,negative,6.788939314038229e-06
1295700875286118406,negative,0.0430101816775751
1295700875495837696,negative,0.011881095584740146
1295700875965599744,negative,0.00489715133554157
1295700877127421953,negative,0.05741082219477387
1295700877207048192,negative,0.0012115498855216368
1295700877404069890,negative,0.00010105005016432953
1295700877844643840,negative,0.01718961091122172
1295700878016614400,negative,0.00023856735987737933
1295700878041784321,neutral,0.4496518848546603
1295700878188376067,negative,0.0002950035274722003
1295700878545039361,negative,5.6157396473900453e-08
1295700880386334721,negative,0.0072938360075774575
1295700882139619329,neutral,0.47899764479002754
1295700882512912384,negative,0.22192212588794688
1295700882584199168,negative,0.0837763170250123
1295700883532120064,negative,0.024405456238622735
1295700883620192262,negative,0.012395618865407595
1295700883779588096,neutral,0.5766609801397096
1295700883947368448,negative,0.14134167714666668
1295700883993440257,negative,0.004133906631166891
1295700885444714497,negative,0.0001877559279695666
1295700886484914176,negative,0.00017494983405277659
1295700886493245440,negative,0.11123494177029876
1295700887428575237,negative,5.643077774743622e-06
1295700887478906885,negative,0.10810669943836544
1295700887483092992,neutral,0.6334479286684144
1295700887508267008,negative,0.014141655271809146
1295700887730556928,negative,0.009519586546924306
1295700888196206592,negative,0.004637588544408518
1295700889567744005,negative,0.0793004912566736
1295700889970315264,negative,0.000490685354687692
1295700889999740928,negative,0.07099733431891841
1295700890117181440,negative,0.12601313751072224
1295700890431750145,negative,0.08848590792333066
1295700890586841091,negative,0.0060042704701154396
1295700893636136960,negative,0.22051075309162918
1295700893866905602,positive,0.9056052485707365
1295700894135324680,negative,0.17657077792544382
1295700894168817665,negative,2.6684646623921566e-05
1295700894185488384,negative,0.003802063160635881
1295700894844170242,positive,0.9999882225266734
1295700895397826561,negative,0.018174991013644146
1295700895410409473,negative,8.657684844413725e-05
1295700895808839685,neutral,0.33796302189707855
1295700898056998912,positive,0.9251057915454028
1295700898304471042,negative,0.03957686157108606
1295700899160096770,negative,0.01943786463375533
1295700899634053121,negative,0.0004989025182391388
1295700904100925440,negative,0.02710320016702004
1295700906479161345,negative,0.317955616456911
1295700907297054720,negative,0.3045024688943347
1295700907787722753,positive,0.8759924432893319
1295700907787726850,negative,0.00010105005016432953
1295700907854790656,negative,0.2512242327566499
1295700908358107136,negative,0.02326681919873465
1295700908710428678,positive,0.9251057915454028
1295700910627323904,neutral,0.5374478655040366
1295700911378046979,negative,0.00012937597808824656
1295700911688429569,negative,0.06356046529431894
1295700911751409664,negative,0.16178873422112622
1295700912330215424,negative,0.23028571202175557
1295700912594276353,negative,0.00023530437211488536
1295700912816582656,negative,0.1687607818689967
1295700912816754690,negative,5.576031647107205e-05
1295700912946765824,negative,0.002841903815530529
1295700914888749056,neutral,0.5391371911639813
1295700915266224128,negative,0.021711407731320655
1295700915396149249,negative,0.29080108981269404
1295700915840856065,negative,5.567349196359062e-05
1295700916419657729,negative,0.0004989025182391388
1295700916566470657,negative,0.007503747480903371
1295700917564706816,negative,3.6520280334631796e-07
1295700919728902146,negative,0.00010682867342520538
1295700919787626496,negative,0.0012115498855216368
1295700920798453770,negative,0.03957686157108606
1295700921347969025,negative,0.0009287027794115018
1295700923378020354,positive,0.9251057915454028
1295700924149760001,negative,0.003811765738578113
1295700924565008386,negative,0.12601313751072224
1295700924833431552,negative,0.2071251955952833
1295700925034696704,negative,0.03311756784372131
1295700925538095105,negative,0.07110420434591404
1295700926062309377,negative,0.051592729021323405
1295700927328989185,neutral,0.4056641575608081
1295700927349956613,negative,0.009247246998905403
1295700927635238912,negative,0.16555727204251808
1295700927836327937,neutral,0.5808741501827569
1295700928348266496,neutral,0.5616250729299486
1295700928826429440,negative,0.0006168234578768401
1295700929287684096,negative,2.571305672962319e-06
1295700929640112129,negative,0.0013240075066829964
1295700929770127360,positive,0.999996943185874
1295700933012316160,negative,0.07124973953984087
1295700933347868673,negative,0.08467181435203253
1295700933549133824,negative,0.006749968586320787
1295700933922488320,positive,0.6634765676318548
1295700934153175043,negative,0.0010320008549113253
1295700934165762049,negative,0.18299730410594303
1295700934891311109,negative,0.11218045315613208
1295700936086532096,negative,0.08007641557858117
1295700936359317504,negative,1.3210480483200456e-06
1295700936447451136,negative,0.0005207109971164184
1295700936703311872,negative,0.0003111057933826339
1295700937667993601,negative,0.0805026834256379
1295700937693167616,negative,2.636532240537812e-10
1295700938565586945,negative,0.12601313751072224
1295700938712322048,negative,0.001150404241661264
1295700938758520833,negative,0.04104365862513887
1295700940188770304,negative,0.0019137076188600975
1295700941447012352,negative,0.008189395467764888
1295700941614841857,positive,0.7524968543481109
1295700941774024706,negative,0.21662198357370313
1295700942973632512,negative,1.6395967586671367e-05
1295700943145664516,negative,1.901042105277641e-05
1295700944039153664,negative,0.2677651204054746
1295700944110354432,negative,0.12601313751072224
1295700944479498241,negative,0.037634945851547585
1295700944617975809,negative,1.0276997121002975e-07
1295700944777285638,neutral,0.5374478655040366
1295700945590988800,negative,2.1798714249980185e-05
1295700946094379010,negative,0.1774271951655384
1295700948510216193,negative,0.1808482412859558
1295700949420380161,negative,0.029604451539684752
1295700949562843137,negative,8.657684844413725e-05
1295700949684695041,neutral,0.5916122031609724
1295700950229942273,negative,0.317955616456911
1295700951907565574,negative,0.07754849384394588
1295700952515780610,negative,0.0755602944799695
1295700952666779650,negative,4.109299122756055e-08
1295700952989732864,negative,0.12601313751072224
1295700953178537984,negative,5.436537932322177e-07
1295700953446965249,negative,9.38209634834186e-05
1295700953505640448,positive,0.9804244454961873
1295700953618939906,negative,5.643077774743622e-06
1295700954260611072,negative,3.314886641772634e-05
1295700954352775173,negative,0.0021662757920962532
1295700956584316929,negative,0.00018163029114407663
1295700956680790018,negative,0.02017395221537928
1295700957288857600,negative,0.0487656753621555
1295700957402210305,positive,0.9869823488208094
1295700957494378497,negative,0.11317813547851237
1295700958433947649,neutral,0.45791716031325364
1295700958735994881,negative,0.0014553794969695828
1295700958849241089,negative,0.12601313751072224
1295700959029612556,neutral,0.4350518842735511
1295700959444770817,negative,0.004416702620394086
1295700961260744704,negative,8.418688190818232e-05
1295700961361563649,negative,0.055351820196330836
1295700961432940544,negative,0.07269730280300223
1295700961554571267,negative,0.10925522680208147
1295700961860747264,negative,0.29582454456271506
1295700962234048518,negative,0.0009309096130113586
1295700962309558272,negative,0.0031797094825060327
1295700965048320002,negative,0.31359066856531265
1295700966428352514,negative,0.22571658443345985
1295700967703355392,negative,0.02017395221537928
1295700967908933633,positive,0.7184010577187462
1295700968462528514,negative,0.17776912296083106
1295700969678831616,negative,0.0018120342095558914
1295700970433851392,negative,0.06694451986447128
1295700970630938624,negative,4.382445076972213e-06
1295700971125977088,negative,0.014938999437956726
1295700971247538176,negative,0.0017851008275454312
1295700971260190721,negative,0.02959739943929172
1295700971318902784,negative,0.14134167714666668
1295700971658649607,neutral,0.5700949742195746
1295700975194378240,negative,0.0071604562497196425
1295700975458680832,negative,0.024405456238622735
1295700975756271617,negative,0.17263531877678717
1295700975835942914,neutral,0.48893394430619375
1295700976003887108,negative,0.10923838763276379
1295700976179875843,negative,3.2160882934106506e-08
1295700977526304768,negative,0.0699993897917339
1295700978189111296,negative,0.12601313751072224
1295700978289635328,negative,0.0007516808755897104
1295700978432344065,neutral,0.567271095674514
1295700978767933440,negative,0.001005457773570323
1295700979397136384,negative,0.0007623682638606904
1295700979560714244,negative,0.006836865241397141
1295700980059734017,positive,0.7138331313084844
1295700980273750019,negative,0.03669135265188776
1295700981871714306,negative,0.04104365862513887
1295700982882500610,negative,0.2215420344214618
1295700983478210562,negative,0.02620829743518474
1295700983658491904,negative,0.006631638814742494
1295700983771795456,negative,1.8711878862829622e-06
1295700986040918016,negative,0.04716848511143125
1295700986225471489,negative,0.27181001815718
1295700986254757888,negative,0.12601313751072224
1295700986326134784,neutral,0.36440385825114957
1295700986489602048,negative,0.08777927650061855
1295700986510573569,negative,0.007174118764223606
1295700986712002560,negative,6.330818725250736e-05
1295700987018084353,negative,0.12601313751072224
1295700987034836998,negative,6.436712676161688e-06
1295700987219451904,negative,0.18183060066943943
1295700987433431040,negative,0.009247246998905403
1295700987529826304,negative,0.018075472935833604
1295700987752194048,negative,0.00012713599297504614
1295700991153713152,neutral,0.49789225920557484
1295700991397036033,negative,5.7055188982542345e-05
1295700992214872064,negative,0.31359066856531265
1295700992235900929,negative,0.10923838763276379
1295700992936292355,negative,0.004416702620394086
1295700993653592066,negative,0.0008035156311051276
1295700994366545921,neutral,0.49789225920557484
1295700994509148161,negative,0.02132099595582579
1295700995863982080,negative,1.4105811180703608e-07
1295700998875418630,negative,0.019901934905204827
1295700999257153537,negative,6.703980105029473e-08
1295700999575703552,neutral,0.48728019602140255
1295700999680724993,negative,0.02416622986422118
1295701000167153664,negative,0.24362324325739765
1295701000364462081,negative,1.3056736166214238e-07
1295701000502697984,negative,0.12657921181554327
1295701001111064577,negative,0.03826733673608333
1295701002927124480,negative,0.0007516808755897104
1295701003174645765,negative,0.0011646246619576245
1295701003526975495,negative,0.0033714710865123776
1295701003669471232,negative,0.26096658350660207
1295701003673587712,positive,0.9314155834983897
1295701003862528000,negative,0.001005457773570323
1295701004025913348,positive,0.9657483121350827
1295701004093214720,negative,0.007154047846534516
1295701004135129089,negative,0.08473692500571466
1295701004168630278,negative,0.0012115498855216368
1295701006467174400,negative,0.15011373965110905
1295701007624802309,negative,2.7954766644078082e-05
1295701007796776960,negative,0.2207058397378527
1295701008048365569,negative,0.007996055150332526
1295701008081879042,negative,0.019524363050877746
1295701008157483010,positive,0.759882460401049
1295701009193467904,negative,0.0674189963555568
1295701009403125761,negative,0.016341793241914288
1295701009524613121,negative,8.657684844413725e-05
1295701011533836288,negative,0.0072938360075774575
1295701011617767425,negative,0.03541852314666285
1295701011621990400,negative,0.12601313751072224
1295701012444053506,negative,0.0012115498855216368
1295701012636893184,negative,0.0006468586595970544
1295701012754370560,neutral,0.5700949742195746
1295701012838150146,negative,0.00028696207194974194
1295701013530382336,neutral,0.43612039806852576
1295701015329681408,negative,0.1153309208835152
1295701015807897602,negative,7.249126307968386e-08
1295701015916937216,negative,0.12601313751072224
1295701016827002880,neutral,0.5652309771345115
1295701017040957442,negative,3.419972254241916e-05
1295701017099530240,negative,1.4976252542140145e-06
1295701017112215556,negative,0.19869054436186498
1295701017116282881,negative,1.2701523070014992e-09
1295701017464635392,negative,0.05783745181936988
1295701017477226497,negative,0.0005207109971164184
1295701017745653760,negative,0.08716679325367978
1295701017875697664,neutral,0.6563131832915976
1295701018068553728,negative,0.12601313751072224
1295701020107038728,negative,0.110434429056466
1295701020228689921,negative,0.010142463236671184
1295701020308377601,negative,5.655148052820803e-11
1295701020329246721,negative,0.14134167714666668
1295701020383817728,negative,7.147258799466688e-05
1295701021675724800,negative,3.799721269451345e-05
1295701021969309697,neutral,0.4099862582453873
1295701023814713345,negative,0.03957686157108606
1295701023961620481,neutral,0.4635476503877262
1295701024083251200,negative,4.112444865906903e-06
1295701024179720193,negative,2.1337327737274898e-07
1295701024855011331,negative,0.05625323736097055
1295701025714823175,negative,0.0019818169123709756
1295701027921039362,negative,0.07039115002182492
1295701028277497861,negative,0.0014165102375007627
1295701028655046656,negative,0.0031797094825060327
1295701029137383424,negative,0.00021671473916723183
1295701029313564672,negative,3.750265800303984e-05
1295701029577723908,negative,0.003029566622594102
1295701032060833792,negative,0.0012115498855216368
1295701032182460416,negative,0.0012115498855216368
1295701032299892736,negative,6.559367787433211e-05
1295701032924782598,negative,0.2215420344214618
1295701032970878976,negative,0.014470809811188576
1295701032996081664,negative,0.00015346569853918462
1295701033218461697,negative,6.106041944237031e-05
1295701033335828480,negative,0.052543892077899765
1295701033356861440,negative,0.18183060066943943
1295701033423974400,negative,0.12241357769920357
1295701033700806656,negative,0.03449765947808015
1295701033759453185,negative,0.05050562446616487
1295701034229276682,negative,0.06227944565466594
1295701036452196352,negative,0.03957686157108606
1295701036817092608,negative,0.0006640554809628442
1295701036984946689,negative,2.4881726672543016e-09
1295701037622480900,negative,0.0036939111162099633
1295701037660229633,negative,3.7186601522976585e-09
1295701038645862402,negative,0.3272386582614468
1295701041032331265,negative,0.12601313751072224
1295701041196015617,negative,0.10048846400266408
1295701042085076992,negative,0.0004394782131207557
1295701043200831491,negative,2.1751507208047918e-11
1295701043217674240,negative,3.750265800303984e-05
1295701044509499392,negative,1.1594087518622028e-09
1295701045247705088,positive,0.9806432432293448
1295701045495169026,negative,0.1827142778606109
1295701045771931656,negative,0.007701554906241651
1295701046593912832,negative,5.923002571954884e-05
1295701047206465536,negative,6.841845717531321e-05
1295701049446146049,neutral,0.6488663118949483
1295701050335416322,negative,0.009198488968345166
1295701051182665730,negative,7.752480450362732e-06
1295701051346223104,negative,8.081135286473465e-07
1295701053749551106,negative,0.03957686157108606
1295701054244425729,negative,9.878157526470174e-07
1295701054961704960,negative,0.001544134217589443
1295701056853245953,negative,0.05628528576765208
1295701057243357184,negative,1.003292639830022e-07
1295701057654464513,neutral,0.6563131832915976
1295701057734094849,negative,0.00026192661414248415
1295701058249990144,neutral,0.3306646816629014
1295701059063734273,negative,0.058527571783466986
1295701059185160193,negative,0.1389357443319044
1295701059319537664,negative,0.12601313751072224
1295701061584510980,negative,0.051006876849169186
1295701061760679936,negative,0.12601313751072224
1295701061865484288,negative,0.18929068482049832
1295701063232884747,negative,0.0006893816430197195
1295701063417372678,negative,0.08429323407524633
1295701063467704320,negative,0.02540645471740585
1295701063933267969,negative,0.02999333788209678
1295701065732624385,negative,0.07112750477455526
1295701066718359552,negative,0.057947458692055066
1295701067414544384,positive,0.8050357591492134
1295701067666259973,negative,0.03329967069360357
1295701067804692481,neutral,0.5810915822150261
1295701068001796096,negative,0.015114988563143843
1295701070719537152,negative,0.0009909486371772118
1295701071327879170,negative,0.0001482087172354925
1295701071965368321,negative,1.3003350409264028e-14
1295701072548421632,negative,0.12845844791872182
1295701072695173123,negative,0.011633718337075664
1295701073898999809,negative,0.0002683662397469923
1295701074548895749,negative,0.001764996733716482
1295701074674954240,negative,0.20324586410364273
1295701074708398086,negative,0.0005207109971164184
1295701075010387968,negative,0.05050562446616487
1295701075379412994,negative,0.048038338004875995
1295701076226838531,negative,0.016393079289107666
1295701076717580291,negative,0.009024344577662885
1295701078378520576,neutral,0.3852546302526712
1295701079104131074,negative,3.840880652460219e-09
1295701079188013058,negative,0.12601313751072224
1295701079271903232,negative,0.024430638939061725
1295701079473246210,negative,0.2215420344214618
1295701079821254657,negative,0.0019137076188600975
1295701079963860999,negative,0.00021671473916723183
1295701080207175681,neutral,0.4575574633417399
1295701080479850497,neutral,0.4332388422326355
1295701080786055169,negative,3.233289042073335e-14
1295701080886697984,negative,0.20599266970912314
1295701080932790272,negative,0.042242737428898516
1295701083155832833,negative,0.04969646386815008
1295701084418314241,negative,0.12601313751072224
1295701085013913600,negative,0.3057913248329001
1295701086750244865,negative,0.0013882755064959231
1295701087064936454,negative,0.04533837106223774
1295701088163725312,neutral,0.3849617405241192
1295701088558088192,negative,0.03909538574089246
1295701088763510785,negative,1.6409765488457423e-05
1295701088792969218,negative,0.08423298848773349
1295701091028541441,negative,0.04350140218881862
1295701091825393665,negative,0.00012803279689314805
1295701092462989313,negative,0.04302896176930661
1295701092530106368,negative,5.830049882417627e-06
1295701092710453248,neutral,0.628757031338873
1295701092752338944,positive,0.7031734236176302
1295701095151542275,neutral,0.45177445213734263
1295701095466119171,negative,0.008089892980319518
1295701095776497667,negative,8.418688190818232e-05
1295701096980271105,neutral,0.541329384228881
1295701096984346625,negative,0.11888264431085406
1295701097173200902,negative,6.426554733058263e-05
1295701097265475584,negative,0.08007641557858117
1295701099488436224,negative,0.12777103288650796
1295701100503474177,negative,0.019901934905204827
1295701100763512833,negative,0.00022528143995211494
1295701101120040960,negative,0.2685722482980289
1295701101279432704,negative,0.018096434321460533
1295701101665226755,negative,0.25401421255941126
1295701102709682177,negative,0.07767214368396072
1295701103426842626,negative,0.0023185423629550304
1295701103959515136,negative,0.041660891763374196
1295701104236408833,positive,0.8945396879538031
1295701104362045440,negative,0.05017656982950122
1295701104437731330,negative,0.03734775599302679
1295701104655609858,negative,7.598942920413904e-06
1295701104815157248,neutral,0.6094835631722813
1295701104949448705,negative,0.23649811240819985
1295701107876954113,negative,0.009337671517045044
1295701108535382016,negative,0.14364185390983958
1295701108602679298,negative,0.10459830546158512
1295701108900470786,negative,0.019901934905204827
1295701108925571072,negative,0.04550932329001948
1295701110540447749,negative,0.2894510937489875
1295701110590705664,negative,0.1320054398652975
1295701111857446912,positive,0.8050357591492134
1295701111962243072,negative,0.004316169404615848
1295701112431849473,positive,0.9657483121350827
1295701112641781763,negative,0.011151595823809033
1295701116018139137,positive,0.7509082171332925
1295701116852862976,negative,1.6395967586671367e-05
1295701117574295552,negative,0.0009999280637018435
1295701117620432896,negative,0.12601313751072224
1295701118643773447,negative,0.004346223592228677
1295701118702555137,negative,0.004631627283949271
1295701120615092224,negative,0.007824949660274153
1295701120619249668,negative,0.0009309096130113586
1295701121324003331,negative,0.00015370838906157887
1295701122301284355,negative,3.760273854054074e-05
1295701122783600644,negative,0.05741082219477387
1295701124431974400,negative,0.14134167714666668
1295701124670988292,negative,0.0032757339811783433
1295701126206169088,negative,0.00022528143995211494
1295701126596169728,negative,0.14134167714666668
1295701127766384642,negative,0.06178026835259212
1295701128928210945,negative,0.00022528143995211494
1295701129570004992,positive,0.9869690611765831
1295701129611837441,negative,0.14134167714666668
1295701130308194310,neutral,0.44515666723971453
1295701130803118081,negative,0.024405456238622735
1295701130819903488,negative,0.04147779582385276
1295701131105116161,negative,4.500446212326973e-05
1295701133047009280,negative,0.07797117640243185
1295701133105799168,neutral,0.40972269394628713
1295701133382615040,neutral,0.5708169025790254
1295701133432889346,negative,0.019901934905204827
1295701133441273856,negative,0.01520039634523802
1295701137358757889,negative,0.012356241528153953
1295701137400750080,negative,0.12601313751072224
1295701137505558528,negative,0.0005097675617629792
1295701137732128769,negative,7.752480450362732e-06
1295701137765666818,negative,0.0007054019363344476
1295701137933217792,neutral,0.5496234661379426
1295701138080174081,negative,0.19720162984616404
1295701138147287042,negative,0.12601313751072224
1295701138180907010,negative,0.02132099595582579
1295701138206011393,positive,0.9923758305762793
1295701139296526336,positive,0.9526262896570548
1295701139367907329,negative,1.4976252542140145e-06
1295701141121105920,negative,0.2396831157740127
1295701141439819777,negative,0.12601313751072224
1295701141846663169,negative,0.12601313751072224
1295701142152925184,negative,0.14134167714666668
1295701142672990213,negative,1.344420900600937e-06
1295701143532834817,negative,0.04145487790763871
1295701143549509632,negative,0.0008306986130868915
1295701143608229888,negative,0.011127147503708475
1295701143843213312,negative,0.016474847522607586
1295701145609003008,neutral,0.5616250729299486
1295701146317856768,negative,0.11591685326288977
1295701146393350144,negative,0.05826157679780616
1295701146498203648,negative,0.08135719087995276
1295701146653413376,negative,0.0430101816775751
1295701146816974853,negative,0.0002877588870089176
1295701146904993792,neutral,0.5496678701602578
1295701147202854912,negative,0.0012004156719507063
1295701147530006529,negative,0.0016172480870576891
1295701147819352064,negative,0.014066233073103411
1295701148192604165,negative,0.14733535439837753
1295701149723643904,negative,0.0014881045222610214
1295701150264680448,negative,4.275584109834072e-09
1295701153951502336,negative,0.12601313751072224
1295701154144362497,negative,0.0072938360075774575
1295701154274463744,neutral,0.5210236270088354
1295701155302047744,negative,0.20958256306611736
1295701155398529029,negative,0.12601313751072224
1295701155763429381,negative,0.03456957926993484
1295701156195442689,negative,0.14134167714666668
1295701158162571265,negative,0.015114988563143843
1295701158539988994,negative,0.0009309096130113586
1295701159743717382,neutral,0.4488737608998828
1295701160066797574,negative,0.12601313751072224
1295701160205193217,negative,0.08007641557858117
1295701160481914880,negative,0.15331241043057187
1295701160670765057,negative,3.0439707664671607e-05
1295701163090653185,negative,0.047187791237059705
1295701163220905984,negative,0.08755118420002257
1295701163237453824,negative,0.05738731705847255
1295701163485147141,negative,0.06633595613633989
1295701164315619329,neutral,0.3306646816629014
1295701164445638657,negative,1.2538321030308127e-05
1295701165989134337,negative,0.06755976209626206
1295701166437863424,negative,0.0014468252190270284
1295701166958018560,neutral,0.5781374782041273
1295701167599689729,negative,0.1774271951655384
1295701167717126144,neutral,0.49789225920557484
1295701167792705538,negative,0.051006876849169186
1295701168031764482,negative,0.12601313751072224
1295701168455405568,positive,0.7633739916865402
1295701170418311175,negative,0.05738731705847255
1295701170451865604,negative,0.15963785849838982
1295701171009716224,negative,0.041817059661361594
1295701171227766784,neutral,0.4701709802589398
1295701171483672577,neutral,0.6332495132930598
1295701172586778624,negative,0.12601313751072224
1295701172599296009,negative,0.12601313751072224
1295701172645515264,negative,0.001656845473644602
1295701172901289984,negative,0.29797611903559484
1295701174637727745,negative,0.008642642339327173
1295701174679633920,negative,0.004454287704540177
1295701175405285379,negative,0.06991463827584632
1295701175673802752,negative,0.007343657485279151
1295701177137532928,negative,9.38209634834186e-05
1295701177464651777,negative,0.23649811240819985
1295701177875812353,negative,0.004416702620394086
1295701179025031169,negative,0.00048153688509019175
1295701179754848545,negative,0.0002942534797455275
1295701180224544770,negative,1.1348646546172356e-07
1295701180304125952,negative,0.0027409475494784875
1295701180446908416,negative,0.09615957085032137
1295701180505620480,negative,5.4577178615828465e-09
1295701180530733057,negative,0.223824790215799
1295701180782387200,negative,0.01120386734110865
1295701181549903872,positive,0.9314086650720714
1295701181835091968,negative,4.343020654935028e-05
1295701181902336002,negative,0.12601313751072224
1295701183240245250,negative,0.01120386734110865
1295701184364380161,negative,0.014640049545214298
1295701184498618368,negative,0.0015279979606158424
1295701185417097216,negative,9.781340279950318e-10
1295701185626877953,negative,0.011151595823809033
1295701185916174336,negative,3.21028632668259e-06
1295701188122415108,negative,0.30379953231473333
1295701188273475590,negative,0.0002950035274722003
1295701188621598720,negative,4.169541059454128e-05
1295701188961280000,negative,0.0008808794605629489
1295701189137506304,negative,1.0987980960836639e-07
1295701189724721156,negative,0.017433291201978743
1295701189808488453,negative,0.21388805851129672
1295701189837946887,negative,6.762920273985079e-05
1295701190278348806,negative,0.12621657916482057
1295701191696035843,negative,0.0020834233869462602
1295701192035708928,negative,0.0005207109971164184
1295701192689872896,positive,0.8333743629306546
1295701192752926720,negative,0.12601313751072224
1295701192799133697,negative,0.05738731705847255
1295701192992055296,neutral,0.5916122031609724
1295701193268891648,negative,0.12601313751072224
1295701193923141632,positive,0.8050357591492134
1295701193952497664,negative,0.019901934905204827
1295701195743428610,negative,0.004067088567366696
1295701195911290882,negative,0.0005960794063345932
1295701196037070848,negative,0.0012115498855216368
1295701197391790081,negative,0.0026362244038887527
1295701197970710529,negative,0.00432973159051788
1295701198239141889,negative,0.12601313751072224
1295701199824596994,negative,0.07078173773517611
1295701199937851392,negative,0.29797611903559484
1295701200684355585,negative,0.08230837924276745
1295701201133109248,negative,3.0383648045500658e-05
1295701201200308224,negative,0.05738731705847255
1295701201858813952,negative,0.0009645445931260158
1295701202051702787,negative,0.02822094203664138
1295701204077621248,positive,0.6667640060523197
1295701204295720960,negative,0.00012803279689314805
1295701204870344704,negative,0.31701735850687385
1295701204907876352,negative,0.002146950423868548
1295701204970938376,negative,0.010973737627005728
1295701205268795392,negative,0.2772512134771602
1295701205293858823,negative,0.0012115498855216368
1295701205444890624,negative,0.00012038028400046699
1295701208188039168,negative,0.002071801020451283
1295701208427003905,negative,0.12601313751072224
1295701208498417675,negative,6.348149846668277e-07
1295701208863301632,negative,1.581835562124807e-06
1295701209060450305,negative,0.02140547128081953
1295701209295343616,negative,0.12601313751072224
1295701209702109185,negative,0.24500693233036186
1295701212692656128,negative,0.03957686157108606
1295701212894056448,negative,0.29582454456271506
1295701213179240448,negative,0.00022528143995211494
1295701213195927552,negative,0.001544134217589443
1295701213460209664,negative,0.17597614608178105
1295701213502042114,negative,0.0009309096130113586
1295701213657341953,positive,0.9477995601449292
1295701213850341376,negative,0.11071018408393729
1295701214542401537,negative,0.044051357276136495
1295701214685003776,negative,0.003802063160635881
1295701214831751170,negative,0.011151595823809033
1295701214869553153,neutral,0.4606343025343602
1295701216660525057,negative,0.12601313751072224
1295701216736018433,negative,2.7033851862317228e-05
1295701216891211783,positive,0.8050357591492134
1295701217390276609,negative,0.21924840240667573
1295701218245980161,neutral,0.5942121410070551
1295701219315535872,negative,0.02132099595582579
1295701220963815424,negative,0.18094324976541132
1295701221215539201,negative,0.028290565578201855
1295701221387448320,positive,0.9972523236788144
1295701221446225920,negative,0.13843674871192435
1295701222100553728,negative,0.0451367204794381
1295701222234771459,neutral,0.3403391890910929
1295701222289285120,negative,0.0075130361079723046
1295701222729699332,negative,0.05802606271412302
1295701222947790850,negative,0.12601313751072224
1295701223128084481,negative,0.0006893139723907056
1295701225099468800,negative,6.0880798353042644e-05
1295701225363701765,neutral,0.5798488390287853
1295701225757974528,negative,0.00031364293548161875
1295701227393646599,negative,7.752480450362732e-06
1295701229985828865,negative,0.03798189394405064
1295701230082297857,negative,0.04492077097196007
1295701230157803521,negative,0.13216781798733543
1295701230845677570,negative,0.12601313751072224
1295701232112328704,positive,0.9998639034999872
1295701232129114112,neutral,0.5374478655040366
1295701233446072321,positive,0.9806432432293448
1295701233789960192,negative,0.058527571783466986
1295701233920086018,negative,0.14134167714666668
1295701235190960128,positive,0.8050357591492134
1295701235308408833,negative,0.0005207109971164184
1295701235341955073,positive,0.8235461092081185
1295701235463524358,negative,9.193750228609752e-06
1295701235622793216,positive,0.8794406044106642
1295701235870453760,negative,3.750265800303984e-05
1295701235945869313,neutral,0.36728291019967485
1295701237543952385,negative,0.30379953231473333
1295701237665595393,negative,0.003943674035197141
1295701237774659584,negative,0.2708293019848785
1295701237858553856,negative,0.14134167714666668
1295701238378635268,negative,6.0880798353042644e-05
1295701238412201984,neutral,0.3534575539115691
1295701238684803074,neutral,0.5730983061923911
1295701239523614722,negative,0.046803272166911075
1295701239620141057,negative,3.4983728083544264e-06
1295701239636922369,negative,0.04350140218881862
1295701242275078147,neutral,0.37088021211927064
1295701242988187648,negative,0.019901934905204827
1295701243478921216,negative,0.20348124742185403
1295701243566923779,negative,1.4976252542140145e-06
1295701243944370177,neutral,0.5984344893392325
1295701244179292161,negative,0.19426515223239724
1295701244275822593,negative,0.036536035747536166
1295701246343618562,negative,0.003802063160635881
1295701246485991425,negative,2.7576915926557836e-05
1295701246771331072,negative,0.07395783118461632
1295701247434031106,negative,0.0008858895329875235
1295701248491040768,negative,0.23547395389090442
1295701251498430465,negative,0.14563326782687172
1295701251787755521,negative,0.018208962661737937
1295701252752449536,neutral,0.5374478655040366
1295701254451204096,negative,0.02132099595582579
1295701254568644613,neutral,0.3306646816629014
1295701255038345218,negative,0.03467402380642028
1295701256548364289,positive,0.720790058269022
1295701256586108934,negative,0.0001256133254636323
1295701258565754883,negative,0.11591121074334354
1295701258800640001,negative,2.665572641725681e-07
1295701258834083840,negative,0.1235588209986826
1295701259840884737,negative,1.6536516604202022e-05
1295701259912192001,negative,0.03649338885541975
1295701260205789184,negative,0.01325874942621394
1295701261166280704,negative,0.03136826286264977
1295701261208162304,positive,0.9806432432293448
1295701262944677889,negative,0.014513165668622655
1295701263187943425,neutral,0.3548197978156619
1295701263544352768,negative,0.0015645295878872025
1295701264102232064,negative,0.0012188937371317415
1295701264827899904,negative,0.16555727204251808
1295701265008254979,negative,0.0037007295488750373
1295701265163444225,negative,0.010395068368878893
1295701265448673280,negative,0.0002517534570012827
1295701265519751169,negative,0.010332653681365602
1295701267415732229,negative,8.638042557106889e-05
1295701267579314177,negative,0.00937851268629789
1295701267751280640,negative,0.003802063160635881
1295701268397268995,negative,0.0009523254789268912
1295701268560830469,negative,0.12147479776778125
1295701268812316672,negative,4.682273372994527e-06
1295701269231828992,negative,0.04344417466732126
1295701269286465536,negative,0.13606575801019669
1295701271568056326,negative,0.03957686157108606
1295701271975006210,negative,0.0360502228252605
1295701271979098113,neutral,0.34760070234981894
1295701272327335936,positive,0.7004954268488085
1295701272419545089,negative,0.00013367307618995293
1295701272637648896,negative,0.035090273930714275
1295701272692232192,negative,0.01120386734110865
1295701272729989120,negative,0.12601313751072224
1295701273547886601,negative,0.10812875154707496
1295701276324515845,negative,1.2260218084425552e-10
1295701276550926337,negative,0.12601313751072224
1295701276936863744,negative,0.012419790603222621
1295701278270590977,negative,0.05738731705847255
1295701278580977664,negative,9.38209634834186e-05
1295701279352786944,negative,2.2699210454158176e-08
1295701279734407168,negative,0.07071643892574678
1295701280124534785,negative,0.044051357276136495
1295701280908861442,negative,0.001275494760618546
1295701280963297280,negative,0.14459291354362255
1295701281097633793,negative,0.025295327990385346
1295701281139576835,negative,0.003802063160635881
1295701281647005697,negative,7.098665514213687e-06
1295701284377460738,negative,0.3266123976931018
1295701284692070401,negative,0.0007269656096117753
1295701285497384960,negative,0.03957686157108606
1295701285648445440,negative,0.0913965511269122
1295701285686173696,negative,0.22035441222533647
1295701285916815360,negative,0.12601313751072224
1295701286395031553,negative,0.0015815792516131937
1295701286743085058,negative,0.16555727204251808
1295701287879749632,negative,0.0033714710865123776
1295701288097910787,negative,0.14188849800062234
1295701288202706944,neutral,0.5734576952979002
1295701288244609025,negative,0.012794336949919475
1295701288370479105,negative,0.00014734438357912638
1295701288659886080,negative,0.14134167714666668
1295701288932519938,neutral,0.5496678701602578
1295701289226121216,negative,3.2160882934106506e-08
1295701289880428545,negative,0.014565856579543644
1295701290190876677,negative,0.22483527294323674
1295701292644524033,negative,0.03395592609093516
1295701293034549248,negative,0.03957686157108606
1295701293047197698,negative,0.02751863207690502
1295701293231636481,negative,0.12601313751072224
1295701293562920961,neutral,0.49789225920557484
1295701294313857025,negative,0.12601313751072224
1295701296658489344,negative,0.12601313751072224
1295701296754896897,negative,0.14134167714666668
1295701296960462848,negative,0.004971651514473209
1295701297035976707,negative,0.04731128352729005
1295701297979699200,negative,0.00010105005016432953
1295701298042544130,positive,0.737891894730551
1295701298159988737,negative,0.00024621912790476246
1295701298457841664,negative,0.017734580445853527
1295701298541600768,neutral,0.49789225920557484
1295701299070144515,negative,1.8088188086353651e-06
1295701299078615042,negative,0.0009309096130113586
1295701301246996483,negative,0.216175930299806
1295701301494525952,negative,0.03957686157108606
1295701303193149440,positive,0.7004954268488085
1295701303373508608,negative,4.942974956202568e-09
1295701305172918273,negative,0.30531022540914704
1295701305273528326,negative,0.05738731705847255
1295701305336315905,negative,0.013428396646316287
1295701305760141312,neutral,0.38006962912221015
1295701305898532864,negative,0.0077498523184918134
1295701307207159813,negative,1.6395967586671367e-05
1295701309367214080,negative,0.09630364926261731
1295701309849567238,negative,0.03135431427877863
1295701312190009350,negative,0.0006034492095579572
1295701312370364421,negative,8.136896712515652e-06
1295701312991092739,negative,0.04345933970093323
1295701313108488192,negative,0.0001553411680709392
1295701313708331009,neutral,0.3306646816629014
1295701313758650369,negative,0.00665350499399325
1295701314836594688,negative,0.1320054398652975
1295701315243388928,negative,0.05738731705847255
1295701317546115072,negative,0.2820386637943614
1295701317927800832,positive,0.8446963384289382
1295701317990719489,negative,0.2744525977553315
1295701318905069573,negative,9.660883291128288e-06
1295701319651602434,negative,0.14134167714666668
1295701319831957504,negative,0.05784351897484676
1295701320226275328,positive,0.9804244454961873
1295701322193395714,neutral,0.34051700113278244
1295701322327642116,negative,0.14663503670783323
1295701322365317120,positive,0.9108092757545855
1295701322801586178,negative,0.016461640321718846
1295701323405459457,neutral,0.38873187439183277
1295701323422343168,neutral,0.3849617405241192
1295701323648774147,negative,0.12601313751072224
1295701323816546307,negative,0.14134167714666668
1295701325636874240,negative,0.31387462782038605
1295701326102441984,negative,0.25049065976474133
1295701326123479042,negative,0.01187539733212953
1295701326421262338,positive,0.7768416747003144
1295701326622535680,negative,0.14134167714666668
1295701326635192327,negative,0.0430101816775751
1295701326937153537,negative,2.3101878437912964e-05
1295701327020949504,negative,0.001666204377815562
1295701327184617472,negative,0.07071643892574678
1295701329784995846,negative,0.015033148138637454
1295701330674229249,negative,0.11914007682297054
1295701331097923585,negative,0.02946476250690468
1295701331169161217,negative,0.11591685326288977
1295701331827740674,negative,5.202283895135449e-06
1295701334335856640,negative,0.21501133051973173
1295701335158018049,negative,0.04137605284192735
1295701335900397570,negative,0.14134167714666668
1295701336151986176,negative,0.08755118420002257
1295701336185544706,negative,0.11632382128781965
1295701337703940096,negative,3.0829474649141323e-07
1295701338957983744,negative,0.18194624690194738
1295701339113164802,negative,0.0012567374563335692
1295701339482324994,negative,0.01785347011195913
1295701340631564288,negative,0.004053118679355682
1295701340648345600,negative,4.066699984284529e-06
1295701343286505474,negative,0.002141626713702949
1295701343445889026,positive,0.7138331313084844
1295701343760515072,positive,0.7509082171332925
1295701343781490696,negative,3.2072656750524745e-07
1295701347325575168,negative,0.04268449053750011
1295701348856532998,negative,0.0005128217199136295
1295701349057867776,negative,3.25722101444236e-05
1295701350630797313,neutral,0.49789225920557484
1295701350823546881,negative,3.518617776200729e-11
1295701351062745090,negative,0.3045024688943347
1295701351280906241,negative,0.02593739630268229
1295701351452868611,negative,0.30039595013784837
1295701351662485504,negative,0.0005707288715266583
1295701351717101574,neutral,0.3306646816629014
1295701352174301186,negative,0.25049065976474133
1295701352308449280,neutral,0.4356450476579255
1295701352350351360,negative,0.004316169404615848
1295701352543211520,positive,0.9804244454961873
1295701355181543433,negative,0.0016591513617213523
1295701355227754496,negative,0.004527385293584545
1295701355324153858,negative,0.019901934905204827
1295701355772903425,negative,0.10009065629389999
1295701356460875777,neutral,0.5808741501827569
1295701356758564864,negative,0.0012115498855216368
1295701356959997952,negative,0.04509318218745842
1295701357303914496,negative,0.004316169404615848
1295701357656264704,negative,0.0001631320351968574
1295701357660266496,negative,0.08007641557858117
1295701359736520704,negative,0.010411260158299728
1295701361296900100,negative,0.005326450934108083
1295701361359814656,negative,0.03329967069360357
1295701361473069057,negative,0.12601313751072224
1295701363406655488,positive,0.7757378803001985
1295701363469496321,negative,0.10089289487434884
1295701363872202754,neutral,0.5374478655040366
1295701363981156354,negative,0.0009287027794115018
1295701364677455872,negative,0.03957686157108606
1295701364853571584,negative,0.0014881045222610214
1295701364945780740,negative,0.0036251416870371027
1295701367676436480,negative,0.0004944761195631106
1295701368083275776,negative,0.03957686157108606
1295701368586604544,negative,0.14134167714666668
1295701369152835584,negative,0.18144567890380014
1295701369291235328,negative,0.3259054042899628
1295701369521922050,negative,0.014680187541276389
1295701369979101184,negative,0.14584452856897914
1295701370230767616,negative,0.0021433954446389053
1295701371807764482,negative,1.4970088389922924e-06
1295701371946242049,negative,8.316289550811959e-05
1295701372147384322,negative,0.1837859889002491
1295701372147466243,negative,1.6020995520848828e-11
1295701372176916482,negative,3.25722101444236e-05
1295701372957085696,negative,0.224946239150142
1295701373149941760,negative,0.1765582402253739
1295701373674291200,negative,0.06158823020616898
1295701376694018048,negative,0.09421732100141891
1295701376815837187,negative,5.7498233607894995e-06
1295701376820019200,neutral,0.5496678701602578
1295701377524682753,negative,0.050130639512711885
1295701378350878723,negative,0.004887309438639639
1295701378409598978,negative,0.1676419035052938
1295701379797921792,negative,0.048725176778448086
1295701380540141568,negative,8.657684844413725e-05
1295701381614129153,negative,0.0002950035274722003
1295701382213894151,negative,3.799721269451345e-05
1295701382553534469,negative,1.4976252542140145e-06
1295701385049182208,neutral,0.5017543432377519
1295701385145614337,negative,0.3045024688943347
1295701386861195264,negative,0.007298586742174468
1295701387112787968,negative,0.05738731705847255
1295701387179888643,negative,0.29354048216691747
1295701388761145344,negative,0.0014160218830689929
1295701389910462464,negative,0.17573154551332273
1295701390300454918,negative,0.001544134217589443
1295701390325579778,negative,0.05981201577321722
1295701393051914240,negative,0.012997222388158333
1295701393056112640,negative,4.041716790309641e-08
1295701393286860800,neutral,0.49789225920557484
1295701393379078145,negative,0.06227944565466594
1295701393983057922,negative,0.07767214368396072
1295701394993876992,negative,0.01424290722706815
1295701395019108354,neutral,0.4332388422326355
1295701395123908608,negative,0.05738731705847255
1295701395316846593,neutral,0.598761709661316
1295701395321102337,negative,0.04887889205048961
1295701395388149760,negative,0.0014991064985701722
1295701397405655041,negative,0.14234980215043655
1295701398483603456,negative,1.6300681840103711e-06
1295701398630408194,negative,0.011577013803850641
1295701398638727168,negative,0.00019011850437924497
1295701398986924032,negative,0.0012115498855216368
1295701399301431296,negative,0.02132099595582579
1295701399305625600,negative,0.0001274368016722976
1295701402027732993,negative,0.00022528143995211494
1295701402027806721,negative,0.0002047870926257499
1295701402442960902,neutral,0.3306646816629014
1295701402648547329,negative,0.0451367204794381
1295701403235647490,negative,0.12601313751072224
1295701403432890370,negative,0.012035425318508436
1295701403508318217,negative,0.05738731705847255
1295701405416722432,negative,4.8863619622372666e-08
1295701405454471170,negative,0.12601313751072224
1295701405454553088,negative,0.0016305616583832613
1295701405815234562,negative,8.876957217897358e-05
1295701406226231297,negative,0.12601313751072224
1295701406784118789,neutral,0.4507454498615163
1295701407119675397,negative,0.1338027825088857
1295701409787248641,negative,0.10459830546158512
1295701410063974402,negative,0.28834416450020467
1295701410454081536,neutral,0.3519088509504407
1295701410491891717,negative,0.0037007295488750373
1295701411183898630,negative,0.009700250340142443
1295701412047978497,negative,0.013272222674256812
1295701413885026305,negative,0.05738731705847255
1295701414111522822,negative,0.0009287027794115018
1295701414254182400,negative,0.009274926321509516
1295701414421893121,negative,0.05738731705847255
1295701414954573824,negative,0.13449786664433144
1295701415097241601,negative,0.01325874942621394
1295701415223078912,negative,0.02132099595582579
1295701415369887745,neutral,0.438658726745286
1295701415969660928,negative,0.0957809096683921
1295701418121334784,negative,0.0012115498855216368
1295701418691657735,negative,0.00022528143995211494
1295701418721136640,negative,1.0692763932430527e-07
1295701418788245504,negative,0.004053118679355682
1295701419023052802,negative,0.0004498087860835411
1295701419077632000,negative,0.12601313751072224
1295701419421511688,negative,0.0003322186684299346
1295701419505389569,negative,0.0012500889182947047
1295701419773788163,negative,0.005235217316859674
1295701420478521347,negative,0.019014702882922403
1295701423070629893,negative,0.012723223352748777
1295701423544569856,neutral,0.44515666723971453
1295701425041870849,negative,0.004867318553551363
1295701425180246016,negative,0.005326450934108083
1295701426610593793,negative,0.14543637996644476
1295701426941943808,negative,0.000584355353193028
1295701427248144386,negative,0.01785347011195913
1295701427269128192,negative,5.061322504724672e-06
1295701427394928651,negative,0.23649811240819985
1295701427533361152,negative,0.024259826599283975
1295701428061822977,negative,0.024405456238622735
1295701428154105859,negative,0.16555727204251808
1295701430796525574,negative,1.4976252542140145e-06
1295701431719165953,negative,0.0007823891039954046
1295701432130252800,neutral,0.33814765817941306
1295701432658726912,negative,0.05738731705847255
1295701433153716229,negative,0.017873703685411687
1295701433266974721,neutral,0.4635476503877262
1295701434915344385,negative,0.25156142778727386
1295701435498270721,negative,0.0026362244038887527
1295701435875721216,negative,0.10331154162595245
1295701436282658816,negative,0.05738731705847255
1295701436446236672,negative,0.024405456238622735
1295701436865613824,positive,0.8346558767455667
1295701437217996800,negative,0.2707934526211621
1295701439059304448,positive,0.979643252197411
1295701439260569600,negative,0.11525489130707059
1295701439797506048,negative,0.12601313751072224
1295701440015536130,negative,0.12601313751072224
1295701440376246273,negative,0.27080060817883433
1295701441395462146,negative,0.14134167714666668
1295701441554911232,negative,0.00015418114742954595
1295701441739476993,negative,0.13449786664433144
1295701441777225728,negative,0.0014369776008505092
1295701443345879040,negative,0.12601313751072224
1295701444574814208,negative,0.16570650787474484
1295701444826468352,neutral,0.49789225920557484
1295701444847378434,negative,0.051006876849169186
1295701444860010496,negative,0.2168202942248393
1295701445254230018,neutral,0.33807386773035203
1295701445489176576,negative,0.004346223592228677
1295701445665267715,negative,0.012021786064087958
1295701445891764225,negative,4.7725863640674466e-05
1295701447665909761,negative,0.2973157069492889
1295701448316125186,negative,5.513422305036724e-10
1295701449029095426,negative,0.012169857429332064
1295701451772252160,negative,6.70419410806416e-08
1295701452573286401,negative,1.6514342004335796e-05
1295701452707393536,negative,0.06901284341561151
1295701452967510016,negative,0.012395618865407595
1295701453424807937,negative,0.033280093885533685
1295701453869383681,negative,0.008900575788219747
1295701454074851328,neutral,0.6481047819886991
1295701454502625285,negative,0.0004694701186649952
1295701454750199808,negative,0.12601313751072224
1295701455916142594,negative,0.003831908090516488
1295701455949762560,negative,0.1827142778606109
1295701456125931520,negative,0.21133496187376993
1295701458386649088,negative,0.0003089014287048036
1295701458441179136,neutral,0.4238358781355068
1295701458965475328,negative,0.02431893794084675
1295701459032580096,neutral,0.46127768308170247
1295701460613832704,negative,0.019901934905204827
1295701460685074432,negative,0.23649811240819985
1295701460831936512,negative,0.0010603808235818129
1295701460844523520,neutral,0.5949070813344741
1295701461502963714,negative,0.014808859151106236
1295701461561675778,positive,0.9428688322929487
1295701461620449286,negative,0.12601313751072224
1295701464615129089,negative,0.05738731705847255
1295701465768615941,negative,0.004416702620394086
1295701466053844992,negative,0.06648983850325393
1295701466376810496,negative,0.00010105005016432953
1295701466880135169,negative,0.011893272659997973
1295701468478164992,negative,0.07297986551897258
1295701468603772934,negative,9.676601633881699e-05
1295701468616548352,negative,1.6395967586671367e-05
1295701469077929986,positive,0.9526262896570548
1295701469404868609,negative,0.003802063160635881
1295701469728067584,negative,0.00019307054678449037
1295701469908410369,neutral,0.5808741501827569
1295701470407532544,negative,0.0014695500878427127
1295701470684286976,negative,0.2382669582645585
1295701470776627200,negative,0.1329588641245441
1295701472550834176,negative,0.048725176778448086
1295701472798285825,negative,0.13546229491292247
1295701472819195904,positive,0.9968915763573204
1295701473096065025,negative,0.004637588544408518
1295701473964236800,neutral,0.35948143253622666
1295701474668875776,negative,1.1990717767944554e-05
1295701474736054272,negative,0.13525490667202433
1295701474819874816,negative,0.051006876849169186
1295701475381981184,negative,0.317955616456911
1295701476178722816,negative,1.2745409387489824e-05
1295701476803850241,negative,3.799721269451345e-05
1295701477176954880,negative,0.000289267935928079
1295701477814566913,negative,0.08848590792333066
1295701478523445249,negative,0.09345127919795126
1295701479051759618,negative,9.509058976623144e-05
1295701479169429504,negative,0.02132099595582579
1295701479219585027,negative,0.01120386734110865
1295701479307841538,negative,0.03405603245569175
1295701480926846977,negative,0.0004692367915139291
1295701481694408709,negative,0.12601313751072224
1295701481883086848,positive,0.9526262896570548
1295701482164166656,negative,0.003802063160635881
1295701482201899009,negative,5.6955588109608626e-05
1295701482386399234,negative,0.12601313751072224
1295701482482868224,positive,0.873246530677918
1295701482797490179,negative,3.4142032707956385e-05
1295701483309105152,negative,0.0020834233869462602
1295701483472723970,negative,0.0315061214645871
1295701485473406976,negative,0.012276931748700592
1295701486257790979,negative,0.2980444231796271
1295701486467522561,negative,0.16102526123781008
1295701486660456451,negative,9.947872153978718e-07
1295701486857584640,negative,0.17492817669194513
1295701487209897984,negative,0.05738731705847255
1295701489004969985,negative,0.07282554415211821
1295701489193832448,negative,2.193380771801874e-06
1295701489470636032,negative,0.12601313751072224
1295701489671839746,negative,0.08755118420002257
1295701489768378370,neutral,0.40563738538026817
1295701490380791808,negative,0.046735139746711105
1295701490598850561,negative,1.0692763932430527e-07
1295701490749845504,negative,0.025547152832269385
1295701491345428481,negative,0.003912612157524201
1295701491366236166,positive,0.9838808733753349
1295701491400024067,positive,0.8176825656625525
1295701493501145092,negative,0.1837859889002491
1295701493551714308,negative,0.001780359346398392
1295701493744533505,negative,0.20411779826786672
1295701493841043457,negative,1.0987980960836639e-07
1295701494776262657,negative,0.06864770026159162
1295701494898073603,negative,0.0018657919984342661
1295701494931562501,negative,0.004530693627144355
1295701494944104450,negative,0.21809620433863244
1295701495283953664,positive,0.8050357591492134
1295701495405584385,neutral,0.5374478655040366
1295701497716641793,negative,0.040315318011619375
1295701498236735489,negative,1.8840379311167181e-06
1295701498387730433,neutral,0.6399530047542765
1295701499113283584,negative,0.037099243400016
1295701499167879170,negative,0.06357050021962195
1295701499306287106,negative,0.09116861264378451
1295701499557879808,negative,0.04895071479842341
1295701500493209600,negative,1.3245331514209591e-09
1295701500547792898,negative,0.0019761901574922207
1295701500736540673,negative,0.000289267935928079
1295701502242291712,negative,0.025054689733965654
1295701502267469824,positive,0.9886442611031434
1295701502607208449,negative,1.1023893358902155e-06
1295701502640652288,negative,0.05161710795964821
1295701502741405697,negative,0.05738731705847255
1295701503794130951,negative,0.00018723491660310704
1295701506243678208,neutral,0.4943381908514621
1295701506428153856,negative,0.05738731705847255
1295701506784550912,negative,1.9446043974014125e-06
1295701507736776704,negative,0.12601313751072224
1295701508080766976,negative,0.05498892973564985
1295701508290498560,negative,0.02132099595582579
1295701508873424897,negative,0.23972773971202263
1295701510140170246,negative,0.1231060654687777
1295701510219796481,negative,0.12601313751072224
1295701512212054016,negative,0.007419352696687112
1295701512929325056,negative,0.0032533681489490627
1295701514497986565,negative,1.0987980960836639e-07
1295701514854391809,negative,0.0002047870926257499
1295701515043307526,negative,1.7388202297334998e-10
1295701515970150407,negative,0.04390723788887525
1295701516138024963,neutral,0.4434110417940897
1295701517484400640,negative,0.0962348084370183
1295701518914654214,negative,0.010702186785435842
1295701518977568769,negative,0.0904968925215997
1295701520269422592,negative,0.05290935476778606
1295701520432934913,negative,7.098665514213687e-06
1295701521020022786,negative,0.003802063160635881
1295701521636700161,negative,6.828803244538647e-06
1295701521645133824,negative,0.001275494760618546
1295701523050180609,negative,0.009247246998905403
1295701523268280320,negative,0.001005457773570323
1295701523595513858,neutral,0.5374478655040366
1295701523696177153,negative,0.014505346317536942
1295701524241317888,negative,7.4130118732769995e-06
1295701524539215872,negative,0.0252434010701363
1295701524845416451,negative,0.08467181435203253
1295701525289893888,negative,0.0012115498855216368
1295701527408123911,negative,5.111368285884734e-07
1295701527596761088,negative,7.063659127694115e-05
1295701527928221697,negative,1.3392270983605206e-12
1295701528041357315,negative,0.00015346569853918462
1295701528427270145,negative,1.2757890402500061e-11
1295701528439926785,negative,0.12601313751072224
1295701528896995328,negative,0.18286116381631745
1295701528922161154,negative,8.418688190818232e-05
1295701528922202112,negative,3.750265800303984e-05
1295701529392029698,positive,0.7373398950797994
1295701529614327810,negative,0.0008772208291450215
1295701529870184450,negative,0.0004692367915139291
1295701531308830720,negative,0.057428806687619995
1295701531455623171,negative,6.28719854807979e-10
1295701531455627267,negative,0.0912419989075133
1295701531954642951,negative,3.097665167353643e-11
1295701532185366532,negative,0.04137605284192735
1295701533515022336,negative,9.830444297588753e-07
1295701535654117376,neutral,0.5031820744633436
1295701535771557889,negative,0.020648180998639198
1295701535842869251,negative,0.29899091140080736
1295701536186740739,negative,0.12012677634258584
1295701536887144448,negative,0.008551744862496442
1295701537193328641,negative,0.006631638814742494
1295701537386385409,negative,0.019901934905204827
1295701537449283588,negative,0.12601313751072224
1295701540112662528,negative,0.11594547425212554
1295701540167208961,negative,2.1181411142961016e-11
1295701540787888129,negative,0.00015346569853918462
1295701540859252736,negative,0.003710235310356641
1295701541014339587,negative,7.318982683707075e-10
1295701541605855233,negative,0.00015868043950221936
1295701543824621569,negative,0.12601313751072224
1295701543866466311,positive,0.9968915763573204
1295701544076218368,negative,3.750265800303984e-05
1295701544172650496,neutral,0.49789225920557484
1295701544759898117,negative,0.04137605284192735
1295701545556869122,negative,7.460013738416291e-08
1295701547758870528,negative,4.067491670000835e-06
1295701548442488832,negative,0.0006260722908331271
1295701548740345857,negative,3.844253723707565e-06
1295701548924796934,negative,2.653005745376416e-07
1295701551995146241,negative,1.5526569792916822e-06
1295701552313905156,neutral,0.5112162807618442
1295701552557105153,negative,0.08161158602374756
1295701553064615938,negative,0.0058388436098443216
1295701553098219522,negative,0.15814967988239612
1295701553794420736,negative,0.0004498087860835411
1295701553882464256,neutral,0.5250805653067436
1295701553970655232,negative,0.29354048216691747
1295701554306195457,negative,0.004593184355443902
1295701556504002561,negative,0.007591317805073408
1295701557024104449,negative,0.00033147708280829646
1295701557057654789,negative,0.00022824862617855718
1295701557732876288,negative,0.03424677648972107
1295701557846200320,negative,0.006273714697008861
1295701558563414016,positive,0.9929480483723953
1295701561625268225,negative,0.006100314913498225
1295701561981771777,negative,0.06903912724250526
1295701562065641474,positive,0.8438037279628701
1295701562195664898,negative,0.0012115498855216368
1295701562640216064,negative,0.32381450248514176
1295701562866769920,negative,0.1336690851601187
1295701563051249664,negative,0.12601313751072224
1295701563051331591,negative,0.029250765732278215
1295701563651096577,negative,0.13216781798733543
1295701564955426817,negative,0.004416702620394086
1295701565135880193,negative,0.29269589891569664
1295701565450354691,neutral,0.4660256414457958
1295701565962096640,negative,0.024995172964861385
1295701566062813184,neutral,0.5923783866986081
1295701566113095680,negative,0.0007516808755897104
1295701566423552003,negative,0.0002568825722987905
1295701566587101189,negative,0.004039004660375705
1295701566662610945,negative,0.24394694285754756
1295701566960345091,negative,0.0009309096130113586
1295701567165865984,negative,0.013058853043038788
1295701567165927424,negative,0.009685376192504381
1295701567207866371,negative,0.05738731705847255
1295701567237234692,negative,0.06356046529431894
1295701569128849408,negative,0.025380238748366014
1295701570114519040,negative,0.04040393495697268
1295701570596868096,positive,0.978342543989653
1295701570689159174,neutral,0.42755866745518784
1295701571192397824,negative,0.0005207109971164184
1295701573843193858,negative,0.0023101027910052384
1295701574107435008,negative,0.12601313751072224
1295701574426284033,negative,0.3045024688943347
1295701574577205249,negative,0.00029047996111520203
1295701574665330690,negative,0.03571676021038281
1295701575357399045,negative,0.0001631320351968574
1295701575420260353,negative,0.05839158031027112
1295701577479720960,negative,0.0075130361079723046
1295701577798426626,negative,0.0004930985307503336
1295701578008207360,negative,0.0014759673238762692
1295701578196955140,negative,0.05774420246377149
1295701578620567552,negative,0.0016067340020926525
1295701578721132546,negative,0.004316169404615848
1295701578834481155,neutral,0.3306646816629014
1295701579891441665,negative,0.05738731705847255
1295701581543874561,negative,0.019901934905204827
1295701582428938241,neutral,0.5374478655040366
1295701583305551872,negative,0.23793590964624936
1295701583385288706,negative,0.03699453695121213
1295701583909523462,negative,9.846850403442484e-14
1295701584123494400,negative,0.039869143792605616
1295701584156995585,negative,0.009104948187989991
1295701586656796672,negative,0.12601313751072224
1295701588380721152,negative,0.044051357276136495
1295701588670132224,negative,0.14069547125864923
1295701588821106689,negative,0.14134167714666668
1295701588913336320,negative,0.09047647766927394
1295701589265711105,negative,0.06743379203389437
1295701589265715200,negative,8.475823843348031e-08
1295701590066835457,negative,0.12601313751072224
1295701590377140224,negative,0.054676618627942444
1295701590385364994,negative,0.00010105005016432953
1295701590914072579,positive,0.6766474375860276
1295701591123787777,negative,0.05802606271412302
1295701591287267328,negative,0.0004704218188378972
1295701591656472577,neutral,0.45725346224288027
1295701592004538369,negative,1.0692763932430527e-07
1295701592340037633,negative,0.12601313751072224
1295701592965091328,negative,3.149228221673432e-05
1295701594596675586,negative,0.05738731705847255
1295701594957393920,negative,0.30560457368108324
1295701595557171203,positive,0.7264240096332016
1295701595771084801,negative,0.1734407740512881
1295701595800428547,negative,0.0005207109971164184
1295701596106559489,negative,0.004316169404615848
1295701596144316422,negative,0.0600101272615417
1295701596215508996,negative,0.0005207109971164184
1295701599269117953,negative,0.21501133051973173
1295701599801749504,negative,0.0017044512010052923
1295701600049274881,negative,0.09345127919795126
1295701600258924545,negative,0.004463259077525686
1295701600577753088,negative,0.18958107230408167
1295701600758095872,negative,0.12601313751072224
1295701601156562945,negative,0.0033491334424365993
1295701601382993924,positive,0.7004954268488085
1295701602825838595,negative,0.12601313751072224
1295701602926497793,negative,0.04218099015373801
1295701603333410816,negative,0.18643017604289752
1295701603375292416,positive,0.9998668915989786
1295701603610238976,negative,0.004416702620394086
1295701603627016194,positive,0.9988662668583811
1295701603727679493,negative,0.10396600402265237
1295701603761164295,negative,0.047961575329687964
1295701604310581248,negative,0.0002558449684558966
1295701606764249089,neutral,0.5152685453022815
1295701606810492939,negative,0.004416702620394086
1295701607255027714,negative,0.0028464838235345608
1295701607309545473,negative,0.026586864138117915
1295701609008082944,negative,0.0016576778712567043
1295701611050930176,negative,0.004514059826731378
1295701611067641856,neutral,0.3584898234887463
1295701611407343616,negative,0.024405456238622735
1295701612065894400,negative,0.019901934905204827
1295701612376346625,positive,0.6634808066654354
1295701612422471680,negative,0.03805340520787331
1295701612787376129,negative,7.098665514213687e-06
1295701615287177217,negative,0.010946466949005262
1295701615941476358,negative,0.00010688505663777812
1295701616155271175,negative,0.03915503885856705
1295701617203974144,negative,0.014808859151106236
1295701617585672193,neutral,0.3862472892004197
1295701619510784001,negative,0.007918300100812512
1295701619611447296,negative,0.00022528143995211494
1295701619846393857,negative,0.02358419966221674
1295701620362227712,negative,0.00024990225607980117
1295701620529999872,negative,0.0037777677930687704
1295701621175980032,negative,5.280624430021327e-06
1295701621633093633,negative,0.08196773935470944
1295701621956136960,negative,7.61995936253808e-07
1295701622098714624,negative,0.038313900652401034
1295701623608676358,negative,0.00039995668226083185
1295701623776464896,negative,0.00012907843836267065
1295701624321695744,negative,0.24201751524119858
1295701624908926977,neutral,0.6397472596389157
1295701625303179265,negative,0.00022528143995211494
1295701625726795778,positive,0.7063288164534208
1295701626255220737,negative,0.18146911214380979
1295701628360765440,negative,0.0012115498855216368
1295701629149360129,negative,0.004139388705274514
1295701629988110336,negative,0.016964151784983287
1295701630097199105,negative,0.12601313751072224
1295701630105649153,negative,0.22571658443345985
1295701631921795072,negative,0.03424677648972107
1295701632307666945,negative,0.10826601554847334
1295701632722915328,negative,0.06377054157198513
1295701633045848067,negative,0.03798189394405064
1295701633192431616,negative,0.0027652069923277743
1295701633687597056,positive,0.8094665511765134
1295701633834332164,negative,0.30158464101907223
1295701633851166720,negative,0.025756250059961436
1295701636841721856,negative,0.014744334659088197
1295701637894483968,negative,0.14459291354362255
1295701638095802369,negative,0.0016576778712567043
1295701638313803776,negative,0.1807246164455315
1295701639068778497,negative,3.0439707664671607e-05
1295701640255811588,negative,0.024405456238622735
1295701640754995201,negative,0.15621767589669025
1295701640952111104,negative,0.0014705250240071958
1295701641392459777,negative,0.019901934905204827
1295701641476399105,neutral,0.41901263796461236
1295701641845452801,negative,0.004270671939399968
1295701642051039232,negative,0.011151595823809033
1295701642269138945,negative,0.04084060494429023
1295701642424197120,negative,0.12601313751072224
1295701642508218370,negative,0.09615957085032137
1295701644882128897,negative,0.00635853707938829
1295701645221941251,negative,0.10396600402265237
1295701646450843648,negative,0.12601313751072224
1295701646454992896,negative,0.09870525981050673
1295701646668955649,negative,0.12601313751072224
1295701648585744385,negative,0.008671382150816134
1295701649105838080,neutral,0.6044360339979967
1295701649256787968,negative,0.005421777783455276
1295701649265172480,neutral,0.6129669256685448
1295701649281953792,negative,0.009997306861271765
1295701649399394305,negative,0.03302965250828128
1295701649479159808,negative,7.6166155496618805e-06
1295701649734983681,neutral,0.5458531190821861
1295701650464821248,negative,0.04877859584922033
1295701651047641088,negative,0.06901284341561151
1295701651139878913,negative,0.10873084537464295
1295701651345506304,negative,0.11591685326288977
1295701653270732800,negative,0.16294339500595187
1295701653287587841,neutral,0.4943381908514621
1295701654059323397,negative,0.03001219436296953
1295701654097059841,neutral,0.5017543432377519
1295701654185160704,negative,0.11833792059951302
1295701654914965504,negative,0.0031797094825060327
1295701657007935488,negative,5.864418051827085e-05
1295701657192468481,negative,0.14134167714666668
1295701657511133184,negative,4.489302044845703e-06
1295701658014494720,negative,0.22144923692343593
1295701658111008769,neutral,0.49789225920557484
1295701658412949507,negative,0.004671982746332983
1295701658756952064,negative,0.019901934905204827
1295701661378379777,positive,0.999996943185874
1295701661588033536,positive,0.999996943185874
1295701662376570880,neutral,0.4285758614317694
1295701663391592448,neutral,0.3499352441185855
1295701663869804544,negative,0.0014881045222610214
1295701664024887296,negative,0.0021433954446389053
1295701666990301186,negative,0.000980353916843553
1295701667137060870,negative,0.007627436326235831
1295701667741040642,negative,0.12601313751072224
1295701670047948800,negative,0.08007641557858117
1295701670471577602,negative,0.0012261384072672855
1295701670542880770,negative,0.00015909030538982993
1295701670836547584,positive,0.9998639034999872
1295701671000121345,neutral,0.3619451476948216
1295701671138426881,negative,3.4676146238083505e-06
1295701671901892608,negative,4.357475174769276e-06
1295701674439344129,negative,0.03769540738213657
1295701674544242689,negative,0.12601313751072224
1295701674963742720,negative,0.2677651204054746
1295701675462852613,positive,0.9645503854499888
1295701675815075841,negative,0.002633467666009013
1295701676968599553,negative,0.12568228858081346
1295701678377836547,negative,0.00030472750754389366
1295701682375004161,neutral,0.5372318511317483
1295701682446376961,negative,0.07502337401936078
1295701682794442755,negative,0.003635344255383237
1295701682819670018,negative,0.18472108792513997
1295701683184508928,neutral,0.49789225920557484
1295701683998203905,negative,0.004631627283949271
1295701686460321792,negative,0.0003739873708528608
1295701686766493697,negative,0.001005457773570323
1295701686854520832,negative,0.18459858958932926
1295701686988791810,negative,0.0012694427609935104
1295701687567450114,negative,0.00736066634506809
1295701691052982272,negative,0.0056344945637294966
1295701691980042240,negative,0.11218045315613208
1295701692525223938,negative,0.16555727204251808
1295701692676218880,negative,0.02095751726429095
1295701693066346497,negative,7.813494022589349e-05
1295701693145939968,negative,1.2644092469768166e-06
1295701693296979968,negative,0.07502337401936078
1295701693640912896,negative,0.24999739075787952
1295701694970580993,negative,0.0006034492095579572
1295701695004061697,negative,0.011214246275628207
1295701695029112832,negative,0.04131865073820006
1295701695255793665,negative,0.15385773163334637
1295701695360634881,negative,0.016738279687674457
1295701696346238980,negative,7.29236268261984e-10
1295701696950292481,negative,0.12601313751072224
1295701696967053318,negative,0.05059258510084579
1295701697524793344,negative,0.01502196707765675
1295701697583620096,negative,6.955644444680111e-05
1295701699357745154,negative,0.11598652435928548
1295701699554955264,negative,2.7576915926557836e-05
1295701699810799616,negative,0.12601313751072224
1295701700079124481,negative,0.0022722050133868014
1295701700158816256,neutral,0.35510078887145397
1295701700347559937,negative,0.18133794966880634
1295701700813225985,negative,0.00017705858759795915
1295701701115154434,negative,0.0001262994897092693
1295701701316534272,positive,0.6914673880853478
1295701701601697792,negative,0.12601313751072224
1295701702172180482,negative,0.06438259375993356
1295701703111708679,negative,0.018061088280354708
1295701703254257665,positive,0.7806222347797135
1295701703606534144,neutral,0.5118605533127536
1295701704357416961,negative,0.004346223592228677
1295701704453820416,negative,0.0001881052315941356
1295701704835502080,neutral,0.4285758614317694
1295701705137561600,negative,0.012997222388158333
1295701705292541953,negative,0.11480117676481785
1295701705431162881,negative,0.0010812266657807704
1295701705498275841,negative,0.12601313751072224
1295701705540214785,negative,0.12601313751072224
1295701705665974274,negative,0.31001034919667636
1295701707503153154,negative,7.098665514213687e-06
1295701707746312192,negative,0.023375664249609268
1295701707809226753,negative,0.00016448342507129437
1295701708232962052,negative,0.2906676275916037
1295701708237148161,positive,0.7509082171332925
1295701708916625410,negative,2.18377926660474e-06
1295701709046583298,negative,0.08181743462590065
1295701709067608065,negative,0.12601313751072224
1295701709298323457,negative,0.11016578349168642
1295701710426578945,neutral,0.5374478655040366
1295701712586637314,negative,0.05738731705847255
1295701713761034240,negative,0.13426366226605765
1295701713983242240,negative,2.2665288802059457e-05
1295701714482409473,negative,0.0075130361079723046
1295701714549518336,negative,0.05738731705847255
1295701716063653888,negative,0.001702413644370412
1295701716105605121,negative,0.02017395221537928
1295701716239888385,negative,0.12601313751072224
1295701717569478656,negative,0.10459830546158512
1295701717577867264,negative,0.22605958436374837
1295701718055952384,negative,3.895038262042653e-06
1295701718177591298,neutral,0.42033948356718837
1295701720903880704,neutral,0.5374478655040366
1295701720929009665,negative,0.12332348694189296
1295701722053181441,negative,0.14915609735214755
1295701724330680321,neutral,0.3827083594195805
1295701724385157120,negative,0.004083421009840023
1295701725664477184,negative,0.05802606271412302
1295701726012547072,negative,0.00831383680677664
1295701726356475905,neutral,0.3851873539584463
1295701726771720192,positive,0.8365610523307837
1295701726813708289,negative,0.23649811240819985
1295701727249915904,negative,0.14134167714666668
1295701728311025664,negative,0.22035441222533647
1295701728394969088,negative,0.0013422869196148164
1295701729183498241,positive,0.6792494575444393
1295701729200295936,negative,0.014808859151106236
1295701729250549762,negative,0.09345127919795126
1295701729296764928,negative,0.12601313751072224
1295701729300840449,negative,0.020275038515173188
1295701730580213761,negative,0.18472108792513997
1295701730626281472,neutral,0.3324231179095409
1295701732505378816,negative,0.3266123976931018
1295701732559925248,positive,0.7509082171332925
1295701733054779392,neutral,0.4635476503877262
1295701733084205057,negative,0.03957686157108606
1295701733201641478,neutral,0.5374478655040366
1295701733612630017,negative,5.643077774743622e-06
1295701733772070912,negative,0.027257206361132134
1295701734015348736,negative,0.044051357276136495
1295701737505001472,negative,0.11509343989694872
1295701737534377984,negative,0.10600349061693258
1295701737555341313,negative,0.024405456238622735
1295701737903230976,positive,0.9657483121350827
1295701738096406535,negative,0.0003984011770661783
1295701738259910657,negative,9.878157526470174e-07
1295701738708762624,negative,0.0075130361079723046
1295701740910780421,negative,0.31387462782038605
1295701740927373315,positive,0.9657483121350827
1295701741384740871,negative,0.0013013192675538862
1295701741883752456,negative,0.02987137845372799
1295701741967740928,negative,0.0019486539916921692
1295701742542360579,negative,0.12601313751072224
1295701742609473536,negative,0.15883904675366003
1295701743200874498,negative,3.0439707664671607e-05
1295701745553813504,negative,0.003705792046702768
1295701745872646144,negative,0.30647167769809186
1295701746388537344,negative,3.5562940428092724e-07
1295701747009232897,negative,0.11982286141208336
1295701747231526916,negative,0.0430101816775751
1295701747936133122,neutral,0.4020383545323593
1295701748678561792,negative,4.713583495541228e-06
1295701749584535553,negative,0.04239833957058144
1295701750884818946,negative,0.02132099595582579
1295701751018987520,negative,0.08007641557858117
1295701751375462400,negative,1.2861574313822617e-05
1295701751807512578,neutral,0.5502858356280268
1295701751904043008,negative,0.085374508322731
1295701751950192640,negative,0.0005744934618100268
1295701752038055937,negative,0.09386000229361774
1295701753875304449,negative,0.0020459594753901348
1295701754143703040,negative,0.0069662716800722654
1295701754525384704,neutral,0.38771289788091756
1295701754970071049,neutral,0.6334479286684144
1295701755204907008,negative,0.0006235417337579133
1295701755792166913,neutral,0.4020383545323593
1295701756350025729,negative,0.0004692367915139291
1295701756354220035,negative,0.003802063160635881
1295701756492550146,negative,0.002141626713702949
1295701757704785920,negative,0.05738731705847255
1295701758455554051,negative,0.006100314913498225
1295701759000817664,negative,0.0005525204811443995
1295701760061984769,negative,3.25722101444236e-05
1295701760523345921,neutral,0.601682562194529
1295701760628133891,negative,0.12601313751072224
1295701762310053889,neutral,0.49789225920557484
1295701762343657488,negative,0.12601313751072224
1295701762352046083,negative,0.04350140218881862
1295701762649751552,negative,0.12952057228856165
1295701763018952705,negative,0.12601313751072224
1295701763232866310,negative,0.00021656662816884708
1295701764138840065,negative,0.0009208758131002621
1295701764205948928,negative,0.04350140218881862
1295701764797337600,negative,0.23649811240819985
1295701766273671169,negative,0.05738731705847255
1295701766512705537,negative,0.05802606271412302
1295701767053889536,neutral,0.34454538368933296
1295701770107260928,negative,0.023375664249609268
1295701770606383105,negative,0.14849610888243478
1295701770728079360,negative,0.10396600402265237
1295701771277475840,negative,1.6395967586671367e-05
1295701771420151808,negative,0.12830371513052494
1295701771977994242,negative,5.185305233683157e-08
1295701772108013569,negative,0.000384735963575268
1295701772187598849,negative,0.1349657345340161
1295701772225347585,negative,0.003142276582016698
1295701772305084416,negative,0.1059060321435776
1295701774918127616,negative,0.04084060494429023
1295701774997872647,negative,0.010332653681365602
1295701775056547841,negative,0.3258820296510268
1295701775195017217,negative,0.05288017358555225
1295701775283097601,positive,0.877937901066401
1295701775400542208,negative,0.019422365364857117
1295701775400546304,negative,0.044051357276136495
1295701775555665923,negative,6.335130206063507e-08
1295701775656398848,negative,0.044541869445983394
1295701775710814209,negative,3.0439707664671607e-05
1295701775752855552,neutral,0.5112162807618442
1295701775861809152,negative,0.15779522285820535
1295701776033882113,negative,0.05738731705847255
1295701776855969795,negative,0.0005207109971164184
1295701778839810048,negative,0.044051357276136495
1295701779028615168,negative,0.009648997564280034
1295701779481493504,negative,0.05738731705847255
1295701779733262338,positive,0.9705720884635586
1295701780475645953,negative,7.50530737991285e-05
1295701780584632321,negative,9.38209634834186e-05
1295701780584693764,negative,7.250691867562398e-06
1295701780639158273,negative,1.3067305944205895e-06
1295701780765061121,negative,0.14134167714666668
1295701784242028544,negative,0.0072938360075774575
1295701785580011520,negative,0.10923838763276379
1295701787752751107,negative,0.23793590964624936
1295701788302204928,negative,0.12601313751072224
1295701788386099202,neutral,0.6229523823523099
1295701788411211777,negative,0.2707934526211621
1295701788490964993,negative,0.03424677648972107
1295701788671320075,neutral,0.41945625588961544
1295701788885164035,positive,0.949190872501475
1295701792005558273,negative,0.09594481582375093
1295701792227983360,negative,0.0004930985307503336
1295701792764944386,neutral,0.6405025234032286
1295701792840450048,negative,3.2072656750524745e-07
1295701793259880454,negative,0.07788752185469694
1295701793406681089,negative,0.03263686538421895
1295701795445055488,negative,0.0430101816775751
1295701795629662209,negative,0.05738731705847255
1295701795810017281,negative,0.010658160312047867
1295701796447559680,negative,0.03957686157108606
1295701796711800838,negative,0.0028464838235345608
1295701797131243520,negative,0.317955616456911
1295701798213296128,negative,0.015005561617879472
1295701799274532866,negative,0.09645068380285549
1295701800415301632,negative,0.01981185236540945
1295701800461443075,neutral,0.4943381908514621
1295701800478105602,negative,0.007643473585967493
1295701800495063042,negative,0.04401760889571323
1295701800847278085,neutral,0.5374478655040366
1295701801115824128,neutral,0.5410702560054874
1295701804781654020,negative,0.0032393605745668955
1295701805029040128,negative,0.04401760889571323
1295701805477888006,negative,0.012107502224219689
1295701805804990464,negative,0.11400298814245356
1295701805867978754,negative,0.11132356109298178
1295701806635536386,negative,0.1730746230786644
1295701808548061186,negative,0.00937851268629789
1295701808837468160,negative,0.2071251955952833
1295701809722351616,negative,8.418688190818232e-05
1295701809785430016,negative,0.0011908232097848322
1295701811677073408,negative,0.0072938360075774575
1295701812385898504,negative,0.10403763131614979
1295701812390121472,negative,0.001005457773570323
1295701812918591488,negative,0.2516603277993378
1295701813908439040,negative,0.002721325096246616
1295701814193590273,negative,0.0600101272615417
1295701814491439106,negative,0.007701554906241651
1295701817066741761,negative,0.01814017163144867
1295701817100132352,negative,0.16867684297839647
1295701817100251136,negative,1.4889797648508988e-05
1295701817213562881,negative,0.1320054398652975
1295701817305767942,negative,0.1694151571652914
1295701817586864129,neutral,0.5673971260133672
1295701817926594560,positive,0.8379334693979041
1295701818392154112,negative,0.3068278445183566
1295701820644327426,negative,0.010612337458253572
1295701820904550400,neutral,0.3831464621234274
1295701821076508674,negative,0.0005504106332905687
1295701821504344065,neutral,0.3932818582125561
1295701821818896384,negative,0.12601313751072224
1295701822049521667,negative,0.12251605215928715
1295701822427062273,negative,2.9091176336191346e-05
1295701823081283585,positive,0.8878533828519676
1295701825556013061,negative,0.019901934905204827
1295701826004811776,negative,0.11591685326288977
1295701826168401920,negative,0.0008120014228891967
1295701826268999680,negative,0.05738731705847255
1295701827053330432,negative,0.09036676747934715
1295701827212673024,negative,0.038029603072100446
1295701829045694471,negative,0.20243206506881875
1295701829242589184,neutral,0.49789225920557484
1295701830173958145,negative,0.05738731705847255
1295701830337466369,negative,8.562304919050642e-05
1295701830597566464,negative,0.01424290722706815
1295701831146930176,negative,0.0027652069923277743
1295701831302119425,negative,0.009202852879495555
1295701831650353152,negative,1.9278218691958698e-15
1295701833818746880,neutral,0.3827918541337397
1295701835160920067,negative,0.00011920047949049027
1295701835630682112,negative,0.019901934905204827
1295701835643314181,negative,0.016867045148167746
1295701835785867264,negative,0.0004704218188378972
1295701835878195203,negative,0.03957686157108606
1295701837446881285,negative,0.011016856198323457
1295701837908238337,negative,0.012794336949919475
1295701838419972096,negative,0.10967668378995687
1295701838696775681,negative,0.12601313751072224
1295701838696787968,negative,0.05738731705847255
1295701838742933504,negative,0.2215420344214618
1295701838784876544,negative,0.0005207109971164184
1295701839204114432,negative,0.0016090498285206626
1295701839279804416,negative,0.18299730410594303
1295701839413940224,negative,0.0018414428767154474
1295701841599180803,neutral,0.3724381125341267
1295701841603428354,negative,0.10396600402265237
1295701843138486272,negative,0.2677651204054746
1295701843465703427,negative,6.0880798353042644e-05
1295701843839000576,negative,0.00011706970378355754
1295701844040261633,negative,6.0880798353042644e-05
1295701846510559233,negative,0.0021375088437389205
1295701846607175680,negative,0.05263527254901415
1295701846946963458,negative,0.14134167714666668
1295701847081181185,negative,0.020386793843129348
1295701847144005633,negative,0.001947762946201267
1295701847341068288,negative,0.14134167714666668
1295701848054272000,neutral,0.502078848952195
1295701848087724032,negative,0.11914007682297054
1295701850814066699,negative,0.05738731705847255
1295701851145490438,negative,0.02175804503843714
1295701852357419010,negative,0.14150261258471838
1295701852886118400,negative,0.001150404241661264
1295701854618173440,negative,8.657684844413725e-05
1295701855390109696,negative,0.041097832655170315
1295701855620730880,negative,0.07912088263054663
1295701856564531203,negative,0.08007641557858117
1295701856640008194,positive,0.9477995601449292
1295701856757456896,negative,0.12601313751072224
1295701858326138881,positive,0.7487125404700514
1295701858934235136,negative,5.970185774283408e-07
1295701858963529728,neutral,0.49789225920557484
1295701860112900096,negative,3.13606594226469e-05
1295701860263829506,negative,0.02470128599329284
1295701860335128577,negative,0.07788752185469694
1295701860360355842,negative,0.019901934905204827
1295701861400543232,negative,0.12601313751072224
1295701862608441345,positive,0.9786092508708001
1295701862667005952,negative,0.08524408374204993
1295701862759518209,positive,0.9071251711606904
1295701863069822977,negative,0.11591685326288977
1295701863124238338,negative,0.23649811240819985
1295701864210735106,negative,0.004111997597011311
1295701864533630978,negative,0.019901934905204827
1295701864563048449,negative,0.023471940484540224
1295701864596602883,negative,0.19836095471390058
1295701864969895936,negative,0.05738731705847255
1295701866999885825,neutral,0.6332401096937431
1295701867285151745,neutral,0.4139187624268666
1295701868061089794,negative,7.72633466857328e-05
1295701868308570114,negative,0.03424677648972107
1295701868367282176,neutral,0.4670795984853321
1295701868463534080,negative,0.00010105005016432953
1295701868597764097,positive,0.8508357203600186
1295701869189304322,neutral,0.6089366234338203
1295701871374610433,negative,0.12601313751072224
1295701871420678145,negative,0.02140547128081953
1295701871525584896,negative,1.29102069235623e-09
1295701871575916548,negative,0.02621590045076587
1295701871810826240,negative,0.010391457920196811
1295701872158707712,negative,1.4105811180703608e-07
1295701872423182338,negative,0.00023530437211488536
1295701872481832961,negative,2.3084895808998997e-09
1295701872548802564,negative,0.241157130205358
1295701872800661504,negative,0.15963785849838982
1295701873069109249,negative,0.12601313751072224
1295701873203306497,negative,1.6947736042989543e-10
1295701873496920067,negative,0.0004930985307503336
1295701875296264192,negative,0.23649811240819985
1295701875363328005,negative,0.0010626099217142886
1295701875518365697,neutral,0.49789225920557484
1295701875933683716,negative,2.7576915926557836e-05
1295701876009246723,negative,0.11910445269213744
1295701876437114880,negative,0.12311761039440322
1295701876592304128,negative,0.0003488484337340444
1295701876827213824,neutral,0.497879600655596
1295701877066272768,negative,8.418688190818232e-05
1295701877145907202,positive,0.9988662668583811
1295701877422776323,negative,0.014162992454384139
1295701877640880128,negative,0.12601313751072224
1295701877699608576,negative,0.0004989025182391388
1295701879935184896,negative,0.00018163029114407663
1295701879939268611,positive,0.9477995601449292
1295701880916586500,negative,0.00010105005016432953
1295701881239621635,negative,0.03957686157108606
1295701881298268166,negative,0.0004989025182391388
1295701881310896128,negative,1.4609437672574175e-07
1295701881600139265,negative,0.0021375088437389205
1295701881734533122,negative,0.03263686538421895
1295701882233663489,negative,0.015162821069520268
1295701883974299651,negative,0.08558863603946608
1295701884334944256,negative,1.0987980960836639e-07
1295701884477616131,negative,0.012997222388158333
1295701884771217411,negative,0.14134167714666668
1295701885240967169,negative,0.0014846609382924896
1295701885832302593,positive,0.7004954268488085
1295701886369239040,negative,0.00033147708280829646
1295701886486577153,negative,0.025054689733965654
1295701887786917888,positive,0.9330721874694929
1295701888680091648,negative,0.20478744906478066
1295701888680316928,negative,0.0036964278418365483
1295701888864747523,negative,0.0026362244038887527
1295701888948514823,neutral,0.5505550505941735
1295701888982224896,negative,0.2677651204054746
1295701889372299264,negative,0.005563236090592339
1295701892002189312,negative,0.06474365152234299
1295701892199329792,negative,0.12601313751072224
1295701892220190720,negative,3.8792530171227444e-14
1295701892459376641,negative,0.0009287027794115018
1295701892954234883,negative,0.0011932448869651758
1295701893616934913,neutral,0.49965877654480934
1295701893923078146,neutral,0.5031820744633436
1295701894007009282,negative,0.002799869741458346
1295701894090850305,negative,0.0011256673056559052
1295701896188002305,neutral,0.42507619662732005
1295701896448151552,negative,2.1751507208047918e-11
1295701896909533184,neutral,0.4817850800787732
1295701897114873860,negative,3.971882178138421e-05
1295701898113290240,negative,0.007688533495137815
1295701898234933249,negative,0.01841734174649318
1295701898616594432,negative,0.12601313751072224
1295701898729791488,negative,0.010702537538883079
1295701901330219010,negative,0.0010320008549113253
1295701901523267584,neutral,0.5288636399463092
1295701902899007492,neutral,0.6405025234032286
1295701903049981953,negative,0.0009127893143634277
1295701903637184512,negative,0.007701554906241651
1295701904698343425,negative,0.11006547853322803
1295701905465921536,negative,1.686179336173349e-05
1295701905931468802,negative,0.019901934905204827
1295701905939800064,negative,1.8971349743531732e-08
1295701907294560257,negative,1.4105811180703608e-07
1295701907458138115,negative,0.004316169404615848
1295701907466604546,negative,1.3883248833908064e-05
1295701907755999238,negative,0.0005553873582975521
1295701908695457792,negative,0.05738731705847255
1295701908745850881,negative,1.0372377649992076e-07
1295701908930396162,negative,0.21208974552229007
1295701909416734721,negative,0.13216781798733543
1295701909454688259,negative,0.10089289487434884
1295701909928648704,negative,0.015986331008201234
1295701909983113217,negative,0.12601313751072224
1295701910046081024,negative,0.0010907734527059803
1295701910205485059,negative,0.1329588641245441
1295701910406737920,negative,0.10923838763276379
1295701910473846786,positive,0.7276643800305419
1295701910658392064,negative,0.0037007295488750373
1295701913015652352,negative,0.12601313751072224
1295701913346990081,neutral,0.3306646816629014
1295701913573494789,negative,0.08705845084734534
1295701914080948225,negative,0.002932030140442707
1295701914739445760,negative,0.019014702882922403
1295701915012038659,negative,0.044051357276136495
1295701915213455366,negative,7.098665514213687e-06
1295701915276316675,negative,0.006675437387036858
1295701917339918336,negative,0.12601313751072224
1295701917516156928,negative,0.016787657314591056
1295701918237560832,negative,0.22571658443345985
1295701918350807040,negative,0.12601313751072224
1295701918816272385,negative,0.10153886532073596
1295701918942138369,neutral,0.33798440638867805
1295701919680397314,positive,0.9142163707957534
1295701921668489217,negative,0.0413104396370087
1295701922016632832,negative,0.05382897870804503
1295701922159243267,negative,0.02132099595582579
1295701922532524039,negative,0.058527571783466986
1295701922553516032,positive,0.9071251711606904
1295701922557628416,negative,0.07689115679710129
1295701922993897472,negative,0.004833540813106615
1295701923019071489,negative,0.027206300373027476
1295701923081977857,negative,0.05738731705847255
1295701923195228160,negative,0.14134167714666668
1295701923342036993,negative,0.023660745065382467
1295701923476144129,negative,0.0004930985307503336
1295701925443203072,negative,0.00010105005016432953
1295701925854433286,negative,0.0020380836700563958
1295701926009606144,negative,0.018852366841920428
1295701926521327619,negative,4.814579886112316e-05
1295701926621982720,negative,0.0004745670172250224
1295701927288803328,negative,0.12251605215928715
1295701927381147650,negative,0.04060724336050897
1295701927469219840,negative,0.0012115498855216368
1295701927666372615,negative,0.015124132339156847
1295701929906114560,negative,0.017178444783900387
1295701930107437058,negative,0.018208962661737937
1295701930153582593,negative,0.06227944565466594
1295701930203910149,neutral,0.3306646816629014
1295701930673610754,negative,0.0005207109971164184
1295701930719748097,negative,5.63488524619919e-05
1295701931000770571,negative,3.330691304262698e-06
1295701931155914753,negative,0.07013315307930097
1295701931634102273,negative,0.030008706623507853
1295701932166840325,neutral,0.5700949742195746
1295701932317835264,negative,0.06010559037826602
1295701934310137856,neutral,0.49789225920557484
1295701934456950786,negative,0.12601313751072224
1295701934779899905,negative,0.1845655916147179
1295701935358726144,negative,1.263491160552027e-06
1295701935442415621,negative,0.00010105005016432953
1295701935811592192,negative,0.1516982738236308
1295701936088518658,negative,0.12601313751072224
1295701937334231040,negative,0.005452027887614909
1295701938533732356,negative,0.0020264829264148286
1295701938693181442,negative,0.004416702620394086
1295701938819014656,negative,0.0028326040745185617
1295701938944856070,negative,1.6714564849085586e-06
1295701939628445696,negative,0.05738731705847255
1295701940798709763,neutral,0.38006962912221015
1295701942417661952,negative,0.05738731705847255
1295701942463864832,negative,0.2166323641349446
1295701942837149700,positive,0.9804244454961873
1295701943155937282,negative,4.957227772611883e-05
1295701943327883266,negative,0.0019137076188600975
1295701943378161664,negative,0.0016027177158708132
1295701943638282240,negative,0.006416541299902507
1295701943726288897,positive,0.9998893383237237
1295701943789268992,negative,0.09254905100945168
1295701944229560322,negative,0.14498713146226422
1295701946427478022,negative,0.23649811240819985
1295701946788122624,positive,0.9804244454961873
1295701946968363015,positive,0.6681653635991525
1295701947043975172,negative,0.20613452058039275
1295701947098554370,negative,0.02754931355973895
1295701947324956684,negative,0.048757162055139025
1295701947408883712,negative,0.00028696207194974194
1295701947861938176,negative,0.0021720359258136836
1295701948231045125,negative,0.04509318218745842
1295701948436549632,negative,0.018199052326185933
1295701948612698112,positive,0.9985128679680328
1295701948839100416,negative,0.0058105359700768465
1295701950705565696,negative,0.05738731705847255
1295701951456382980,negative,0.004867318553551363
1295701951586304000,negative,0.024405456238622735
1295701952475607040,negative,0.024405456238622735
1295701952668536832,negative,0.0024597569849304107
1295701952827973635,negative,2.1751507208047918e-11
1295701955067748355,negative,0.010732304180412218
1295701955180998661,negative,0.12601313751072224
1295701955784957952,negative,0.0012115498855216368
1295701956338634753,negative,0.15963785849838982
1295701956493803520,negative,0.03555762238773833
1295701956640624642,negative,0.019901934905204827
1295701959194955776,negative,0.0005207109971164184
1295701959295610881,negative,0.00022848211962850693
1295701959400460290,negative,0.11071018408393729
1295701959870230530,negative,0.004346223592228677
1295701960281161729,negative,0.0053804426335546055
1295701960654557184,negative,0.23721339283699297
1295701960885243904,positive,0.9527619688681364
1295701961011081218,negative,0.02744523895436504
1295701961187221507,negative,0.036219400787242784
1295701961409474561,negative,0.1393447092903142
1295701963284381697,negative,0.0413104396370087
1295701963338899456,negative,0.0012115498855216368
1295701963728809987,negative,0.17201111918529485
1295701964261654528,negative,0.0012643754658529468
1295701964282638337,neutral,0.38348152311486716
1295701964429418496,negative,0.0012115498855216368
1295701964769165314,negative,0.06438259375993356
1295701964777566209,negative,0.009247246998905403
1295701964865572865,negative,0.007415143126938673
1295701965306056704,negative,0.05738731705847255
1295701965347926018,negative,0.006631638814742494
1295701965377347585,neutral,0.5954903177864231
1295701966216208384,negative,0.016492565903595817
1295701967642263554,negative,0.0005207109971164184
1295701967696732160,negative,0.0005638289355444513
1295701967923286020,negative,0.00020967235425810402
1295701968523014144,neutral,0.3369998651379359
1295701968544030721,negative,0.06747121611459704
1295701968770535424,negative,0.12438351020267074
1295701969219223553,negative,0.12601313751072224
1295701969282240512,negative,0.08755118420002257
1295701969844211714,negative,2.6294238913649304e-07
1295701970116911105,negative,0.044051357276136495
1295701970544623616,negative,1.6746984334947467e-09
1295701970842460161,negative,0.001880445434163847
1295701971807215618,negative,0.0430101816775751
1295701971891032066,negative,0.18299730410594303
1295701972474044416,negative,0.00010105005016432953
1295701972566396928,negative,0.12021709371254997
1295701972578906112,negative,0.12601313751072224
1295701973837258752,negative,0.20348124742185403
1295701974252507136,negative,0.0004211981740700472
1295701975774961665,negative,0.29922076576037687
1295701976533987329,neutral,0.49789225920557484
1295701977066885121,negative,0.0058726683980790005
1295701977561694208,negative,0.12601313751072224
1295701977582710789,positive,0.7264240096332016
1295701978522308608,negative,0.12601313751072224
1295701978589417472,negative,0.12601313751072224
1295701980719939584,neutral,0.49789225920557484
1295701981642670082,negative,0.039282827833960685
1295701981957423104,negative,0.23913056276389105
1295701982255157248,negative,0.0025563355602790817
1295701982284570624,negative,0.2071251955952833
1295701982351634433,negative,3.750265800303984e-05
1295701982364045315,positive,0.8815665840406008
1295701982418620424,negative,0.0663501120322258
1295701985602220034,negative,0.03769540738213657
1295701986134970368,negative,4.652127442428444e-05
1295701988563456007,negative,0.00311331717206706
1295701990480261120,neutral,0.513307498800323
1295701992006979584,neutral,0.6405025234032286
1295701992799645696,neutral,0.5315534514659949
1295701992875188227,positive,0.9024942531613276
1295701993055563776,negative,0.00011233492548962942
1295701993709764608,negative,0.11591121074334354
1295701993990885380,negative,0.002247596767237095
1295701993999171584,positive,0.9744413490621375
1295701994020245504,positive,0.8695415297407064
1295701996889083904,negative,0.02132099595582579
1295701996964581376,negative,0.08007641557858117
1295701997073641472,neutral,0.3705912732253172
1295701997283422208,neutral,0.552443945372184
1295701997405048832,negative,0.12601313751072224
1295701997522497536,neutral,0.42507619662732005
1295701997736415233,negative,2.4993220491118347e-05
1295701997979684866,negative,0.05738731705847255
1295701998105485314,negative,1.0037791376514505e-05
1295701998197772289,negative,0.00013588788282992902
1295701998420066310,negative,0.008204911752134657
1295701998650761218,negative,0.03450733434131944
1295702001146265605,negative,0.12601313751072224
1295702002211655680,negative,8.657684844413725e-05
1295702002379431937,negative,2.7435324064456423e-09
1295702002689814531,neutral,0.6332401096937431
1295702002803056640,negative,1.0780558267997982e-05
1295702002853392385,negative,0.015374525770713849
1295702003142856704,negative,0.02454219488317376
1295702005369970689,negative,0.0047148371694971936
1295702005428690948,negative,0.044051357276136495
1295702005478916096,negative,1.4105811180703608e-07
1295702006359875586,negative,0.14419276040296614
1295702006682783750,negative,0.024457242709405764
1295702007605538819,negative,0.13216781798733543
1295702007710396416,neutral,0.46094695413278425
1295702007932755968,negative,0.0028751724986494226
1295702007945338883,negative,0.14251432473076092
1295702008113004546,negative,0.0004498087860835411
1295702010008829952,positive,0.967831658325109
1295702010025705474,negative,0.03436507572637476
1295702010130567173,negative,2.2660309421954056e-06
1295702011191713793,negative,0.01095091573139815
1295702011321757699,negative,5.9866686537949755e-06
1295702011359502338,negative,0.12601313751072224
1295702011451711488,negative,0.0009317632767322139
1295702011594276868,neutral,0.5923783866986081
1295702013444055041,negative,0.3217963267499168
1295702013834133509,negative,0.009100854070908732
1295702013896994817,negative,0.0007981109367796838
1295702014899507200,positive,0.7757378803001985
1295702015641821191,negative,3.750265800303984e-05
1295702017822859275,neutral,0.5374478655040366
1295702017894240257,negative,0.20324586410364273
1295702018372382727,negative,0.019901934905204827
1295702018561105920,negative,0.0019208451836625865
1295702019160911872,negative,3.25722101444236e-05
1295702019341258754,negative,0.007591317805073408
1295702019949420546,negative,0.0007406421445726252
1295702021513805827,positive,0.9997036851089369
1295702021832683523,negative,0.14134167714666668
1295702022944153601,negative,0.052605291470389344
1295702023153885185,negative,0.317955616456911
1295702023602667522,negative,0.14134167714666668
1295702023652937729,negative,0.011826970945531727
1295702023766253568,negative,0.02374836151370848
1295702026400276481,negative,0.0002950035274722003
1295702026891005952,negative,0.11071018408393729
1295702027096530945,negative,0.004530693627144355
1295702027260047360,negative,3.0584836976220637e-07
1295702027348127750,neutral,0.5700949742195746
1295702027402706944,negative,0.00020164530827798118
1295702027830530049,negative,0.003802063160635881
1295702027943714818,negative,0.09208754334998523
1295702028077989892,negative,0.07912088263054663
1295702028212211712,negative,0.05741082219477387
1295702028333862914,neutral,0.38006962912221015
1295702028388380672,negative,0.004316169404615848
1295702030875594754,negative,0.12601313751072224
1295702032037404673,negative,1.8088188086353651e-06
1295702032972746752,negative,0.04350140218881862
1295702033102704641,negative,0.12601313751072224
1295702034671427585,negative,0.10886634654411638
1295702035174764546,negative,0.1320054398652975
1295702035178946563,neutral,0.49789225920557484
1295702035581538306,negative,0.05738731705847255
1295702035690643456,neutral,0.3851873539584463
1295702036202369024,neutral,0.42507619662732005
1295702036227461122,negative,0.12601313751072224
1295702038685331456,negative,0.19189803231120856
1295702038727319552,negative,0.0012115498855216368
1295702043307528193,negative,0.1946885542547161
1295702043886325760,neutral,0.6563131832915976
1295702044016365569,neutral,0.4063919215587286
1295702044507021314,negative,0.246445774463939
1295702044775452673,negative,0.046195898610921535
1295702045014589441,negative,0.2071251955952833
1295702045492740097,negative,0.000272024710902786
1295702047057219584,negative,0.06755976209626206
1295702048030306304,negative,0.016738279687674457
1295702048550334464,negative,0.0004944761195631106
1295702049213095936,negative,0.0012323228312725249
1295702049250775040,negative,0.024405456238622735
1295702052228800513,negative,1.710804324074827e-05
1295702052845363201,negative,0.0006749903536173384
1295702054023962628,negative,0.11068872709575771
1295702055663927297,negative,0.000648126563791801
1295702055898746880,positive,0.9831259672737361
1295702056267849734,negative,0.024405456238622735
1295702056980881409,neutral,0.4676032932285875
1295702056985145345,negative,0.0004989025182391388
1295702057027088384,negative,0.0906880403895854
1295702057123553281,negative,0.0004218696579602193
1295702057748500487,negative,0.12601313751072224
1295702058872561665,negative,8.657684844413725e-05
1295702060835299329,negative,0.10302535544687554
1295702061150023681,negative,0.317955616456911
1295702061166862345,negative,0.01424290722706815
1295702061280112643,negative,0.007033216575621781
1295702061582032896,neutral,0.5374478655040366
1295702061695344640,neutral,0.5374478655040366
1295702061925969921,negative,0.0012115498855216368
1295702061955284992,negative,0.0012115498855216368
1295702061955391488,negative,0.11071018408393729
1295702063935033344,negative,0.002247596767237095
1295702064413081601,negative,0.008434185881954897
1295702064803319811,negative,0.2606662762478252
1295702065235267584,neutral,0.49789225920557484
1295702065386266626,negative,5.001931227285612e-06
1295702065830912001,negative,0.21921412548362115
1295702069270257665,negative,0.00018545715955685577
1295702069429571587,negative,0.2662446362359392
1295702069458993153,negative,0.0032533681489490627
1295702069547012097,negative,0.0004989025182391388
1295702069891018755,negative,0.023075944015281635
1295702069911773185,negative,0.0011938802422112786
1295702069987418114,negative,0.061588054418535924
1295702070272696320,positive,0.7400717590559494
1295702072852185092,negative,0.04807388552250905
1295702073758158848,negative,5.682505237769294e-05
1295702074932502528,negative,0.23547395389090442
1295702074970251264,negative,0.2759416351208582
1295702075297472512,negative,0.06865209119893662
1295702076773863425,neutral,0.4285758614317694
1295702076853489665,negative,0.12601313751072224
1295702077042302976,negative,0.05738731705847255
1295702077071667202,negative,0.004416702620394086
1295702077159673857,negative,0.00019531622822837471
1295702077356810240,neutral,0.49789225920557484
1295702077423984640,neutral,0.46094695413278425
1295702077499465728,negative,1.5112567557437703e-05
1295702077533036545,negative,6.569537935209188e-05
1295702078120177665,negative,5.929974285857408e-06
1295702078506045441,negative,0.06357050021962195
1295702080938745859,negative,0.0004498087860835411
1295702081614106625,negative,0.026908730221957642
1295702081710559234,negative,0.12601313751072224
1295702081748246531,negative,0.004416702620394086
1295702082180308995,neutral,0.49789225920557484
1295702082285166593,negative,0.12601313751072224
1295702082742366208,negative,0.12601313751072224
1295702085053362176,negative,0.0001568205364054759
1295702085552541702,negative,0.025196174050993524
1295702086261276672,negative,0.00572717749902328
1295702086529830917,negative,0.25904246346744453
1295702086529830923,negative,0.12601313751072224
1295702086873755648,negative,0.003802063160635881
1295702086919819264,negative,3.226063108976683e-06
1295702087263760389,negative,0.0020323750193468083
1295702087850954757,negative,0.1516090625394908
1295702089864220672,negative,0.00012803279689314805
1295702090434727940,negative,0.0007750748805802907
1295702091151933441,negative,0.015502267860959698
1295702091382640641,negative,0.004416702620394086
1295702091902722049,negative,0.01785347011195913
1295702093517524992,negative,0.05738731705847255
1295702094415003648,negative,0.2239095785388699
1295702094733770752,positive,0.9806432432293448
1295702094754787331,negative,0.04887889205048961
1295702094788403200,negative,2.2846878732929318e-05
1295702094884872192,neutral,0.5475197972905538
1295702095031656449,negative,0.12601313751072224
1295702095086190592,negative,0.12601313751072224
1295702095711150080,negative,5.19492178633796e-07
1295702097514704898,negative,0.030887836563549455
1295702097573351424,neutral,0.5374478655040366
1295702097653006337,negative,0.018208962661737937
1295702098382921730,neutral,0.42058911499614215
1295702098588229632,negative,0.1389357443319044
1295702101855744001,negative,0.058527571783466986
1295702101989953536,negative,0.019422365364857117
1295702102732349441,negative,0.2071251955952833
1295702106146508803,negative,0.18857450048904684
1295702106461089793,neutral,0.5344029679637843
1295702107052552193,negative,0.009358662145981914
1295702107211800576,negative,0.17665975434886913
1295702107572432898,negative,0.002146950423868548
1295702107841069058,negative,1.0987980960836639e-07
1295702108122107907,negative,0.05738731705847255
1295702108407201796,negative,0.15963785849838982
1295702110118584320,negative,0.05802606271412302
1295702110194094080,negative,0.20637513227899368
1295702110315610117,neutral,0.5372318511317483
1295702114417684481,negative,0.2587322728679398
1295702114979774464,negative,0.008778250499235116
1295702116204503045,negative,0.0600101272615417
1295702118796537859,negative,0.06549607642067705
1295702120319066115,negative,0.024405456238622735
1295702120323338242,negative,9.262100585355748e-08
1295702120973373441,negative,0.001465967084910421
1295702121640271874,negative,0.12601313751072224
1295702123703869441,negative,0.0017163844091261232
1295702123754160128,negative,2.0952777902659482e-05
1295702124244828160,negative,0.06576048514270735
1295702124748316674,negative,0.0012115498855216368
1295702125180260352,positive,0.7826656491054989
1295702127847837697,negative,0.12601313751072224
1295702131429855232,negative,0.11888264431085406
1295702131559866368,negative,1.2042890861674066e-06
1295702140472696833,negative,0.0012115498855216368
1295702140502122498,negative,0.11071018408393729
1295702140904591361,negative,0.0012643754658529468
1295702143480016899,negative,0.00029873550428241867
1295702145321361409,negative,0.0005207109971164184
1295702147976355845,negative,0.20771934817642312
1295702148760690690,negative,0.0005207109971164184
1295702149507293186,negative,0.03879423067993793
1295702152346836994,negative,1.4976252542140145e-06
1295702152971780097,negative,0.22408391551629084
1295702157283516416,negative,1.6395967586671367e-05
1295702157321175041,neutral,0.49789225920557484
1295702157581266945,negative,8.718753042016196e-12
1295702158839558147,negative,0.28822966114974197
1295702161100361729,negative,0.05240800942139792
1295702161888808961,negative,0.2820386637943614
1295702164610981889,negative,0.20830473236704708
1295702164799655936,negative,0.004316169404615848
1295702165722456064,negative,0.015114988563143843
1295702166175461383,negative,0.00018163029114407663
1295702166850723842,negative,0.17201111918529485
1295702167182024705,negative,7.392341187571075e-05
1295702167978938368,negative,0.03302965250828128
1295702168092250120,negative,0.15963785849838982
1295702175134486529,negative,1.6030035154179482e-06
1295702176296304641,negative,2.3209280353658485e-07
1295702177621524480,negative,0.033280093885533685
1295702177776906246,neutral,0.47837303468572906
1295702178598916097,negative,0.00020164530827798118
1295702178682810380,negative,5.643077774743622e-06
1295702179551092737,negative,0.2820386637943614
1295702179584643073,negative,3.6663959435805534e-05
1295702179743924225,neutral,0.4015867803831555
1295702179932708869,negative,0.2382669582645585
1295702181669228544,negative,0.29559402088988523
1295702182201888770,negative,0.007197758175622838
1295702185599213572,negative,0.00024896830945048153
1295702186844983297,negative,0.043882864479350275
1295702189818683396,negative,0.0033009752488841826
1295702190540165125,negative,0.03714381889872863
1295702194306588674,negative,0.025054689733965654
1295702195795632128,negative,0.001416437233214302
1295702196345077766,negative,0.003504783410074777
1295702196399611904,negative,0.009077280950076014
1295702198110871558,neutral,0.5374478655040366
1295702199541157895,negative,6.569537935209188e-05
1295702202628046848,negative,0.028950169395381472
1295702206457548800,neutral,0.49789225920557484
1295702206897946625,negative,0.05738731705847255
1295702207262871554,negative,0.12601313751072224
1295702207766171649,negative,0.0020264829264148286
1295702209351626752,negative,0.10678568651684306
1295702209729044490,negative,0.17201111918529485
1295702210886733831,negative,0.08376611679530784
1295702211280998400,negative,0.019901934905204827
1295702211293577216,negative,0.01011038822094794
1295702211452968960,negative,0.08274201933209903
1295702215341019148,negative,0.0024013210662786897
1295702215383044098,negative,0.019901934905204827
1295702215751999488,negative,0.006749968586320787
1295702215794065408,negative,3.958671566026989e-05
1295702215995383808,negative,0.14134167714666668
1295702217111076865,negative,0.06747121611459704
1295702217304035331,negative,0.12601313751072224
1295702217383608320,negative,0.08662386388502323
1295702220177014789,negative,0.12601313751072224
1295702220495884291,negative,0.12601313751072224
1295702220705497088,negative,0.12241357769920357
1295702221192155138,negative,0.04153437377263427
1295702221234069505,neutral,0.513397724521933
1295702223364784129,negative,0.05802606271412302
1295702223452884993,negative,0.22051075309162918
1295702223473778688,negative,0.19058056811077337
1295702223746469888,positive,0.6877154752230464
1295702224992075777,negative,0.05738731705847255
1295702225235382272,negative,0.0014525761685447408
1295702225281581057,positive,0.7654822678293459
1295702227517165568,negative,0.0014881045222610214
1295702227701698560,negative,0.0005744934618100268
1295702227772997632,negative,0.04350140218881862
1295702227881951232,neutral,0.33814765817941306
1295702228397961221,negative,0.0016969321211445898
1295702228758659077,neutral,0.42033948356718837
1295702228909666304,negative,3.787239567930891e-05
1295702229333299201,negative,0.20976441277881258
1295702232181215233,negative,0.05802606271412302
1295702232839737345,negative,0.0012643754658529468
1295702234177638402,positive,0.9999980913086003
1295702236174188551,negative,0.14134167714666668
1295702236778168320,positive,0.9913236456252501
1295702236782383105,negative,0.014770590679755906
1295702237298266114,negative,0.2869861629949741
1295702237805785091,positive,0.6634765676318548
1295702238040657920,negative,1.5112567557437703e-05
1295702238653022208,negative,0.12601313751072224
1295702238699167744,negative,0.12601313751072224
1295702240917889025,neutral,0.49789225920557484
1295702241106698240,negative,0.2071251955952833
1295702241459032066,negative,0.08007641557858117
1295702242054426632,negative,0.002584990082793524
1295702242151010310,negative,1.4976252542140145e-06
1295702242218082305,negative,0.004530693627144355
1295702242318745601,negative,0.07764390997067958
1295702244466274305,negative,1.003097526949102e-05
1295702244697034756,negative,0.02471291563086117
1295702244701147140,negative,0.053979888970423925
1295702244927721472,negative,0.1688417159924932
1295702245321977857,negative,0.2071251955952833
1295702245627981825,positive,0.8973719440752513
1295702246089515010,negative,0.02132099595582579
1295702249423986689,negative,0.0002451547158573813
1295702249667256320,negative,0.12601313751072224
1295702250438955010,negative,0.19172159287751633
1295702250753490944,negative,0.12601313751072224
1295702250841616386,negative,0.13216781798733543
1295702250871042049,negative,0.012997222388158333
1295702252557082626,negative,0.019901934905204827
1295702252661899265,negative,0.1516090625394908
1295702252729110528,positive,0.9527619688681364
1295702252984950785,negative,0.03235692538233481
1295702253328912384,negative,0.15225762999604872
1295702254121517058,neutral,0.46127768308170247
1295702254255841280,negative,2.6245095755067433e-05
1295702254373216256,negative,0.14459291354362255
1295702254448672773,negative,0.0017278084595822715
1295702257036599296,negative,0.008078842272471968
1295702257040793600,negative,1.2969800329272852e-12
1295702257875509248,negative,0.03982765977559316
1295702258341105665,negative,0.0740528508110731
1295702258655600643,negative,0.033280093885533685
1295702259045629952,negative,0.12601313751072224
1295702259049865217,negative,5.262635876707223e-05
1295702261792899072,neutral,0.36095958222040864
1295702261830754306,negative,0.04350140218881862
1295702262589857793,negative,0.02581722257247792
1295702262707257345,negative,0.03951516794837749
1295702263055503360,negative,0.17201111918529485
1295702263420387328,negative,0.12601313751072224
1295702263764328449,negative,3.25722101444236e-05
1295702265177808896,negative,0.0012115498855216368
1295702265895018497,negative,0.003708279811342711
1295702265903415298,negative,0.0430101816775751
1295702265970532352,neutral,0.5410702560054874
1295702266960326657,negative,0.021390861959155662
1295702267014807553,negative,0.29984074343734285
1295702267123957760,negative,2.602571798878071e-07
1295702267136442369,negative,6.072263239485832e-07
1295702269971828737,negative,0.02854451318486557
1295702270714183685,negative,0.024259826599283975
1295702270999433218,negative,0.020899055785898072
1295702271578308609,negative,0.0002600611952719393
1295702273935454208,negative,0.000497844705660281
1295702274157817856,positive,0.8076253605841208
1295702274212270080,negative,0.02431893794084675
1295702275160256513,positive,0.8559667249918084
1295702275223179266,negative,1.541490542646375e-05
1295702275294363648,positive,0.9477995601449292
1295702275378286593,negative,0.0011306373402498403
1295702275705503745,negative,0.012556254412896956
1295702276015886336,negative,0.09460384929338247
1295702278385541120,negative,0.08007641557858117
1295702278972813313,negative,0.12601313751072224
1295702279241248768,negative,0.18956609125123222
1295702280038211587,negative,3.25722101444236e-05
1295702280080064513,negative,0.12589623942840603
1295702280495300610,negative,0.05738731705847255
1295702280516382721,negative,0.0012115498855216368
1295702282772910080,negative,0.18599125551091242
1295702282781077505,negative,0.004560635461201773
1295702283737391104,negative,0.09813152771461413
1295702283947212800,negative,0.0012115498855216368
1295702284182204416,negative,5.513422305036724e-10
1295702284580593664,negative,0.0015965419021822843
1295702286702968832,negative,0.08785473316588438
1295702286992388098,negative,0.001947762946201267
1295702287390736385,neutral,0.567271095674514
1295702287713816581,negative,5.153915583283506e-06
1295702288565231620,neutral,0.33796302189707855
1295702288712048640,negative,3.958671566026989e-05
1295702289051721728,neutral,0.6563131832915976
1295702289164972032,negative,0.001702413644370412
1295702289232125952,negative,0.00952543478246039
1295702290586886144,negative,0.08601502145649098
1295702291333427203,negative,2.465229185943215e-07
1295702291635412992,negative,0.12601313751072224
1295702291920703494,negative,0.14134167714666668
1295702292973473795,negative,1.4976252542140145e-06
1295702293027880960,negative,6.712568391943377e-05
1295702293216731136,negative,0.059012754824896534
1295702294860894209,negative,0.2071251955952833
1295702295456501760,negative,0.14166852884322476
1295702296035287040,negative,0.20857217996400537
1295702296987410433,negative,2.7576915926557836e-05
1295702298920988673,negative,0.016826497057772734
1295702298988023811,negative,0.14134167714666668
1295702299260616705,negative,0.044051357276136495
1295702299499610120,negative,0.19519633866792288
1295702299881410562,negative,0.0012323228312725249
1295702299889762304,negative,0.00295410890706388
1295702300741251072,neutral,0.49789225920557484
1295702301873766400,negative,0.12601313751072224
1295702303593332736,negative,0.0012323228312725249
1295702305443131394,negative,0.02205507578982084
1295702305891852288,negative,0.0012323228312725249
1295702307351470086,negative,0.20538903349706028
1295702308303638528,negative,0.02545445313493427
1295702308890738689,neutral,0.4074793410571932
1295702309306019841,negative,0.085374508322731
1295702311399030787,negative,0.16555727204251808
1295702311537344512,negative,0.2071251955952833
1295702311575093249,negative,0.00039241412013544147
1295702312497840129,negative,0.003802063160635881
1295702314381082626,negative,4.7904493956656984e-05
1295702315664584704,negative,0.0072938360075774575
1295702316478337024,negative,0.0009291210206110657
1295702316855767040,negative,0.004316169404615848
1295702316914483205,negative,0.2071251955952833
1295702317124083712,negative,0.00023518930535904736
1295702317279387649,negative,0.070881458421066
1295702317518540806,negative,0.05738731705847255
1295702319745638400,negative,1.6436333667596934e-10
1295702319863037953,negative,0.18707765669313473
1295702319879913473,positive,0.970614672977264
1295702320114737152,negative,0.12601313751072224
1295702320173527040,negative,0.01996219963179213
1295702320400027650,negative,0.004717148548311198
1295702320643178498,negative,0.2222643278046453
1295702320743948288,negative,0.00015604654711931488
1295702320794284035,negative,0.14134167714666668
1295702321352056832,neutral,0.4737554465528978
1295702322635472896,negative,0.05738731705847255
1295702322706866176,neutral,0.6228212054530493
1295702323927408640,negative,0.13696517661033145
1295702323948326915,neutral,0.4285758614317694
1295702323977740288,neutral,0.33618804379693296
1295702324304842752,negative,0.08007641557858117
1295702325496107009,positive,0.8023475604602576
1295702325525393410,positive,0.7509082171332925
1295702325559001088,negative,0.0003110831899756798
1295702325831569409,negative,1.4976252542140145e-06
1295702329824555008,negative,3.750265800303984e-05
1295702330231402497,negative,5.132353615896186e-08
1295702331498139648,negative,0.16364022663298128
1295702332727074816,negative,5.585675121119598e-08
1295702333163175937,negative,0.014948344054904687
1295702333456883713,negative,0.0026428695488654548
1295702336581578752,negative,0.004416702620394086
1295702338133544960,negative,0.0012115498855216368
1295702339379175427,negative,0.06901284341561151
1295702341329485827,neutral,0.49789225920557484
1295702341958668293,negative,0.0006161169398965638
1295702342017470464,negative,0.29354048216691747
1295702342654930944,negative,0.1231060654687777
1295702345075097600,negative,0.042242252045968466
1295702346366881796,negative,0.0012115498855216368
1295702347591692291,negative,0.00025037620962047746
1295702349097443328,negative,0.08848854630156222
1295702350431162368,neutral,0.49789225920557484
1295702351169421318,negative,0.007299761244956809
1295702352012496896,negative,7.64261055881541e-06
1295702354138988545,negative,3.114300100226399e-05
1295702354256449537,negative,0.0026362244038887527
1295702354319335424,negative,1.1281441551810597e-09
1295702354843574272,negative,0.03302965250828128
1295702355132985347,negative,0.0038961697290101193
1295702355313332225,positive,0.6985970913255507
1295702358765248512,negative,0.000694329506149162
1295702358945607680,negative,0.05741082219477387
1295702359046324226,negative,0.0020834233869462602
1295702359067238400,negative,0.03957686157108606
1295702359130222593,neutral,0.35687064213506103
1295702359469891586,negative,5.643077774743622e-06
1295702359625076736,negative,0.22382289530178512
1295702361831288833,negative,0.1033492745788903
1295702366029778944,neutral,0.5112162807618442
1295702368407949312,negative,0.004316169404615848
1295702369230094336,negative,0.0013323348345817474
1295702369284521984,negative,0.05290935476778606
1295702370475823105,negative,0.14134167714666668
1295702370941362176,negative,0.00016950144677867093
1295702371037782022,neutral,0.3650158396528556
1295702372304457728,negative,0.0011932448869651758
1295702372371570689,negative,0.03302965250828128
1295702372430290944,positive,0.9705720884635586
1295702374313611264,negative,1.2861574313822617e-05
1295702375018180615,negative,7.794876102337804e-07
1295702376251359233,negative,0.03424677648972107
1295702376368746498,negative,0.012042094004785316
1295702378482737154,negative,0.058527571783466986
1295702380034629634,negative,0.03184689485492144
1295702381343191040,negative,0.00010105005016432953
1295702382647681024,positive,0.9833149891693774
1295702382760820752,negative,3.358405899903429e-05
1295702386833592326,negative,2.004629037561568e-06
1295702387118813185,negative,1.5051019867754804e-10
1295702388607782912,negative,0.0012323228312725249
1295702391313051650,negative,0.31025033532727775
1295702392898383873,negative,0.0021375088437389205
1295702393255067650,negative,0.021868958183639764
1295702393485701121,negative,0.006299536341905953
1295702396958629888,negative,0.00037800275455964
1295702400389521410,negative,0.06648983850325393
1295702400477560837,negative,7.64261055881541e-06
1295702404084772870,negative,0.034579864503169605
1295702404646809600,negative,0.004833540813106615
1295702405993168896,negative,0.20446132414446663
1295702407800860673,negative,0.009862874179741325
1295702408056786945,negative,0.12601313751072224
1295702408497115136,negative,0.004584613051344584
1295702408581054464,negative,0.12601313751072224
1295702409499607040,negative,0.1320054398652975
1295702409503821825,negative,0.024405456238622735
1295702409667321861,negative,0.06795371486714198
1295702409692368896,negative,0.17201111918529485
1295702412087431169,negative,0.07912088263054663
1295702412162998273,negative,0.019901934905204827
1295702412880158722,negative,0.2707934526211621
1295702413387628545,negative,0.19448723309182842
1295702413521948672,positive,0.8265159246281384
1295702414264340481,negative,0.12601313751072224
1295702416382472192,negative,0.12601313751072224
1295702417212944384,negative,3.367805548707567e-05
1295702417275858944,negative,0.27227816167790075
1295702417301004289,negative,0.12601313751072224
1295702421122023430,negative,0.0451367204794381
1295702421151383553,negative,0.14039099866125015
1295702421344325632,negative,0.27266371982416004
1295702421344333824,negative,0.10459830546158512
1295702422464192513,negative,4.317664146834203e-05
1295702422959140865,negative,0.00018390964620041046
1295702425261813760,negative,0.003959907072619156
1295702425718919168,negative,0.04807388552250905
1295702426314575873,negative,0.019901934905204827
1295702426649915394,negative,0.0012323228312725249
1295702427052781568,positive,0.9839991401447624
1295702427690246144,negative,0.044051357276136495
1295702428789149696,positive,0.7668947106235231
1295702429762289665,negative,4.9342046116011175e-09
1295702430001385473,positive,0.9547676062714417
1295702433155424262,negative,0.12601313751072224
1295702433176391680,negative,0.1229076189328905
1295702433801416704,negative,0.15713500663757607
1295702434795397120,neutral,0.49789225920557484
1295702435067867136,negative,0.0012323228312725249
1295702438385799169,negative,0.06318615365090959
1295702438998155265,negative,0.02885202517305093
1295702441497960449,negative,9.38209634834186e-05
1295702441510334464,neutral,0.49789225920557484
1295702442143875077,neutral,0.48038420429752
1295702442315862016,negative,0.13216781798733543
1295702445927075843,negative,0.008078842272471968
1295702446212358144,neutral,0.46094695413278425
1295702446501761024,negative,1.4105811180703608e-07
1295702446652653569,negative,0.03748203430391392
1295702447533498368,negative,0.12601313751072224
1295702447630036998,positive,0.9999592027840679
1295702447713931264,negative,0.09324665640464011
1295702449886564352,negative,8.657684844413725e-05
1295702450628943872,negative,8.355553475407455e-06
1295702450792542210,negative,3.750265800303984e-05
1295702450834477057,negative,0.0030234454861811913
1295702451086139392,positive,0.823629759570724
1295702451719475200,negative,0.024405456238622735
1295702451962753032,negative,0.2071251955952833
1295702455511121920,negative,4.39320323306355e-06
1295702455569862658,negative,0.0012323228312725249
1295702456148664320,negative,0.002234867757295951
1295702456178024448,negative,0.05738731705847255
1295702456467427329,negative,0.0012115498855216368
1295702458845495296,negative,0.019901934905204827
1295702459919343617,negative,0.006975874938226709
1295702460049297408,negative,1.7799365429052238e-08
1295702460154236928,negative,0.08398484869715603
1295702462527991809,neutral,0.5505550505941735
1295702462666608640,negative,0.26096658350660207
1295702464558239746,neutral,0.5371887764772089
1295702467045404672,neutral,0.6044360339979967
1295702467649212416,positive,0.780201769650283
1295702467888504832,negative,0.12601313751072224
1295702468156948487,negative,0.008394579074843578
1295702468681179139,negative,0.20762763448382407
1295702471126528007,negative,0.010952732924584563
1295702471273336837,negative,5.643077774743622e-06
1295702471646556163,negative,0.0028751724986494226
1295702472116318208,negative,0.00011518934181225322
1295702472368041985,neutral,0.49789225920557484
1295702472812527624,negative,0.016355915907645544
1295702472917475329,negative,0.12601313751072224
1295702473055723520,negative,0.0012323228312725249
1295702473110421504,negative,0.0005207109971164184
1295702473475145733,negative,0.0004989025182391388
1295702475769630720,negative,0.23793590964624936
1295702476063232001,negative,0.004655270665167053
1295702479355740160,negative,0.08007641557858117
1295702479636701186,negative,0.021681857611324445
1295702480014249984,negative,0.004637588544408518
1295702480831959040,negative,8.657684844413725e-05
1295702480983068677,negative,0.12601313751072224
1295702483529072640,negative,0.02095751726429095
1295702484619603969,negative,0.0430101816775751
1295702484757823489,negative,6.019578862716503e-07
1295702485018058752,negative,0.03769540738213657
1295702485110149120,negative,0.29922076576037687
1295702485135392768,negative,0.001362124735630538
1295702485688913930,negative,0.031238912843280897
1295702485772972035,positive,0.7081951555054813
1295702487740153856,neutral,0.6228212054530493
1295702488910385152,negative,0.14134167714666668
1295702489304530945,negative,0.012794336949919475
1295702489694646273,negative,0.0004211981740700472
1295702490487422976,negative,0.16954286108596175
1295702491519234049,neutral,0.3997623784188231
1295702491967959040,negative,0.05061175982397094
1295702493217906690,negative,0.08007641557858117
1295702495977590785,negative,0.24368915281264333
1295702496204201985,negative,0.12601313751072224
1295702496430755840,neutral,0.4140932544769971
1295702496602656769,negative,0.0007745359129958626
1295702497580011521,negative,0.06924054420465577
1295702497957498880,negative,0.07912088263054663
1295702498049536007,negative,0.0012323228312725249
1295702498146160640,neutral,0.49789225920557484
1295702498502750208,negative,3.3309420908784416e-15
1295702501350612992,neutral,0.5344029679637843
1295702501535240195,negative,0.05358492245958836
1295702501568610304,positive,0.7986801665541826
1295702501610729473,neutral,0.6563131832915976
1295702504454455296,negative,0.14134167714666668
1295702504534151169,negative,0.1807246164455315
1295702504978755586,negative,0.03144062733286661
1295702505003847682,negative,0.10983422688453083
1295702505104510977,negative,5.643077774743622e-06
1295702505377206276,negative,0.1516090625394908
1295702505456795648,positive,0.7130788936035656
1295702506169933825,negative,0.12241357769920357
1295702506299887616,negative,0.25049065976474133
1295702506366840832,negative,0.10923838763276379
1295702508447424512,neutral,0.41901263796461236
1295702508573044737,negative,0.01015436671668128
1295702508581650433,negative,0.0012172953478809907
1295702509172989954,positive,0.9450098357883242
1295702509919535105,negative,5.137806380099226e-13
1295702510485766145,negative,0.17201111918529485
1295702510536200192,positive,0.890284706788798
1295702512696274944,negative,0.0006637943113605261
1295702513073688576,negative,0.18286116381631745
1295702514088718338,negative,0.1617339925368463
1295702514139045889,negative,0.12830371513052494
1295702514818588672,negative,0.016254749442640173
1295702517586812933,negative,0.0005207109971164184
1295702518002061313,negative,0.02754931355973895
1295702519155392512,neutral,0.33618804379693296
1295702522003427329,negative,0.15706210782121804
1295702525505675264,negative,0.004181382372506014
1295702526499721216,negative,0.29354048216691747
1295702526818426881,negative,0.05482258586605138
1295702530983448576,negative,0.0012115498855216368
1295702531062939648,negative,0.29357351224156014
1295702531885203457,negative,0.07486271522033991
1295702533936218112,positive,0.9890464737486379
1295702535026741248,negative,0.0005207109971164184
1295702535420940288,negative,0.039509260629894474
1295702538126319616,negative,0.1320054398652975
1295702539074039808,positive,0.6631800561998353
1295702539183239168,negative,1.0987980960836639e-07
1295702539330101250,negative,0.0297301398440908
1295702539653001219,positive,0.9804244454961873
1295702543385931780,negative,7.577285357894906e-05
1295702544463929344,negative,0.09006050985368574
1295702547580235777,negative,0.00563059707740075
1295702547659763712,negative,0.2672430911693565
1295702547873832960,negative,0.04149421698821206
1295702548351983616,negative,0.14039099866125015
1295702548746252291,negative,5.065719468276763e-09
1295702548775608328,negative,0.018208962661737937
1295702550742802432,negative,0.04942152138816733
1295702551082532869,negative,0.006047247432337561
1295702551292256256,neutral,0.46127768308170247
1295702556539342852,neutral,0.5666333828789054
1295702561350189061,negative,0.01981185236540945
1295702564038746112,negative,0.2662272680639426
1295702564307181568,negative,0.00012803279689314805
1295702565502492673,negative,0.0023023637726636388
1295702566957985793,negative,1.072191739295082e-09
1295702567914221577,negative,0.0012115498855216368
1295702568576966656,negative,0.002141626713702949
1295702568635699203,negative,0.28822966114974197
1295702568992219141,negative,0.007782679617896566
1295702569629691904,negative,0.0012115498855216368
1295702569910763521,negative,0.0429259425578362
1295702569990447105,negative,3.750265800303984e-05
1295702571445886984,negative,0.12563043941183336
1295702571848540161,negative,0.0014881045222610214
1295702574058713089,neutral,0.42613178720538125
1295702576042840066,negative,0.004463259077525686
1295702578265718784,negative,0.044051357276136495
1295702582204215298,negative,0.17210684442092375
1295702583835852802,negative,0.0028467353035580827
1295702584167145473,neutral,0.49789225920557484
1295702584569876480,negative,4.910586320544767e-05
1295702587065487362,negative,2.6818107920778535e-05
1295702587140984832,neutral,0.41945625588961544
1295702588134838272,negative,0.06576048514270735
1295702589024219142,negative,0.010702537538883079
1295702589892431872,negative,0.00045875415852514946
1295702593281417216,negative,0.0019137076188600975
1295702593570734080,negative,0.0019708027283047535
1295702595437244418,negative,0.30399683041795633
1295702596569661440,positive,0.7757378803001985
1295702600722128897,neutral,0.5496678701602578
1295702600826990592,negative,0.0028445081289996776
1295702600919273472,negative,0.002262930620172813
1295702600957001729,negative,0.04350140218881862
1295702601196089346,positive,0.9368429545044105
1295702601225457664,negative,0.00020052238282206516
1295702601477107712,negative,0.019901934905204827
1295702601602916353,negative,0.12601313751072224
1295702601812643840,negative,0.12601313751072224
1295702601833631748,negative,0.022223357112360245
1295702605893492737,positive,0.6631800561998353
1295702606355091456,neutral,0.5437774127334062
1295702607269421056,negative,0.08781942197264347
1295702607634333696,negative,2.399671734328519e-07
1295702610201194496,negative,0.07842199755549088
1295702610457104385,negative,0.012169857429332064
1295702610499047429,negative,0.10810669943836544
1295702610855501824,negative,1.0987980960836639e-07
1295702611170144257,negative,1.1452527474055159e-08
1295702611606343683,negative,0.04807388552250905
1295702613300838401,negative,0.003436832575280087
1295702613518946306,negative,9.844110545864803e-06
1295702614076784640,negative,0.07284610879617132
1295702615335067649,positive,0.9477995601449292
1295702617084092417,neutral,0.49789225920557484
1295702617524523008,negative,0.12601313751072224
1295702617583235074,negative,0.00011774510611164886
1295702618866679808,neutral,0.4170059291045184
1295702619638378496,neutral,0.49789225920557484
1295702620150149120,positive,0.7522128298279881
1295702623295803397,negative,0.006479498972155079
1295702623367172097,negative,0.17201111918529485
1295702624256262144,positive,0.9428688322929487
1295702625959190529,negative,0.024405456238622735
1295702626097602562,negative,0.009501451079747378
1295702626181545985,negative,0.0002558449684558966
1295702627934785536,negative,0.12601313751072224
1295702627976716295,negative,0.1512397239818325
1295702630073802753,neutral,0.49789225920557484
1295702630191239168,negative,0.2071251955952833
1295702630250041344,negative,5.513422305036724e-10
1295702630396760064,negative,0.04350140218881862
1295702630430388226,negative,0.019901934905204827
1295702631659311106,neutral,0.6044360339979967
1295702631898390529,negative,0.0006893139723907056
1295702631910969344,negative,3.0921351671764287e-10
1295702632171032583,negative,0.05738731705847255
1295702632242216961,negative,0.14782831052656822
1295702632372342785,negative,0.0810688011385935
1295702634779770880,negative,0.012794336949919475
1295702635652186113,negative,0.21277367794613225
1295702636474372099,negative,0.12601313751072224
1295702639569772544,negative,0.18472108792513997
1295702639578165249,negative,0.12601313751072224
1295702639792082947,negative,0.12553753677044185
1295702640177938434,neutral,0.49789225920557484
1295702640769237002,negative,2.1751507208047918e-11
1295702642824486913,negative,0.0600101272615417
1295702644774916096,negative,0.23871696831429615
1295702644812664839,positive,0.8293180199806236
1295702647119450113,negative,0.0805026834256379
1295702647660359680,neutral,0.653082504652338
1295702647962578945,neutral,0.41945625588961544
1295702648142868481,negative,0.03302965250828128
1295702648327475206,negative,0.12601313751072224
1295702648369352705,neutral,0.4071538235890296
1295702648683933698,negative,0.12601313751072224
1295702648776273924,negative,0.14134167714666668
1295702649116020736,negative,6.870809357806283e-07
1295702651670335488,negative,0.26617985279126233
1295702652156882946,neutral,0.4170059291045184
1295702652169355270,negative,0.0032533681489490627
1295702652492419072,negative,0.10385394694798021
1295702652567916545,negative,0.012393712093729822
1295702653016694785,negative,0.30647167769809186
1295702653599715330,negative,0.26732666084174284
1295702653876543489,negative,0.044051357276136495
1295702655290015745,negative,0.18299730410594303
1295702655361323013,negative,0.05802606271412302
1295702655432626179,negative,0.0018467402387284458
1295702655617171462,negative,0.004097813475280554
1295702656032411648,negative,0.12601313751072224
1295702656326029316,negative,0.010332653681365602
1295702656737058817,neutral,0.40999518547053604
1295702656808353798,negative,0.041759171076040845
1295702657030553600,negative,0.11914007682297054
1295702657261137920,negative,0.0012115498855216368
1295702659874394113,neutral,0.5496678701602578
1295702659958284288,negative,0.011151595823809033
1295702660545306626,positive,0.6631800561998353
1295702660650274823,neutral,0.5808741501827569
1295702661631803393,negative,0.10600349061693258
1295702664475553792,negative,0.0012323228312725249
1295702664559448064,negative,0.10767135168063896
1295702664949518336,negative,0.08301289864159057
1295702665285054465,negative,0.024259826599283975
1295702665364533251,negative,0.0012323228312725249
1295702666316840961,negative,0.0012115498855216368
1295702666316845058,negative,0.1516090625394908
1295702667768070146,negative,0.0072938360075774575
1295702668309135366,negative,0.0010570055146033976
1295702668871180288,negative,0.0007745359129958626
1295702669596790784,negative,1.9646103334123537e-06
1295702669634535425,negative,0.10561146347332188
1295702670003654657,negative,0.019405995343670348
1295702672910290944,negative,0.019901934905204827
1295702672935460870,negative,0.000819889741438807
1295702672956325888,negative,0.0003606479798950796
1295702673077960704,negative,7.0819020871485945e-06
1295702673489002496,negative,0.02132099595582579
1295702673489043458,negative,0.001508225662847598
1295702673694445568,negative,3.958671566026989e-05
1295702673891774472,negative,0.12601313751072224
1295702674428563457,negative,0.12601313751072224
1295702677368770560,negative,0.016024650510506274
1295702677691785216,negative,2.8656526328885995e-06
1295702677847003138,negative,0.12601313751072224
1295702678283202560,negative,0.15566749105433283
1295702680124497920,negative,0.006980360205004127
1295702680988508160,negative,0.12601313751072224
1295702681147899904,neutral,0.5315534514659949
1295702681214947328,negative,0.0020031729611166655
1295702681328246784,negative,9.967715249599782e-07
1295702681336590336,negative,0.0032533681489490627
1295702681949003777,negative,0.011895103631210224
1295702685174333441,negative,0.0012323228312725249
1295702685468024832,negative,0.13216781798733543
1295702686441111553,negative,0.09116380494360893
1295702686822694922,negative,0.09492786723641498
1295702687221264389,negative,0.0025002148016508804
1295702687229644801,neutral,0.49789225920557484
1295702687410003968,negative,0.0008708250789447294
1295702688580210689,negative,0.004705075822173073
1295702688865419264,negative,0.00034075511058453923
1295702689435865090,negative,1.4976252542140145e-06
1295702689582587905,neutral,0.5344029679637843
1295702690236895235,negative,0.011975695377960413
1295702690635427841,negative,0.12601313751072224
1295702690664722433,negative,0.044051357276136495
1295702690773835780,negative,6.11535551092027e-05
1295702690840879109,positive,0.9806432432293448
1295702690962575361,negative,0.024405456238622735
1295702693789470720,negative,0.0012115498855216368
1295702694099857410,negative,0.02946476250690468
1295702694309625857,negative,0.1052493297249207
1295702695106547714,negative,0.12601313751072224
1295702695383359490,negative,0.05738731705847255
1295702695593029635,negative,0.00011510308476077163
1295702697186938880,neutral,0.49789225920557484
1295702697333657600,negative,0.04339053073132134
1295702697933508609,positive,0.9999995592370942
1295702698147315718,negative,0.10711637888876457
1295702698659139584,negative,0.024832072749050516
1295702699367784451,negative,0.004316169404615848
1295702701595136000,negative,0.19563760923581308
1295702703285456896,negative,0.09237606070565463
1295702703839031296,negative,0.0014881045222610214
1295702705659404288,negative,0.0023418750538408794
1295702705739124736,negative,0.005071896474972483
1295702705747513346,neutral,0.43492002157381665
1295702705973993472,negative,0.11192639917022225
1295702706082938882,negative,5.929974285857408e-06
1295702706149982209,neutral,0.5505550505941735
1295702706200424448,negative,7.098665514213687e-06
1295702706326298624,negative,0.019901934905204827
1295702706842210304,negative,0.0026362244038887527
1295702706905112579,negative,0.2071251955952833
1295702710830997505,negative,7.098665514213687e-06
1295702712181559302,negative,0.10557980146672599
1295702715947823105,neutral,0.5374478655040366
1295702719106342914,negative,0.07830006334730844
1295702720255594496,negative,0.004454287704540177
1295702720293351424,negative,2.7081471335827664e-05
1295702723678150656,positive,0.9932418432954684
1295702724391120902,negative,0.02710320016702004
1295702726945406976,neutral,0.37874993579954885
1295702727021010944,negative,0.009501451079747378
1295702727260090370,negative,0.11652648328271868
1295702728803586048,negative,0.03700175107257115
1295702729201979394,negative,0.003802063160635881
1295702730984558593,negative,0.0012115498855216368
1295702731802447874,negative,3.750265800303984e-05
1295702735082397698,negative,0.0044751908526509945
1295702735866810368,positive,0.999996943185874
1295702735883579392,negative,0.12867035186927672
1295702737296990212,negative,0.034365340080358645
1295702741717639170,positive,0.9976521473271183
1295702743529684993,negative,0.03424677648972107
1295702743714234368,negative,0.051006876849169186
1295702744536420353,negative,2.465229185943215e-07
1295702744569913345,positive,0.877937901066401
1295702744649437196,negative,0.052017312154760804
1295702744729374720,negative,0.0009523254789268912
1295702747430424579,neutral,0.49789225920557484
1295702747673763841,neutral,0.34888821460125347
1295702747870711810,negative,0.008178362527209763
1295702748076355584,negative,0.11766831208166835
1295702748391002112,neutral,0.4020383545323593
1295702748814548998,positive,0.9064919646455261
1295702749410140160,negative,0.17775680830642215
1295702752119660545,negative,0.0004611026564177984
1295702752186728449,negative,0.051006876849169186
1295702752186826752,negative,0.09492786723641498
1295702753793187841,negative,0.13402844583612183
1295702757542965248,negative,0.00023856735987737933
1295702758541197313,neutral,0.5718541379795399
1295702761028427776,negative,1.3804904792491668e-10
1295702761745645574,negative,0.15145939828033558
1295702763305938944,negative,0.085374508322731
1295702763620507649,negative,0.08429323407524633
1295702765839278083,negative,0.0002187662640513648
1295702768959791106,negative,0.009512749498927161
1295702770243297281,negative,1.4785914645868008e-06
1295702770775883776,neutral,0.5696424824277743
1295702772990476289,negative,0.0065819612129372155
1295702774521495559,negative,0.025054689733965654
1295702777235202049,negative,0.002095789388531286
1295702778199908352,negative,0.15125072417845442
1295702778707353600,negative,0.06296447026669873
1295702785359519745,negative,3.076229869885737e-05
1295702785632219136,negative,0.14291587647617382
1295702786273939456,negative,2.4993220491118347e-05
1295702786416480256,neutral,0.39274568698643586
1295702787494469633,negative,0.0005039465865416886
1295702788685651968,negative,3.266843642600025e-08
1295702789943943169,negative,0.00031364293548161875
1295702789994295297,negative,1.2929659639270265e-05
1295702790023643137,negative,0.0025814526567725505
1295702790631649280,negative,0.05738731705847255
1295702791483260929,neutral,0.4020383545323593
1295702791512629248,negative,0.0003846737155787164
1295702791672025090,negative,0.0014603721886381797
1295702791680413697,negative,0.003738651823964611
1295702791789449218,negative,1.0211573833574683e-05
1295702794268286979,positive,0.9983564137771986
1295702794444382208,negative,0.015986331008201234
1295702794561781760,negative,0.0021831887478922
1295702795610476544,negative,0.2512242327566499
1295702796197679104,negative,0.02132099595582579
1295702797934039040,negative,1.6395967586671367e-05
1295702798215110662,negative,0.0026362244038887527
1295702798387077120,negative,0.0002321357618835502
1295702798479380482,negative,0.22035441222533647
1295702799737643010,negative,0.03470949412263895
1295702800068943872,neutral,0.4635476503877262
1295702800605814786,negative,0.0075130361079723046
1295702800656105473,neutral,0.5031820744633436
1295702802082279424,positive,0.7509082171332925
1295702802094788608,negative,1.3928535509877024e-06
1295702802124148736,negative,0.12601313751072224
1295702802455498753,negative,0.008672165459036544
1295702803403481089,negative,6.965900151709478e-11
1295702803969646593,negative,0.0020834233869462602
1295702804020056064,negative,0.04807388552250905
1295702804229697537,neutral,0.3306646816629014
1295702806104616961,negative,0.07423595696779832
1295702807291494402,negative,0.006151718460494699
1295702807421517829,negative,0.070881458421066
1295702807606165509,negative,0.12601313751072224
1295702810751836161,negative,0.08007641557858117
1295702811095834627,negative,1.1016085075875419e-06
1295702811456528384,negative,0.12601313751072224
1295702811821383680,negative,0.02545445313493427
1295702811871547392,negative,8.090041185585129e-10
1295702812597391360,negative,0.03769540738213657
1295702813004247040,negative,0.0001493842457860324
1295702813012623360,negative,0.2071251955952833
1295702815000743936,negative,4.942974956202568e-09
1295702815613030401,neutral,0.3619451476948216
1295702815839522817,negative,0.14134167714666668
1295702815956971521,negative,0.0015348884372020054
1295702816095449088,negative,0.12601313751072224
1295702816342700033,negative,0.003802063160635881
1295702816762269707,negative,0.0315061214645871
1295702818754629632,negative,0.08530964621019042
1295702819396292608,negative,4.207962839326071e-07
1295702819488636930,negative,0.025842057056608837
1295702819786436609,negative,0.12021709371254997
1295702819870253056,negative,0.2871079207531745
1295702819907997696,negative,0.12601313751072224
1295702820562362368,negative,8.418688190818232e-05
1295702821418020866,negative,1.1640883538916891e-07
1295702821493497856,negative,0.011520237598419386
1295702823556898816,negative,0.0012323228312725249
1295702824056246272,negative,0.015764708276380855
1295702824207212547,negative,0.0012323228312725249
1295702824593035264,negative,0.07563971932840381
1295702824903483392,negative,0.22463230117098826
1295702824907677696,negative,0.0012643754658529468
1295702825541013504,negative,1.8806576105561647e-07
1295702825712967681,negative,0.01744778769645543
1295702827214548992,positive,0.7004954268488085
1295702827671617538,negative,0.0012323228312725249
1295702827751415808,positive,0.9266217682997462
1295702828137283586,neutral,0.4020383545323593
1295702828678295552,negative,2.905551428109106e-05
1295702828908974080,negative,3.0654171138352494e-05
1295702828925820928,negative,0.015881501290013072
1295702829420752898,negative,0.07272716365215044
1295702829785649153,negative,0.06901284341561151
1295702831907962880,negative,0.00011920047949049027
1295702831945613314,negative,0.17201111918529485
1295702831996055553,negative,0.12601313751072224
1295702832704823297,negative,0.06627508356669053
1295702835674439681,negative,0.008669467624739928
1295702835775119360,negative,1.7600255895873983e-05
1295702836081127424,negative,1.0321650050331415e-06
1295702836345528320,negative,0.10959463138292411
1295702836702052353,negative,0.0002454273842077006
1295702837041782786,negative,0.01291508036918622
1295702837536665600,negative,0.0016090498285206626
1295702837637373954,negative,0.005569178103225149
1295702837666750470,negative,2.4993220491118347e-05
1295702840325931008,negative,0.006989559320607301
1295702840569143297,negative,0.27862763325678874
1295702840694812679,neutral,0.49789225920557484
1295702841038983169,neutral,0.3306646816629014
1295702841076658177,negative,0.00018163029114407663
1295702841336770565,negative,0.12601313751072224
1295702841420664832,negative,5.643077774743622e-06
1295702842213314560,negative,0.06563344787852361
1295702842221703168,negative,0.1844800439794266
1295702844595671045,negative,0.2071251955952833
1295702844776108034,negative,1.6514342004335796e-05
1295702844843188224,negative,0.019901934905204827
1295702844994183171,negative,0.29313303631198256
1295702845438734337,neutral,0.4020383545323593
1295702845619142666,negative,0.23122886494677225
1295702845635821568,negative,0.00039995668226083185
1295702849117196288,negative,5.576031647107205e-05
1295702849410805761,neutral,0.36072098323156504
1295702852841742336,neutral,0.3619451476948216
1295702853969948673,negative,0.019901934905204827
1295702855500943360,neutral,0.4424725021168041
1295702857237159936,negative,0.1736498928363425
1295702857350610944,negative,0.006615806446706518
1295702857702940673,negative,0.034826809163427494
1295702858386505728,negative,0.02948150949230158
1295702858675912704,negative,0.0028600087169856304
1295702858692808704,negative,0.12601313751072224
1295702858785001472,positive,0.9094509036755622
1295702859032530945,negative,0.0033247800397299245
1295702861301481474,negative,3.820753341545138e-08
1295702862278930432,negative,0.16555727204251808
1295702865093238784,negative,0.12601313751072224
1295702865571459072,negative,1.3290059832167561e-05
1295702865642758144,negative,0.2382669582645585
1295702865726644226,positive,0.9368429545044105
1295702865839886337,negative,0.004053118679355682
1295702865927966721,negative,0.0014680674735623432
1295702865982480384,negative,0.12601313751072224
1295702866049474560,negative,0.0012323228312725249
1295702866519363584,negative,0.14364185390983958
1295702866708115456,negative,0.004053118679355682
1295702866779418625,neutral,0.33814765817941306
1295702869320929280,negative,0.0004692367915139291
1295702869686067201,negative,0.16176363966730578
1295702870327799808,negative,0.10923838763276379
1295702870474592257,negative,0.0005207109971164184
1295702870646566914,negative,0.00011510308476077163
1295702871208611840,negative,0.0011908232097848322
1295702873603559424,negative,0.0008594106389080929
1295702873620307973,negative,0.0009276565213123556
1295702874232586240,negative,0.12601313751072224
1295702874450563073,negative,0.06857845180741216
1295702874698256384,negative,0.08727839441278949
1295702874815696897,neutral,0.5902901827896669
1295702875163762688,negative,0.12703079801528697
1295702875436441600,negative,0.003802063160635881
1295702875750924293,neutral,0.4227387666139633
1295702877533544448,negative,1.3290059832167561e-05
1295702877848182786,negative,0.0020964964794746516
1295702878078763009,negative,0.12601313751072224
1295702878653317126,negative,1.6395967586671367e-05
1295702879240695809,negative,0.019994443711816
1295702880293474307,negative,0.05741082219477387
1295702882084368390,negative,0.12107842200962818
1295702882550001664,negative,0.044051357276136495
1295702882604515331,negative,0.006231214981885819
1295702883191656451,negative,0.02136667918263079
1295702884710002688,negative,0.05738731705847255
1295702884856795139,negative,0.12601313751072224
1295702884953333761,negative,0.29354048216691747
1295702885062324225,negative,0.11766831208166835
1295702885326630915,negative,0.06377054157198513
1295702885796327426,negative,0.006062806467946696
1295702885985136647,negative,0.12434961156084774
1295702886228406273,negative,0.21982088014014875
1295702887084036096,negative,0.12438351020267074
1295702887566376960,negative,0.005317214705418283
1295702887620849664,negative,0.08226779683389517
1295702887964774400,negative,0.0030760300097730066
1295702890443673600,negative,0.2071251955952833
1295702890456195073,negative,0.05738731705847255
1295702891349647362,negative,0.00039995668226083185
1295702891412561921,negative,0.3155501129964307
1295702891609698304,negative,0.20324586410364273
1295702893027262465,negative,0.12601313751072224
1295702894365286400,negative,0.08295048567063809
1295702894470205443,negative,0.12601313751072224
1295702896491864064,negative,0.0012115498855216368
1295702903294918656,negative,0.15953503191670906
1295702903710244866,negative,8.379833073271774e-09
1295702903852863488,negative,3.043466502749466e-05
1295702903924101122,negative,2.017508613954319e-09
1295702904796590080,neutral,0.4020383545323593
1295702904943390725,neutral,0.5315534514659949
1295702912283312128,negative,0.0001478957441064338
1295702917194932226,negative,0.012794336949919475
1295702919560536064,negative,0.002262930620172813
1295702920298663936,neutral,0.4767002428069775
1295702920483176449,negative,0.16555727204251808
1295702921112428544,negative,0.02895540199170944
1295702921829650432,negative,0.0012115498855216368
1295702921829654529,negative,0.12355790632600333
1295702924115480576,negative,8.580256118981073e-12
1295702924602073088,positive,0.9705720884635586
1295702924958609409,positive,0.7576684768753745
1295702925055004673,negative,0.061883551931472734
1295702925533118465,negative,4.9161417993487615e-06
1295702928632639489,negative,0.18472108792513997
1295702929366757377,negative,0.30582240178079
1295702929672994818,negative,0.031276216163328145
1295702929702256641,negative,0.056430225833351916
1295702931245797381,negative,0.08059495243739884
1295702932348899329,negative,0.06648983850325393
1295702932365746177,negative,0.05113586595866034
1295702933812555786,negative,0.17201111918529485
1295702934018314242,negative,0.07270591234575756
1295702936341929984,negative,0.01273282321515144
1295702936530583552,positive,0.908383091445424
1295702936803323906,negative,0.0012261384072672855
1295702945636462592,negative,0.0019137076188600975
1295702945862946817,negative,0.015956965911879527
1295702945921736704,negative,0.04456668402241006
1295702946450149379,negative,0.002388462964244313
1295702949927231490,negative,0.05784351897484676
1295702950485143552,negative,0.04104935422904873
1295702957279805442,negative,1.8088188086353651e-06
1295702957317599237,negative,0.007946109234661044
1295702957443428352,negative,6.253669972557441e-06
1295702958215254016,neutral,0.5374478655040366
1295702961088114689,neutral,0.42139951317857355
1295702961901973506,negative,0.14708558949184208
1295702963160264704,negative,0.2677651204054746
1295702963265077248,neutral,0.5017543432377519
1295702963684544513,negative,6.98531992232342e-06
1295702963692998656,negative,8.894585945055822e-05
1295702972639453186,negative,0.27126074185219656
1295702973033713675,positive,0.9266217682997462
1295702974077992960,neutral,0.502078848952195
1295702974333943808,negative,0.14134167714666668
1295702974996656129,negative,0.265362950544781
1295702975474798593,negative,0.12601313751072224
1295702975671939072,negative,0.0004498087860835411
1295702975739039744,negative,9.6255453023081e-06
1295702978498834434,neutral,0.567271095674514
1295702978964357132,negative,0.0017513491502150333
1295702979220246528,negative,0.032375043644158386
1295702979933343744,negative,0.0141936099003583
1295702979962642433,negative,0.0002454273842077006
1295702980054794241,negative,0.2551159619618748
1295702982777020418,negative,0.21972124805158655
1295702984228253697,negative,1.686179336173349e-05
1295702984245084161,negative,0.009543830128643476
1295702984509325312,neutral,0.6060721393010143
1295702984626778112,negative,0.004100344550865091
1295702984681193473,negative,1.529653595351376e-08
1295702984970711040,negative,0.12601313751072224
1295702985415241730,negative,0.006749968586320787
1295702987273383937,negative,0.027061204445727103
1295702987751424001,negative,0.007696942261815526
1295702988888182785,negative,0.0008686793933022024
1295702988909162498,negative,0.0012323228312725249
1295702991245316097,negative,0.04350140218881862
1295702991819997186,negative,0.0026362244038887527
1295702991824211969,negative,0.3285715295350738
1295702992243564551,negative,3.8767539461802966e-07
1295702992587558914,negative,0.001275494760618546
1295702992814051328,negative,0.12601313751072224
1295702995401871360,negative,0.2772811631584825
1295702995510784002,negative,3.750265800303984e-05
1295702995552931847,negative,0.004436263919191807
1295702995720704003,positive,0.9632842084015091
1295702996052054018,neutral,0.4943381908514621
1295702996387536897,negative,0.05738731705847255
1295702996769296384,negative,0.0016969321211445898
1295702996953767936,negative,0.2071251955952833
1295702996987371520,negative,0.07039115002182492
1295702997075296257,negative,0.08007641557858117
1295702999558434817,neutral,0.365469986869545
1295702999659094017,neutral,0.4928031483423741
1295703000250486784,negative,0.01872487989763033
1295703000443494401,negative,0.12601313751072224
1295703000628027394,neutral,0.47899764479002754
1295703000892276738,negative,0.12601313751072224
1295703001546526726,negative,0.2836863757917563
1295703001605312513,negative,0.00028696207194974194
1295703003396218882,negative,0.11218045315613208
1295703003408797697,negative,0.14134167714666668
1295703003731763205,negative,1.4727137896702363e-07
1295703003752804352,negative,0.22408391551629084
1295703003861835776,negative,0.0004211981740700472
1295703003912114178,negative,2.7082125623319334e-06
1295703005447311360,negative,0.008078842272471968
1295703005556289540,negative,0.05738731705847255
1295703008307798017,negative,0.007098385553149903
1295703008576184323,negative,0.0012115498855216368
1295703008723034119,neutral,0.3306646816629014
1295703008924270592,negative,0.18472108792513997
1295703009146605573,negative,0.27781596414135684
1295703009188556803,positive,0.9595540354270854
1295703009737965569,negative,0.0032533681489490627
1295703009893273600,negative,0.12601313751072224
1295703011881361409,negative,0.16555727204251808
1295703013366145025,negative,0.11766831208166835
1295703013370335232,negative,0.17775680830642215
1295703016495087620,negative,3.750265800303984e-05
1295703016696352770,negative,3.419972254241916e-05
1295703017543565318,negative,1.3290059832167561e-05
1295703017648513025,negative,6.183669266500837e-05
1295703018189529089,negative,9.103841070327691e-07
1295703020366368769,negative,0.2662272680639426
1295703020655841283,negative,0.23704735335805455
1295703022211862529,negative,0.04350140218881862
1295703022270590977,neutral,0.40164566407707886
1295703024418127873,negative,0.0005726145673210084
1295703024741097472,negative,0.02847036779717256
1295703025340887041,positive,0.9822505034318223
1295703025483382790,neutral,0.614952937468593
1295703025558925313,negative,3.750265800303984e-05
1295703026154512384,negative,0.044051357276136495
1295703029950418945,negative,0.0002454273842077006
1295703031204503553,positive,0.7576684768753745
1295703031342927872,negative,0.019901934905204827
1295703033209397253,negative,0.004100344550865091
1295703034199248896,negative,0.00012975839306482833
1295703034346037248,negative,0.00024502095853786067
1295703035151355906,negative,0.0028529535414958235
1295703035264589825,negative,0.14134167714666668
1295703035365269505,negative,2.7576915926557836e-05
1295703035713220613,negative,0.14540995080378058
1295703036124250114,negative,0.2715220889220143
1295703036229189633,negative,0.0005834218105572625
1295703037323902978,negative,0.04807388552250905
1295703037361758208,neutral,0.513307498800323
1295703037458223104,positive,0.7004954268488085
1295703039148523522,negative,7.385214617892637e-06
1295703039249129473,negative,0.29269589891569664
1295703041388281856,neutral,0.502078848952195
1295703041610526720,negative,0.10459830546158512
1295703042017419266,negative,0.12601313751072224
1295703042222952451,neutral,0.36072098323156504
1295703042336137217,negative,0.0013422869196148164
1295703042726285313,positive,0.6634765676318548
1295703042873077760,negative,0.04541324580731029
1295703046522122244,negative,0.070881458421066
1295703046765387776,negative,0.0005160388999215636
1295703046878638083,neutral,0.3306646816629014
1295703047344140289,negative,4.422013802866485e-05
1295703051030990848,negative,0.12601313751072224
1295703051752415232,negative,0.010335221621223443
1295703052138229762,negative,0.12996067225191882
1295703052528357376,neutral,0.4020383545323593
1295703053794971649,neutral,0.5376863198716558
1295703055434952704,negative,0.00012975839306482833
1295703058865954818,negative,0.00015346569853918462
1295703059075674112,negative,0.2677651204054746
1295703060195487745,negative,0.10923838763276379
1295703060526891008,negative,0.005902900241230826
1295703060547883008,negative,0.0002950035274722003
1295703063060262918,negative,0.14134167714666668
1295703063123156994,negative,0.12601313751072224
1295703063244738566,negative,0.007371891938839668
1295703063827820545,negative,0.18474960885817393
1295703064054292489,negative,7.335954154447498e-08
1295703064544972804,negative,0.0017044512010052923
1295703064595267586,negative,0.2869861629949741
1295703064834342922,positive,0.8879420740235422
1295703065018990592,neutral,0.49789225920557484
1295703065216069635,negative,0.05738731705847255
1295703065291444228,negative,1.3290059832167561e-05
1295703066361159680,negative,0.10396600402265237
1295703066440806400,negative,0.0006523900415704889
1295703066667294720,negative,0.2071251955952833
1295703067053228033,neutral,0.5374478655040366
1295703067690704897,negative,0.12601313751072224
1295703068030521344,negative,0.2836863757917563
1295703068223442944,negative,5.055257834482208e-07
1295703070538698752,negative,0.0018657919984342661
1295703071629152260,negative,0.0021433954446389053
1295703072048635910,negative,0.12601313751072224
1295703075437584386,negative,0.00961692292953766
1295703075894763520,negative,3.5812709417550103e-06
1295703076708524033,negative,0.00022438499837484574
1295703077316628480,negative,6.402329730420318e-05
1295703079967494144,negative,0.004437349970861413
1295703083633303558,negative,0.17201111918529485
1295703084061122560,positive,0.9368429545044105
1295703084451147776,negative,0.04543527778940203
1295703084971315201,neutral,0.5374478655040366
1295703085021646848,negative,0.0008120014228891967
1295703085357113348,positive,0.9886442611031434
1295703085961142272,negative,0.17722073244259334
1295703088599375872,neutral,0.42755866745518784
1295703091778662401,negative,0.11068872709575771
1295703093213044736,negative,0.002367720848181423
1295703096992182272,neutral,0.33440212514266987
1295703097252118528,negative,0.03891071954276533
1295703101073219589,negative,0.00048654556834134183
1295703107079462912,neutral,0.6240432158632805
1295703109323325440,negative,0.15963785849838982
1295703109944193025,negative,0.0006146947006735611
1295703110317473793,negative,3.0688348428892844e-06
1295703112708227072,negative,0.0008189876072297521
1295703113001771012,negative,7.355796348810781e-06
1295703113081524231,negative,0.01603611919640262
1295703113215639553,negative,0.18286116381631745
1295703113798754304,negative,0.010368903802483474
1295703114012667910,negative,0.00015295739715158883
1295703117112266752,neutral,0.49789225920557484
1295703117619703808,negative,0.0018657919984342661
1295703117854580738,negative,0.22571658443345985
1295703118957752320,negative,0.06377054157198513
1295703119263924224,negative,0.03424677648972107
1295703120237010948,negative,0.00010105005016432953
1295703121860218880,negative,0.00010105005016432953
1295703122304733191,negative,0.0009309096130113586
1295703122627702786,negative,0.0009645445931260158
1295703123114303497,negative,0.00036296164667207344
1295703123659558914,negative,0.22571658443345985
1295703124804591617,neutral,0.40266121729989907
1295703125458919426,negative,0.0017851008275454312
1295703125718978560,negative,0.00010105005016432953
1295703126184525830,negative,0.002141626713702949
1295703127535034370,negative,0.055206061716839304
1295703127702884352,negative,0.17775680830642215
1295703130206863367,negative,3.410927996450831e-05
1295703130345177089,negative,0.0027371390789015476
1295703130705993728,negative,0.0005003820658617559
1295703130756329480,negative,2.6567749296804964e-07
1295703131557437440,negative,1.1295189165683084e-06
1295703134140944391,negative,0.00010105005016432953
1295703134292119552,negative,0.22571658443345985
1295703134724075525,negative,0.0030413631185071664
1295703137899155456,negative,0.055507381789789166
1295703138075369472,negative,8.246392357099593e-05
1295703139044253697,negative,0.021648613452913575
1295703139962716160,negative,0.14887103483615352
1295703140071866368,neutral,0.4574427506392779
1295703142089330690,negative,0.10240815662956858
1295703142340886529,negative,0.004416702620394086
1295703142970032128,negative,4.317664146834203e-05
1295703142978461698,negative,0.002626217311469271
1295703143087575040,negative,0.0010812266657807704
1295703144152932353,negative,0.21593946531192237
1295703145985736704,negative,0.17775680830642215
1295703146149351430,negative,0.03424677648972107
1295703146405277699,negative,0.012794336949919475
1295703147554496512,negative,0.03506175650440121
1295703147579691009,neutral,0.5374478655040366
1295703148041035776,neutral,0.4412034357541848
1295703151841091585,negative,0.07682894504827079
1295703152503803904,negative,0.051839411327444455
1295703155926339584,negative,0.0012115498855216368
1295703157264220160,negative,0.03135431427877863
1295703159483105282,neutral,0.6397472596389157
1295703159734767618,negative,0.16867684297839647
1295703163270569985,negative,0.0012115498855216368
1295703163316707329,negative,0.013089281480064363
1295703163572498433,negative,0.052975694902104645
1295703164902084609,negative,0.12458076596715235
1295703165510311938,negative,0.058553252288677915
1295703167523606529,neutral,0.41932072466755965
1295703167636656128,positive,0.8723462521099945
1295703169864019969,positive,0.8945396879538031
1295703169964572672,negative,0.0012323228312725249
1295703170069475329,negative,0.00028696207194974194
1295703171411644418,negative,0.15296352675337063
1295703172040794112,neutral,0.40266121729989907
1295703172921663490,negative,0.07741741872173952
1295703173152284672,negative,0.216216832352683
1295703175366881287,negative,0.12601313751072224
1295703175777988609,negative,0.023943058747818075
1295703176012869635,negative,0.01981185236540945
1295703176381898752,negative,6.402329730420318e-05
1295703176398675970,negative,0.011121135258819664
1295703176541282304,negative,0.011577013803850641
1295703176713318400,negative,0.04350140218881862
1295703177157849094,positive,0.8760609561519289
1295703177606713345,negative,9.523985421593688e-05
1295703178089029633,negative,0.14197238047295843
1295703179766702082,positive,0.9949847340721659
1295703179796131841,neutral,0.43492002157381665
1295703180374876161,negative,0.08666726398346951
1295703180706230282,negative,0.09921910659324185
1295703180852879360,negative,0.2402398631333902
1295703181406736384,neutral,0.49789225920557484
1295703181930921986,neutral,0.5514221500974551
1295703183856214016,negative,0.0013422869196148164
1295703185257111553,negative,0.10886634654411638
1295703185449988097,negative,0.0009645445931260158
1295703186087518208,negative,0.00020579062168537787
1295703186129420288,negative,0.0005943322933522389
1295703188545429505,negative,0.12601313751072224
1295703188604162048,negative,6.525497239824883e-05
1295703188717412356,negative,0.0072938360075774575
1295703189854072833,negative,0.12601313751072224
1295703192349683713,negative,0.05017656982950122
1295703192718761984,negative,0.0012115498855216368
1295703192890638337,negative,0.06755976209626206
1295703193251450880,negative,0.04350140218881862
1295703194513932289,negative,0.2619587081302613
1295703194979500032,negative,0.00018438050442467772
1295703195117932546,negative,0.0012323228312725249
1295703195281510400,negative,0.02284073392673228
1295703195314991105,negative,4.943766565055863e-06
1295703197328302083,negative,0.00027698427206148974
1295703197470863365,negative,0.08716965005223476
1295703197869383680,negative,0.0430101816775751
1295703198066409472,positive,0.9514744829259653
1295703200528502785,negative,0.04421896871733771
1295703201543577603,negative,0.044051357276136495
1295703201682010112,negative,0.019901934905204827
1295703202659147776,negative,8.418688190818232e-05
1295703203045150721,negative,0.0020264829264148286
1295703204760559617,negative,0.0006242821663680862
1295703204873740288,negative,0.08007641557858117
1295703205108580352,negative,0.059278302912393464
1295703205473669120,negative,0.12601313751072224
1295703207050698752,negative,0.04145487790763871
1295703207340122114,negative,0.005664538894654378
1295703209860829185,neutral,0.49789225920557484
1295703209940484099,negative,0.020756289013948888
1295703211244949510,negative,0.14134167714666668
1295703211282767872,negative,0.12601313751072224
1295703211861475328,negative,0.00038043152102195505
1295703217884602368,negative,0.06903912724250526
1295703219339956225,negative,0.11127015620531605
1295703219751051264,negative,0.12601313751072224
1295703220057264128,negative,0.08022047292342224
1295703220279554053,negative,0.08007641557858117
1295703222649270273,negative,0.008551744862496442
1295703222666113024,neutral,0.36635661683255455
1295703224046039041,neutral,0.5090825199828798
1295703225795051520,negative,0.0031797094825060327
1295703226398978048,negative,3.25722101444236e-05
1295703226893967362,negative,0.07241850314897574
1295703226969399296,negative,0.05981201577321722
1295703227334180866,negative,0.29251309412254717
1295703227497738240,negative,0.10430392243062951
1295703227577643010,neutral,0.49789225920557484
1295703228257128448,negative,9.219808685223997e-05
1295703230048022528,negative,0.12601313751072224
1295703230702379009,neutral,0.4465626554642891
1295703230765096966,neutral,0.49789225920557484
1295703231063109632,negative,0.09922536571422984
1295703231893577729,negative,0.14134167714666668
1295703232103276544,negative,0.0012323228312725249
1295703234187874305,negative,0.0004064651100029794
1295703234334597120,negative,0.08755118420002257
1295703234863140865,negative,0.12601313751072224
1295703235374854145,negative,0.036947474100585825
1295703236452679680,negative,0.03480370717048508
1295703237123878918,negative,0.2458408159936507
1295703237295824897,negative,3.314676904291283e-07
1295703238449278976,negative,0.10923838763276379
1295703238638014464,negative,0.22035441222533647
1295703239523012608,negative,0.06903912724250526
1295703239548076032,neutral,0.5902901827896669
1295703239678140418,neutral,0.3306646816629014
1295703239820795905,negative,0.011151595823809033
1295703239841722373,positive,0.95367471828064
1295703240638713856,negative,0.0006226584581582143
1295703242702192641,negative,0.00031298144244070375
1295703243184578561,negative,0.001150404241661264
1295703243344023554,negative,0.23547395389090442
1295703244694487041,neutral,0.3709491165362941
1295703244715339778,negative,4.942974956202568e-09
1295703244790956032,negative,0.001005457773570323
1295703245999005701,negative,0.00043247093714531275
1295703247131496456,negative,0.001005457773570323
1295703247529762831,negative,4.357475174769276e-06
1295703250902102016,negative,0.22212313107038198
1295703252001005568,negative,0.012723223352748777
1295703252181364736,negative,0.0015446327830907893
1295703252219068417,negative,4.8129765291973394e-05
1295703252319776770,negative,0.05738731705847255
1295703252332208128,negative,0.08007641557858117
1295703252575690753,positive,0.9831259672737361
1295703255159382017,negative,0.024405456238622735
1295703255281016833,positive,0.9368429545044105
1295703255478079488,negative,5.4581853859875306e-05
1295703255557853187,neutral,0.3371348131876588
1295703256447025155,negative,0.0021831887478922
1295703256451014658,negative,0.21357557416578765
1295703256610603008,negative,0.0011938802422112786
1295703259269804032,neutral,0.45865158599960215
1295703259676577797,negative,0.14227454618906335
1295703259974455297,negative,0.24075266893863836
1295703261220163585,negative,4.4670263618097566e-13
1295703261652176897,neutral,0.49789225920557484
1295703261719166977,negative,0.07161603177508977
1295703261773811712,neutral,0.5208267098290644
1295703264156155910,negative,0.22035441222533647
1295703264344842242,negative,0.12601313751072224
1295703264407814145,neutral,0.5344029679637843
1295703265120784385,positive,0.8326032565943451
1295703265351479296,negative,3.056608221846448e-11
1295703267926736896,negative,0.2677651204054746
1295703268648157184,negative,0.1773930226506268
1295703270380449792,negative,0.12601313751072224
1295703272947417088,negative,0.3220268760129168
1295703274025291776,negative,0.30158464101907223
1295703274176286720,neutral,0.6300557392989174
1295703275996688384,positive,0.7053908788915162
1295703276734820354,negative,0.12279167466125734
1295703277212971009,negative,0.25160651867053596
1295703277296848897,negative,3.25722101444236e-05
1295703277657620480,negative,0.07645894786716516
1295703278316146689,negative,0.08376611679530784
1295703278500687872,negative,0.11071018408393729
1295703280979521536,negative,0.2662272680639426
1295703281101148160,negative,0.12601313751072224
1295703281298178050,negative,0.1926270397825894
1295703282355187713,negative,0.03772435600504018
1295703283064086528,negative,9.016006613130375e-05
1295703283156373504,negative,0.01744778769645543
1295703284615979011,negative,0.0006842428013316606
1295703284787937281,negative,0.00358534774898082
1295703285270282241,negative,0.27964972285156864
1295703286071406592,negative,4.7484087402352196e-05
1295703288709632001,negative,0.001749881344309971
1295703290173444098,negative,5.643077774743622e-06
1295703294099304454,negative,0.18286116381631745
1295703297383370752,negative,0.044051357276136495
1295703298222284800,neutral,0.49789225920557484
1295703298251599878,negative,0.02063586315407304
1295703301166637061,negative,0.053798656698262566
1295703302089445376,negative,0.12311770396835403
1295703302215213056,negative,0.005438521945107206
1295703302932500481,negative,0.0033009752488841826
1295703306237546496,negative,0.0016514270787939991
1295703309840416768,negative,0.00010105005016432953
1295703310406750208,neutral,0.4740134798084637
1295703310452826112,negative,0.15938916356379235
1295703310775853058,negative,0.28136775420057725
1295703310863867904,negative,0.00010105005016432953
1295703310905815041,negative,0.03424677648972107
1295703310960386050,negative,0.0033232056807238224
1295703311312617473,negative,0.00010105005016432953
1295703314085163010,negative,0.09850489183782236
1295703315259568129,negative,1.0987980960836639e-07
1295703315586703363,negative,0.0012115498855216368
1295703318392705024,negative,0.03734775599302679
1295703318434590720,neutral,0.3952503370862852
1295703318547894272,negative,0.03957686157108606
1295703319093161984,negative,0.13449786664433144
1295703319298613248,negative,0.005678493042215442
1295703322427621377,negative,0.014162992454384139
1295703322880606211,negative,0.004463259077525686
1295703322943422464,negative,0.11621328461630961
1295703323488722944,negative,0.1681717076480346
1295703323702628354,neutral,0.5628056929000496
1295703324591902722,negative,0.006371314218402129
1295703324679761921,negative,0.00760371862335827
1295703324826705920,negative,0.3045024688943347
1295703328136073217,negative,0.0009523254789268912
1295703328471633920,neutral,0.4020383545323593
1295703330614849539,negative,0.00880130918874915
1295703330967224320,negative,0.11218045315613208
1295703332426833920,negative,7.112566005621374e-07
1295703332745601024,negative,0.004416702620394086
1295703334926589952,negative,0.3267166098583136
1295703335232831488,negative,0.02046882312337601
1295703336574955520,negative,7.771451188935436e-05
1295703336931545088,negative,0.2946932210922587
1295703337841590272,negative,0.14134167714666668
1295703340073005058,negative,8.325615933541184e-06
1295703340651773954,negative,0.001141181071224632
1295703343441096704,negative,0.29354048216691747
1295703345496305664,negative,7.610743074091433e-05
1295703348197425152,negative,0.0007011099114910996
1295703349342371840,negative,0.0013422869196148164
1295703353457025024,negative,0.009978287232200705
1295703354564280326,negative,0.0012688310685614172
1295703355784941568,negative,0.04887889205048961
1295703355948507136,neutral,0.5374478655040366
1295703356388904961,negative,0.1717063399097072
1295703360855781377,negative,0.0012115498855216368
1295703361749225472,negative,0.24248550175848727
1295703365587021829,negative,0.02087892051593821
1295703365758984197,negative,1.0724853867527653e-07
1295703366404898816,negative,1.2305279458511114e-05
1295703366677532675,negative,3.639156941814509e-16
1295703368594268160,negative,0.08007641557858117
1295703368732684288,negative,0.14134167714666668
1295703368913084416,negative,0.07297986551897258
1295703369869414401,negative,0.18286116381631745
1295703372629245953,negative,0.025292071245961764
1295703372989964289,negative,0.0005485815572074346
1295703373241614336,neutral,0.3566074872385022
1295703374495703047,negative,2.1751507208047918e-11
1295703374650904583,negative,0.004416702620394086
1295703375091249152,negative,0.033783102859369654
1295703375598755844,neutral,0.3306646816629014
1295703376932593665,negative,0.09321311142912969
1295703377083588614,negative,0.10385394694798021
1295703377117097987,negative,0.0001920030072498941
1295703377163083777,negative,0.0009317632767322139
1295703377419132929,negative,0.19726660616455202
1295703377423278083,negative,0.009634198440207376
1295703377951817729,negative,0.006278872059302959
1295703378400616448,negative,0.2071251955952833
1295703378471694336,negative,0.01015436671668128
1295703378606129152,negative,0.2382669582645585
1295703381290307585,negative,0.2690283462402911
1295703381948764164,negative,0.006558222740242218
1295703383391830017,negative,0.00011519182849965869
1295703385220554752,negative,0.2071251955952833
1295703385480540160,negative,0.11068872709575771
1295703386000707584,negative,0.0005971364256259126
1295703386877243393,negative,0.2836863757917563
1295703389607780353,positive,0.7004954268488085
1295703390249349120,neutral,0.4153294559351409
1295703390371151872,neutral,0.42005207377239806
1295703390807261186,negative,0.03143462502587144
1295703391285452800,negative,0.00011510308476077163
1295703391348424704,neutral,0.5892418894570661
1295703393768550402,negative,0.00010633839368727409
1295703393827270657,negative,2.3722444859273824e-12
1295703393906970624,negative,0.12601313751072224
1295703394456346626,negative,6.438182936616157e-05
1295703395622420480,negative,0.08899187371704277
1295703398508122112,negative,0.0030996458809638984
1295703398751145984,negative,0.06000113211764948
1295703399187570688,negative,0.0033754454973967895
1295703399569252353,negative,0.009909770670999064
1295703400093495296,negative,0.12601313751072224
1295703401871937537,negative,0.019901934905204827
1295703402471661570,negative,0.12601313751072224
1295703402517757952,negative,0.00031364293548161875
1295703402870181888,negative,0.28659891687198824
1295703402958258177,neutral,0.5700949742195746
1295703403012726784,negative,0.00031622893293386313
1295703403310579723,negative,0.009198488968345166
1295703403461513219,negative,0.07782387920290101
1295703404027744258,neutral,0.3306646816629014
1295703404044484609,negative,0.12601313751072224
1295703406724743168,negative,0.00012975839306482833
1295703407383257089,negative,0.00011510308476077163
1295703407483924485,negative,0.02132099595582579
1295703410688135168,negative,0.08007641557858117
1295703411225174022,neutral,0.5916122031609724
1295703411535618050,negative,0.052239789777184395
1295703411862564865,negative,0.14134167714666668
1295703412064112644,negative,0.07455510427262109
1295703412387061760,neutral,0.3306646816629014
1295703412634509313,negative,0.004833540813106615
1295703414563840000,negative,0.04295499722900272
1295703415859884032,negative,0.11914007682297054
1295703416010932226,negative,0.12601313751072224
1295703416329699334,negative,0.12601313751072224
1295703418871390208,neutral,0.39148555583824224
1295703419626426369,negative,0.0451367204794381
1295703419852816385,positive,0.98603740592811
1295703420049993731,positive,0.9423319615348398
1295703423296385025,neutral,0.4306241434182096
1295703423413891075,negative,0.0005960794063345932
1295703423438987265,neutral,0.614952937468593
1295703424248446976,negative,5.980815889572081e-05
1295703424252686336,negative,0.002388462964244313
1295703424298815488,negative,0.0005207109971164184
1295703424575709185,neutral,0.5700949742195746
1295703425284485120,negative,0.16555727204251808
1295703425351667715,negative,0.004316169404615848
1295703425603317761,negative,0.00013588788282992902
1295703427352330240,negative,5.929974285857408e-06
1295703427662700546,positive,0.9567449771806036
1295703431630462976,negative,9.152704625206562e-07
1295703431722741760,negative,0.0430101816775751
1295703432154710019,negative,0.12601313751072224
1295703432465178626,negative,0.001150404241661264
1295703432628764672,negative,0.012794336949919475
1295703433190576128,neutral,0.49789225920557484
1295703433408897024,negative,0.06530220685612903
1295703433605939200,neutral,0.4928031483423741
1295703436156182530,neutral,0.4928031483423741
1295703436604903424,neutral,0.6418922593519008
1295703437028491264,negative,0.1320054398652975
1295703437804527618,negative,0.03504679239933773
1295703440090431489,negative,9.444871411513912e-05
1295703440623128582,neutral,0.5916122031609724
1295703440954458112,negative,0.14708558949184208
1295703444335058945,negative,0.04550932329001948
1295703444511232000,positive,0.9368429545044105
1295703444783861761,negative,1.9643611686292386e-10
1295703444834193408,negative,0.0032533681489490627
1295703447694696449,negative,0.13852641195930546
1295703448386592768,negative,0.08084516748194746
1295703450454388736,negative,0.28647929774239433
1295703450454568961,neutral,0.4701709802589398
1295703450664292352,negative,0.14134167714666668
1295703452132270082,negative,6.089130877036592e-06
1295703452396511232,negative,0.2677651204054746
1295703452849278976,negative,0.042115905387113246
1295703454296543234,negative,1.5112567557437703e-05
1295703454577504256,negative,0.17399973524060197
1295703456276152321,negative,0.005201340713173865
1295703456431443968,negative,0.024405456238622735
1295703456871784448,negative,0.2683242074845848
1295703457047941121,negative,0.019901934905204827
1295703457098170369,negative,0.004053118679355682
1295703457601597445,negative,1.4755640648408777e-05
1295703457719091202,negative,0.00011920047949049027
1295703458046148613,negative,0.16364634374936923
1295703460952899590,positive,0.7351380011338873
1295703461166829569,negative,0.02620829743518474
1295703461309419528,negative,0.2708293019848785
1295703461397487621,negative,0.013308912104261687
1295703461510688769,negative,0.12601313751072224
1295703462391558144,negative,0.00015827889829402226
1295703462504693767,negative,7.78443910655174e-06
1295703462634758144,negative,0.10396600402265237
1295703463012294658,negative,3.25722101444236e-05
1295703465075802112,negative,0.0036662592438809123
1295703465700790273,negative,0.010372579275529337
1295703465705054209,negative,0.010732304180412218
1295703465742815233,negative,0.001689229135974816
1295703466501976065,negative,0.08785473316588438
1295703467248549895,negative,0.030089042620955356
1295703467399487493,negative,0.000588931810777338
1295703467550531584,negative,0.0028556059377013903
1295703467609280513,neutral,0.5344029679637843
1295703469203099650,negative,3.419972254241916e-05
1295703469798506502,negative,0.00108878675409177
1295703470125850624,negative,0.02431893794084675
1295703470369050624,neutral,0.5130605840822943
1295703470482350080,negative,0.0009791303672776505
1295703470671110144,positive,0.9085947996633359
1295703470876524544,negative,0.0020834233869462602
1295703471136608257,positive,0.9997503462638517
1295703473628094464,negative,0.06901284341561151
1295703474584330243,neutral,0.38409370389508274
1295703474596917249,negative,1.2814558479150712e-07
1295703474647248902,negative,0.09289438001899927
1295703474659893251,negative,0.02132099595582579
1295703474831753223,negative,0.0016107326028762916
1295703475200942080,negative,0.05741082219477387
1295703475217629187,negative,0.0011654794113063348
1295703475452600322,negative,0.0015021844557056413
1295703475926360069,negative,0.010612337458253572
1295703477365149696,neutral,0.47149958967363054
1295703477398773763,negative,0.12601313751072224
1295703478107504640,negative,0.013344834428133513
1295703478828969984,negative,5.074839413672199e-07
1295703479139422209,negative,8.325615933541184e-06
1295703482041860100,neutral,0.3306646816629014
1295703482360528902,negative,0.10396600402265237
1295703482565984259,negative,0.11355592925493393
1295703482738053120,positive,0.6619028938367348
1295703482758918144,negative,0.020017900826551416
1295703483316875266,positive,0.7509082171332925
1295703485980315650,negative,0.22408391551629084
1295703486517129216,neutral,0.5152685453022815
1295703491516784645,negative,0.10396600402265237
1295703491667734529,negative,0.23568651887278078
1295703491839774722,negative,0.0008772208291450215
1295703492393234437,negative,0.11035326515033651
1295703494440042501,neutral,0.41901263796461236
1295703495648194560,negative,0.008854710963838693
1295703500295491586,negative,0.10365647028112462
1295703500379365376,negative,0.17255188114112782
1295703500559732736,negative,0.004316169404615848
1295703500849065984,negative,0.0005207109971164184
1295703501113262083,negative,0.004251344605338273
1295703503537680384,negative,0.0018657919984342661
1295703503743201283,negative,2.8189611440404842e-05
1295703508302401536,negative,0.09478736577665954
1295703508600184832,negative,0.00029534086159417757
1295703511028641794,neutral,0.33349068117410546
1295703512567996422,negative,0.00026012234537288865
1295703512802906114,positive,0.9976521473271183
1295703515743096833,negative,0.00010980593242728471
1295703516649082884,negative,1.0724853867527653e-07
1295703519467655168,positive,0.8662173086345848
1295703520713355266,negative,0.0033062770183551918
1295703524085510148,neutral,0.5718541379795399
1295703524215586816,negative,0.31698744682486735
1295703525104799745,positive,0.6631800561998353
1295703529236176897,negative,0.18286116381631745
1295703530343407618,negative,0.05236643481967484
1295703530586517504,negative,0.07435848276809846
1295703531878522880,negative,2.0004588456728248e-05
1295703532948131840,negative,0.0005028692171816824
1295703533044498432,negative,0.0032431265850275726
1295703533958967297,negative,0.01873097965113746
1295703536517419008,positive,0.9477995601449292
1295703536915951616,negative,0.3061252768505674
1295703537981239297,positive,0.9477995601449292
1295703538337816576,negative,1.4976252542140145e-06
1295703540313227266,negative,0.0012115498855216368
1295703540816642049,negative,0.16555727204251808
1295703541823176704,negative,0.010820066925644925
1295703545749143555,neutral,0.5374478655040366
1295703546109628417,negative,0.16180764318597257
1295703548798410752,positive,0.7898999572820413
1295703549230436353,negative,9.869025484732753e-05
1295703550815854594,negative,0.0012115498855216368
1295703552858390531,negative,0.0032533681489490627
1295703553248501761,negative,2.5864144758602465e-14
1295703553684709377,negative,1.9646103334123537e-06
1295703554578055169,negative,0.00022528143995211494
1295703554770993153,negative,0.00015346569853918462
1295703554834026496,negative,0.12601313751072224
1295703555152601089,negative,0.0004692367915139291
1295703557157642244,negative,0.32528643544231356
1295703557836910593,negative,1.3432266664164872e-06
1295703557895786498,positive,0.9232471951935648
1295703558025891840,negative,0.09630631246173246
1295703558524825604,neutral,0.49789225920557484
1295703558621409281,negative,0.008306723370325116
1295703559502286848,negative,0.0035801979634295517
1295703559711981568,positive,0.7200172963689649
1295703559921717248,negative,0.019901934905204827
1295703560160784385,negative,0.006631638814742494
1295703561473421313,negative,0.0004498087860835411
1295703561628680192,negative,0.29354048216691747
1295703562471735296,negative,0.14134167714666668
1295703562706726913,negative,0.16432176070173637
1295703564195704832,negative,8.49688207039332e-09
1295703565919555584,negative,0.15470183371835994
1295703565961433088,negative,0.12601313751072224
1295703566666084352,neutral,0.4136287215029716
1295703566821269512,negative,0.06755976209626206
1295703567156871169,negative,0.045391533342830526
1295703567278518273,negative,0.009198488968345166
1295703567626625024,negative,0.14134167714666668
1295703568020889601,negative,0.00016950144677867093
1295703569618935808,negative,0.05738731705847255
1295703570285760512,neutral,0.49789225920557484
1295703570592018434,positive,0.9368429545044105
1295703570776567808,negative,0.004416702620394086
1295703571556700160,neutral,0.4719865628711283
1295703572135337984,negative,0.019901934905204827
1295703574035533825,negative,0.018075472935833604
1295703574123552768,negative,0.25401421255941126
1295703574274605056,neutral,0.3306646816629014
1295703574341615616,negative,0.15963785849838982
1295703574677196805,negative,0.0704388943684432
1295703574782017537,neutral,0.5315534514659949
1295703575893598209,negative,0.0012115498855216368
1295703576086536193,negative,0.2207058397378527
1295703578343026694,negative,0.06901284341561151
1295703580322729985,negative,0.0430101816775751
1295703581706813440,negative,0.0006001776770935054
1295703582134632449,negative,0.02722856763147378
1295703582692474880,negative,0.0012323228312725249
1295703582977732610,negative,1.752390553235668e-05
1295703583581769728,negative,0.10396600402265237
1295703583829168128,positive,0.9368429545044105
1295703583992799232,negative,0.14134167714666668
1295703584072445952,negative,0.005643702138430563
1295703586337443845,negative,0.0008382254079521483
1295703586459000833,negative,0.00033101244748151717
1295703586589089792,negative,0.12601313751072224
1295703587251785729,negative,0.12601313751072224
1295703587805421569,negative,0.019901934905204827
1295703588363284483,negative,0.004717148548311198
1295703588786900992,negative,8.325615933541184e-06
1295703590791786497,positive,0.9806432432293448
1295703590896652291,negative,0.002174062277618099
1295703592733745152,negative,0.04479038715469766
1295703595313233926,negative,6.432872100341517e-15
1295703595833266181,neutral,0.35916597548300166
1295703596374392833,negative,0.00015346569853918462
1295703596735094786,negative,0.2583396599417602
1295703596919672832,negative,0.14134167714666668
1295703597133565952,negative,8.325615933541184e-06
1295703597288697856,positive,0.7215289353361225
1295703599356534784,negative,0.12601313751072224
1295703599457153024,neutral,0.33852183506982597
1295703600132497409,neutral,0.49789225920557484
1295703600593870849,positive,0.999164352430556
1295703600895795200,negative,0.12601313751072224
1295703600929353730,negative,0.004316169404615848
1295703601747300352,negative,0.00010803720021983417
1295703603458473992,negative,0.00036105574752650895
1295703603668230144,negative,0.22463230117098826
1295703604024815619,negative,0.00011920047949049027
1295703604075143168,negative,1.6514342004335796e-05
1295703604406476800,negative,0.20348124742185403
1295703605824102403,positive,0.8030084999898046
1295703606251991042,negative,0.02545445313493427
1295703607858343936,neutral,0.45310384256447656
1295703607921303552,neutral,0.5374478655040366
1295703608042741760,negative,0.0004211981740700472
1295703608961507328,negative,0.0013401084157850475
1295703609255108608,negative,0.2208401573292345
1295703609783529473,negative,0.2038387057406938
1295703612648304641,negative,0.00033147708280829646
1295703613113761792,negative,0.08664411594438101
1295703613277446145,negative,0.05738731705847255
1295703613516521473,negative,0.025292071245961764
1295703615995367425,negative,0.0004283924186729665
1295703616318210050,negative,1.3290059832167561e-05
1295703616830017539,neutral,0.4306241434182096
1295703617496735744,negative,0.001646763784612966
1295703618197258240,negative,0.026640802956355434
1295703620067962883,negative,0.006458661940146736
1295703620168671233,negative,0.14134167714666668
1295703621057884160,negative,0.06901284341561151
1295703621284200450,neutral,0.46127768308170247
1295703625256370177,negative,0.2797218135514703
1295703625327575042,negative,0.000819889741438807
1295703625340260353,negative,0.0014881045222610214
1295703626896334849,negative,0.12601313751072224
1295703627282239490,negative,0.011151595823809033
1295703627307327489,negative,0.0810688011385935
1295703627437416448,positive,0.9368429545044105
1295703628989292544,neutral,0.4461733275406525
1295703629463134208,neutral,0.49789225920557484
1295703630255992837,neutral,0.3306646816629014
1295703631283597312,negative,0.1085293286970929
1295703631489097728,negative,0.12601313751072224
1295703632894210049,negative,0.00028696207194974194
1295703633791799297,negative,0.06389519469739971
1295703634316075009,negative,0.00038395348425449753
1295703634462769152,negative,0.2071251955952833
1295703634672586752,negative,5.4576489141798755e-05
1295703634760683521,negative,0.00012803279689314805
1295703636744470528,neutral,0.5886574688060328
1295703637461696512,negative,9.781711305020374e-06
1295703637755334656,negative,0.00872300375071005
1295703639596707841,negative,0.016738279687674457
1295703640968179713,negative,0.04541324580731029
1295703641240883200,negative,0.12601313751072224
1295703641395998720,negative,0.00017235508093306335
1295703642239045633,negative,0.05982791052816328
1295703645099626498,negative,2.428604598807348e-06
1295703645124792320,neutral,0.626911182419188
1295703645271580672,negative,0.31732489718339985
1295703645368004616,negative,1.564371646818203e-05
1295703646055862273,negative,1.686179336173349e-05
1295703646517297153,negative,0.00011510308476077163
1295703647221940224,negative,0.32990556113968245
1295703647586787328,negative,5.014865859671422e-06
1295703649864359937,negative,0.12601313751072224
1295703650598256640,neutral,0.510414247808761
1295703652309651456,negative,1.8088188086353651e-06
1295703652552904704,negative,0.01424290722706815
1295703652666048513,negative,0.10396600402265237
1295703653530120192,positive,0.9999995592370942
1295703653970595841,negative,0.0002558449684558966
1295703654754914305,negative,0.29354048216691747
1295703657745469440,negative,1.960403258437945e-05
1295703657833476096,negative,0.14134167714666668
1295703658198454272,negative,0.2820386637943614
1295703658559045632,negative,2.763213496784428e-05
1295703658626191360,negative,0.08067430057204866
1295703659196555264,negative,0.0007516808755897104
1295703659200819200,negative,0.00031423766397873916
1295703659536363521,negative,0.012169857429332064
1295703659934822400,negative,2.4660607883652196e-05
1295703662426234880,negative,0.0619327724932382
1295703666142384128,negative,0.0001247280647392229
1295703666175901703,negative,0.0012323228312725249
1295703668839321608,negative,0.07435848276809846
1295703671087529984,neutral,0.5808741501827569
1295703673012707329,negative,0.0012323228312725249
1295703681476825088,negative,0.01981185236540945
1295703684127453186,negative,0.2697965898796189
1295703684240769024,negative,0.007858118452541136
1295703684257656834,negative,0.30555579990975373
1295703685113221122,negative,0.00010105005016432953
1295703687839592448,negative,0.05190196214935489
1295703688640684034,negative,0.002186359654279284
1295703689026580480,negative,3.750265800303984e-05
1295703689093689345,negative,0.07270591234575756
1295703689588613121,positive,0.7037388798349192
1295703692516167681,negative,0.0005207109971164184
1295703693195534337,neutral,0.4207029482141925
1295703694063874048,negative,0.014288259881866964
1295703696228130816,negative,1.8088188086353651e-06
1295703696265838595,negative,0.0029054726593574155
1295703696936972288,negative,0.015005561617879472
1295703699910787075,negative,0.0005553873582975521
1295703699956944899,negative,0.0020264829264148286
1295703700640497665,negative,0.021155505606469952
1295703700959162368,negative,0.0013422869196148164
1295703702502887425,neutral,0.614952937468593
1295703704138653696,negative,1.0987980960836639e-07
1295703706483208192,negative,0.044051357276136495
1295703710216212481,negative,0.0012115498855216368
1295703712875327488,negative,8.325615933541184e-06
1295703713424773120,negative,0.00018593452606820293
1295703713722634241,negative,0.01264945436471477
1295703718818729986,negative,7.343822981131929e-05
1295703718843817986,negative,0.13879746973735752
1295703719317778432,negative,0.04887889205048961
1295703721540759552,negative,0.11534796823688107
1295703723050770432,negative,6.749335089010875e-07
1295703724892065792,negative,0.14134167714666668
1295703725131128832,neutral,0.4085358191686669
1295703726443900933,neutral,0.5808741501827569
1295703728985714688,negative,0.20478744906478066
1295703729656811521,negative,8.325615933541184e-06
1295703730625679360,negative,0.005317214705418283
1295703731015749632,negative,0.014181834888665095
1295703731246452737,negative,0.03135431427877863
1295703731770552321,negative,0.0005744934618100268
1295703732030779392,neutral,0.41901263796461236
1295703732378906624,neutral,0.5601008262564838
1295703733435879424,negative,0.2820386637943614
1295703733821739014,negative,0.003802063160635881
1295703734476038145,negative,0.008849858138102148
1295703735277162496,neutral,0.49789225920557484
1295703735277178880,negative,4.2491264004403276e-05
1295703735327502348,negative,0.03345254746742283
1295703735491067904,negative,0.24801116065509957
1295703738062118913,negative,5.643077774743622e-06
1295703739081404416,negative,4.3610370359043575e-05
1295703739182067713,negative,0.0006034492095579572
1295703739521736704,negative,1.8088188086353651e-06
1295703742206140416,negative,7.372758364445687e-07
1295703742826852352,negative,0.29922076576037687
1295703742843625473,negative,0.015944754536459906
1295703743296610308,negative,0.026458342702958958
1295703743699267584,negative,0.12601313751072224
1295703743854530561,negative,5.643077774743622e-06
1295703745985155073,negative,0.21621628507838903
1295703746060705792,negative,3.537574026023853e-09
1295703746354089984,negative,0.25399344207687147
1295703746454917120,negative,7.752480450362732e-06
1295703746589208578,negative,0.04541324580731029
1295703747130163202,negative,0.009382056570916217
1295703747163639808,negative,0.08129210279184403
1295703747566411776,negative,0.027922412399283968
1295703747948097538,negative,5.568484061152605e-05
1295703748585631749,negative,0.12601313751072224
1295703750699552773,negative,0.013276907527011082
1295703752054321152,negative,0.2071251955952833
1295703754432536578,negative,0.09386000229361774
1295703754805784576,positive,0.9157981990036483
1295703754906521601,negative,0.2820386637943614
1295703754969419776,negative,0.0024294723175150214
1295703756152147970,negative,0.12601313751072224
1295703756156342274,negative,0.036655003258489714
1295703756173185029,positive,0.7757378803001985
1295703759419400192,negative,0.02811502354190008
1295703759432167434,negative,0.019901934905204827
1295703759742525440,negative,0.019901934905204827
1295703759788679171,negative,0.014133537135571972
1295703759792807936,neutral,0.6334479286684144
1295703759906115585,negative,2.4993220491118347e-05
1295703760107376640,negative,0.0018951207819836217
1295703760392658947,negative,0.00013275692607053348
1295703760698736640,negative,6.976622034643922e-05
1295703762502377472,neutral,0.5152685453022815
1295703762800128006,neutral,0.5568915774815658
1295703762929987585,negative,0.10459830546158512
1295703764133990401,negative,0.01188974077099227
1295703764410740738,negative,0.019901934905204827
1295703764444368898,negative,3.3387435831661076e-08
1295703764624498689,negative,4.469138432594874e-10
1295703766944055296,negative,0.12601313751072224
1295703767900356608,negative,0.12251605215928715
1295703768118550528,negative,6.344610407981602e-05
1295703768894496768,positive,0.7391426793829663
1295703769540427776,negative,0.13052794704594914
1295703770064715776,neutral,0.5112162807618442
1295703770727415809,negative,2.1867460846428607e-07
1295703771075563521,negative,0.0028041823291213397
1295703771415281665,negative,0.014705824384797164
1295703771763286017,negative,0.1069488946069975
1295703772002496515,negative,0.0021184992572473122
1295703772006621184,negative,0.0003063417700573836
1295703772203810819,positive,0.9922777277020463
1295703772765839361,negative,0.004316169404615848
1295703772887490560,negative,4.357475174769276e-06
1295703775743803393,negative,0.0011384364189690895
1295703776066707459,negative,0.026458342702958958
1295703776121303041,negative,4.967666450805936e-07
1295703776951664642,negative,0.16760417267415498
1295703777069203459,negative,0.0005207109971164184
1295703779342417923,negative,0.2583396599417602
1295703779782819845,negative,0.03319920484224614
1295703780126863362,negative,0.29354048216691747
1295703780344963072,negative,0.14723387682154793
1295703780713992192,negative,0.0006640554809628442
1295703780755943426,neutral,0.43754835593277175
1295703780919521284,negative,1.4976252542140145e-06
1295703780965650432,negative,0.31387462782038605
1295703783482306560,negative,0.019901934905204827
1295703784254054400,positive,0.7638303351455009
1295703784648253440,negative,0.004785957853317599
1295703785289986048,negative,0.03135431427877863
1295703785348780036,negative,0.12601313751072224
1295703785445130240,negative,0.0012115498855216368
1295703786195947525,negative,1.8840379311167181e-06
1295703786481168384,negative,0.12601313751072224
1295703786606993409,negative,0.2066354606276302
1295703787882123265,negative,0.02182625364476848
1295703788293169152,negative,0.01443529469765917
1295703788720988160,negative,0.17777149223494618
1295703789194948608,negative,0.0008277772127936398
1295703789714976768,negative,0.0026280858875517583
1295703790163759105,negative,0.02593739630268229
1295703790503550977,negative,0.02591539513226468
1295703793078800391,negative,0.00846071005507212
1295703793447903233,negative,0.003031386428840977
1295703793460551681,negative,0.30315466364504035
1295703793510879232,positive,0.942345842933352
1295703793548627972,negative,0.12601313751072224
1295703794110672898,negative,0.12601313751072224
1295703796593709057,negative,0.004416702620394086
1295703796610412546,negative,0.12601313751072224
1295703797055053826,neutral,0.3676468225400894
1295703797105295360,negative,0.09327756220301699
1295703797117988864,negative,8.325615933541184e-06
1295703797340295170,negative,0.09682843337655532
1295703797377925120,negative,0.26205402389485666
1295703797633896449,negative,0.22819905096085122
1295703800444059651,negative,0.26362154648595915
1295703800783810567,negative,0.09016400970450879
1295703800985067520,negative,0.0003325107015628325
1295703800989155328,negative,0.017138545009002235
1295703801052246016,negative,0.12601313751072224
1295703802188767232,negative,0.00011186831443670998
1295703802671181831,negative,1.1984498610330772e-05
1295703802847387650,negative,5.306193393812519e-07
1295703804785102849,negative,0.001150404241661264
1295703805259124742,negative,0.026458342702958958
1295703805955313665,negative,0.12241357769920357
1295703806764675073,neutral,0.3403391890910929
1295703808727818240,negative,0.000244990573781294
1295703809407229952,negative,0.006392967544739209
1295703809633726464,negative,0.00011510308476077163
1295703809990115329,negative,0.041726914732663496
1295703810111938560,negative,0.01978172325238759
1295703810216796160,negative,0.3266123976931018
1295703810598297601,negative,0.0012323228312725249
1295703813874122753,negative,0.0012828092371874446
1295703813907767302,negative,0.07186664869213227
1295703814218145792,negative,0.12601313751072224
1295703814918545409,negative,0.11124520148446435
1295703815010779137,neutral,0.39927279215168937
1295703817904885764,neutral,0.4525299360032805
1295703817925857284,negative,3.1932377036407975e-09
1295703820148838401,negative,0.0012115498855216368
1295703821398814722,negative,0.00106033874033994
1295703821667229698,negative,0.2512242327566499
1295703822082420741,negative,0.029902795686777846
1295703822300577792,negative,0.11071018408393729
1295703822724030464,negative,0.0776069915917685
1295703822803902465,negative,0.051389174354317474
1295703822963290112,negative,0.03135431427877863
1295703823135264768,negative,0.10873084537464295
1295703823416201218,neutral,0.44515666723971453
1295703825492389888,negative,0.14134167714666668
1295703825630859266,negative,0.06755976209626206
1295703825634996224,negative,0.00010600216965339767
1295703825739849728,negative,0.008992213820357624
1295703825802825733,neutral,0.5112162807618442
1295703825861550081,negative,0.17201111918529485
1295703825874137088,negative,0.00011920047949049027
1295703825995591680,negative,0.08755118420002257
1295703826188701696,negative,0.12601313751072224
1295703826994024451,negative,0.26617985279126233
1295703827442733058,neutral,0.5374478655040366
1295703828017405954,negative,0.08708201666291794
1295703830106198018,negative,0.008697165722999776
1295703832681472001,negative,0.0993522942926028
1295703832731750403,negative,0.2820386637943614
1295703832736018433,negative,1.3009530286691383e-12
1295703834661138433,negative,0.0010816583609066497
1295703835026108422,neutral,0.4898631585877994
1295703835118313474,negative,0.04129634516927422
1295703835327909888,negative,0.030582037309172472
1295703835697176579,negative,0.019901934905204827
1295703836179537922,negative,0.014121042360901497
1295703836678656002,negative,0.03669135265188776
1295703838209515520,negative,7.59838264196783e-10
1295703838910042113,neutral,0.6563131832915976
1295703839295844352,negative,0.014209273197050518
1295703841074294785,positive,0.994566163261266
1295703842038976513,negative,0.007638341370201878
1295703842240131074,negative,0.0012323228312725249
1295703843838320642,negative,0.15963785849838982
1295703844396175360,negative,0.006392967544739209
1295703847210491904,negative,0.0005257333400751267
1295703847218880512,neutral,0.36004841829505513
1295703850687569923,neutral,0.49789225920557484
1295703851048239104,negative,0.00024090726650218014
1295703859533414405,negative,0.003802063160635881
1295703861513125888,negative,0.0005413957770760908
1295703863828373505,negative,0.001001582697052081
1295703863878721536,negative,0.00025022997463069395
1295703864897933318,neutral,0.49789225920557484
1295703865422155777,negative,0.009978287232200705
1295703867364184071,neutral,0.48728019602140255
1295703867410264064,negative,0.0012115498855216368
1295703867485716480,negative,0.025703757489524727
1295703867942940674,neutral,0.41255628797487864
1295703872145686529,negative,0.009451369699696266
1295703872732831745,negative,3.750265800303984e-05
1295703872892264450,negative,0.17672547821816023
1295703873106186240,negative,0.0014869432658480043
1295703873517223937,positive,0.9821990798682444
1295703873538097152,negative,3.0439707664671607e-05
1295703880303443969,negative,7.098665514213687e-06
1295703880303611905,negative,0.18299730410594303
1295703880806928384,neutral,0.552443945372184
1295703881956065287,negative,0.31670716740884675
1295703884321763330,negative,0.00028696207194974194
1295703888381779970,neutral,0.49789225920557484
1295703889405194240,negative,0.019901934905204827
1295703890185400320,negative,0.0020264829264148286
1295703893628919809,negative,0.23649811240819985
1295703896975986688,negative,0.18472108792513997
1295703897563172864,negative,1.8088188086353651e-06
1295703898339119104,negative,0.004111997597011311
1295703905767247873,negative,0.0018489038645729556
1295703907537125379,negative,0.0016179385024647794
1295703911026884608,negative,0.05050562446616487
1295703911047860224,negative,0.16432176070173637
1295703913874829313,negative,0.0013422869196148164
1295703913929285632,negative,0.13996372721357875
1295703914281656320,negative,0.11071018408393729
1295703914667483137,negative,3.9290486067102954e-05
1295703917909749760,negative,0.1320054398652975
1295703917985177602,negative,0.0005744934618100268
1295703918161399809,positive,0.6813938149010428
1295703918530502659,negative,0.00012803279689314805
1295703919012851712,negative,0.317955616456911
1295703919113449473,negative,0.2820386637943614
1295703919423819776,negative,0.05738731705847255
1295703919893585923,negative,0.03669135265188776
1295703919960772608,negative,0.019901934905204827
1295703922468884481,negative,0.0026362244038887527
1295703922473078784,negative,0.003674575340153815
1295703922540261376,negative,0.05833945813951065
1295703923110686721,negative,0.015408645937205678
1295703923555270656,negative,7.0850570016347e-05
1295703923651743747,negative,0.004316169404615848
1295703923718787073,negative,0.11632382128781965
1295703923857268737,negative,3.25722101444236e-05
1295703924071161858,negative,0.11923098256602788
1295703924926799872,neutral,0.5374478655040366
1295703925073620998,negative,0.003026619201590885
1295703926788874240,negative,2.7576915926557836e-05
1295703927187537920,positive,0.918677413411034
1295703927342739464,negative,0.09254905100945168
1295703927816622080,negative,0.004184914278899824
1295703928051572739,negative,1.0987980960836639e-07
1295703928399630337,negative,0.09018153257039183
1295703928718479361,negative,0.02797257883588501
1295703930618490881,negative,0.019901934905204827
1295703930668752897,negative,0.02623819928705295
1295703930958225413,negative,0.0430101816775751
1295703931385982978,negative,0.004316169404615848
1295703932220579840,negative,0.05738731705847255
1295703932967301121,negative,0.018050845174107502
1295703933042728961,negative,0.0013736890994417925
1295703933231529986,negative,0.021894674715852453
1295703933386731520,neutral,0.3709491165362941
1295703934586281985,negative,0.02132099595582579
1295703935093805057,negative,2.432813473477412e-05
1295703935177588736,negative,0.00012602682078708522
1295703935827812352,negative,0.17201111918529485
1295703936444309504,neutral,0.5374478655040366
1295703938604310529,negative,3.578174151391531e-05
1295703938927415296,negative,0.004316169404615848
1295703938956763138,negative,0.30134177180499794
1295703939296276480,negative,1.9868260543163007e-07
1295703939757871105,negative,0.06903912724250526
1295703940370247680,negative,0.08629211529258908
1295703940894527488,positive,0.7653984373697384
1295703940923822081,neutral,0.6563131832915976
1295703940957442048,negative,0.06802089252255776
1295703941158703105,negative,0.10153886532073596
1295703941292990467,negative,0.06903912724250526
1295703942291234818,positive,0.897995141062757
1295703942970605568,negative,0.0012742771223985272
1295703943847333888,neutral,0.4610953838112474
1295703944413544448,negative,0.0012643754658529468
1295703947647365120,negative,7.438841072348274e-05
1295703947957751808,negative,0.0430101816775751
1295703948213587968,negative,0.12434961156084774
1295703948272312320,neutral,0.3329847669624249
1295703948305760256,negative,0.2836863757917563
1295703948662394880,negative,0.0013280946710061423
1295703952043003905,negative,0.002738451644475539
1295703952089133062,negative,5.576031647107205e-05
1295703952881852416,negative,0.03378617939136946
1295703953125015552,negative,0.12601313751072224
1295703955524198400,negative,0.0340951596001485
1295703956073652224,negative,0.23649811240819985
1295703956635693058,negative,0.03669135265188776
1295703956950319109,negative,0.00012803279689314805
1295703957617115136,negative,0.02132099595582579
1295703959982620674,negative,0.264578972687461
1295703961010425856,negative,0.031276216163328145
1295703961027121152,negative,0.0009791303672776505
1295703961031376905,negative,7.92348374005886e-05
1295703962037911552,negative,0.10923838763276379
1295703963233390592,negative,0.05738731705847255
1295703965204652032,negative,0.1455460917962494
1295703965527609349,negative,0.039875230122806075
1295703965619937282,negative,0.2066354606276302
1295703965645111296,negative,0.12601313751072224
1295703965766754305,negative,0.050685562886367164
1295703965988982784,negative,0.2820386637943614
1295703966110679040,negative,7.882157536775306e-05
1295703968434335751,negative,0.030602693583877315
1295703970053332992,negative,0.05802606271412302
1295703970816520193,negative,0.0012323228312725249
1295703971332608013,negative,0.26096658350660207
1295703971345182733,negative,0.001275494760618546
1295703973802971140,negative,0.004251344605338273
1295703974276980736,negative,0.18248428345272474
1295703974562193409,neutral,0.48294198938708105
1295703974721576963,neutral,0.5374478655040366
1295703976495714304,negative,0.021588800805963336
1295703977233915906,negative,0.044051357276136495
1295703977456209921,negative,0.008551744862496442
1295703977938608135,negative,0.17573154551332273
1295703978458656768,neutral,0.5374478655040366
1295703980815851523,negative,0.0005960794063345932
1295703980958507013,negative,0.18299730410594303
1295703981545717763,negative,0.019901934905204827
1295703981734461440,negative,0.05692718287260758
1295703982040547328,negative,1.8752315331495767e-05
1295703982099386369,neutral,0.4136287215029716
1295703985068924928,negative,0.001150404241661264
1295703985521864706,negative,0.009180238586950978
1295703985559568385,negative,0.0017919712932075024
1295703985568002048,neutral,0.5372318511317483
1295703985614131201,negative,0.00032862021492752343
1295703985626714113,negative,0.025952750194008528
1295703989028360194,neutral,0.4580765645631147
1295703990047510528,negative,0.10278276105331553
1295703990215245824,negative,0.018075472935833604
1295703990718664704,negative,0.00011920047949049027
1295703990789963777,negative,0.0016969321211445898
1295703991393763329,negative,1.6395967586671367e-05
1295703991410741248,negative,0.317955616456911
1295703991624531970,negative,0.12601313751072224
1295703993600155649,neutral,0.39435826013186465
1295703993847603201,negative,0.18946949246300793
1295703994032062466,positive,0.9806432432293448
1295703994430640130,negative,0.12601313751072224
1295703994539679751,neutral,0.6129669256685448
1295703995642712065,negative,0.054742878047621665
1295703995718291456,negative,0.2512242327566499
1295703995789369344,negative,0.008519172111348103
1295703995969871872,negative,0.29354048216691747
1295703997807042561,negative,0.08007641557858117
1295703997966364674,negative,0.22991393482308253
1295703998247444486,neutral,0.5130605840822943
1295703998310293509,negative,0.012169857429332064
1295704001904812033,negative,0.10396600402265237
1295704002248744962,negative,1.1433409768717306e-06
1295704002315911168,negative,0.12021709371254997
1295704002383024130,negative,0.004922852526043974
1295704002680836098,negative,0.001291163829199869
1295704006271148033,negative,6.918866265700185e-07
1295704006715637762,negative,0.002262930620172813
1295704007730704386,neutral,0.4635476503877262
1295704007856590854,negative,0.04807388552250905
1295704008066306049,neutral,0.37200846561530315
1295704010259931138,negative,0.07207129552858665
1295704011010723843,positive,0.9436647933044088
1295704011211976709,negative,0.012997222388158333
1295704012071661570,negative,0.0008813020357171285
1295704014936518656,negative,5.984430279403815e-05
1295704015024664577,negative,0.12601313751072224
1295704015175647234,negative,0.2677651204054746
1295704015473344513,negative,0.10810669943836544
1295704015804694528,negative,0.0004944761195631106
1295704016110923776,negative,0.04350140218881862
1295704019151855618,negative,0.03693832132739043
1295704019793477633,negative,6.849023803553776e-05
1295704020082921475,negative,0.11532747723982736
1295704020527570944,negative,0.056879424658494014
1295704022649839619,negative,0.08403093831530986
1295704023480381443,neutral,0.6418922593519008
1295704027297206272,negative,0.18472108792513997
1295704030853754882,neutral,0.4894438397947411
1295704032066117632,negative,0.02898847986758094
1295704032414228480,negative,0.019330329674045278
1295704032464510983,negative,0.004637588544408518
1295704033576067073,negative,0.008849858138102148
1295704033726955523,negative,1.8088188086353651e-06
1295704037246017536,neutral,0.6048318564234116
1295704037522907137,negative,0.070881458421066
1295704040119111680,negative,0.028257685936829365
1295704040324685824,negative,0.009028005409006902
1295704043881406464,negative,0.05802606271412302
1295704044892303360,negative,0.19746210639042877
1295704048344195073,negative,0.0002950035274722003
1295704048755265538,negative,2.8891931389816863e-05
1295704050114207746,negative,0.046195898610921535
1295704052102131714,negative,0.001525302059001789
1295704052291043328,negative,0.04490431619932774
1295704052660146178,negative,0.02460350660196976
1295704057391263744,negative,1.4976252542140145e-06
1295704057949159424,negative,0.05017656982950122
1295704058033065985,negative,0.15706210782121804
1295704058397892609,negative,0.19633259042622253
1295704058574110727,negative,0.019901934905204827
1295704060537065474,neutral,0.5938263033227675
1295704060767723526,negative,1.8088188086353651e-06
1295704062554505216,negative,1.8840379311167181e-06
1295704063213002758,negative,0.05820304196283459
1295704063217225729,positive,0.9136026053997288
1295704064823525376,negative,0.0003065450576177746
1295704064936812544,negative,3.750265800303984e-05
1295704065511391232,negative,0.0012115498855216368
1295704069055680515,negative,0.05741082219477387
1295704070645219333,negative,0.06377054157198513
1295704070817284096,negative,0.08467181435203253
1295704071391916033,negative,0.0024057521742024885
1295704072964706304,negative,2.495890499071545e-09
1295704074206281729,negative,0.22571658443345985
1295704074374062081,negative,0.13449786664433144
1295704074789236743,negative,0.0004394782131207557
1295704074848014337,negative,9.456541005045742e-05
1295704079134601217,negative,0.004100344550865091
1295704082020212743,negative,5.3421479314580894e-05
1295704082271948800,negative,0.015741985975735853
1295704082892677120,negative,0.011127147503708475
1295704086126432257,negative,0.09682843337655532
1295704086419996676,neutral,0.49789225920557484
1295704086831136773,negative,0.019901934905204827
1295704090052362240,neutral,0.5374478655040366
1295704094045286401,negative,0.004316169404615848
1295704094468984833,negative,0.00025862293097150384
1295704095655956480,negative,5.262635876707223e-05
1295704099346952197,negative,0.30150727762758406
1295704099833483271,negative,0.00795386196984855
1295704099892219905,negative,0.2943613821773428
1295704100009586689,negative,2.9753286949644413e-05
1295704100546453505,negative,1.6409765488457423e-05
1295704104136847366,negative,0.03302965250828128
1295704106812821504,negative,0.08301289864159057
1295704107454537730,negative,2.236123587641189e-08
1295704109086052354,negative,0.20356689523201393
1295704109094506496,negative,0.17339916059892088
1295704109249593344,negative,0.002874049614199022
1295704115323043846,negative,0.12601313751072224
1295704115650207750,negative,0.12601313751072224
1295704115792633857,neutral,0.4622903534400044
1295704116073623553,negative,0.0012323228312725249
1295704116115714049,negative,0.12160667494557428
1295704116174479361,negative,0.03135431427877863
1295704116530950146,negative,0.019901934905204827
1295704116786847745,negative,0.00035016144450549045
1295704119613829124,negative,0.18299730410594303
1295704119773143042,neutral,0.6083819313192237
1295704119781609475,neutral,0.3381045966679859
1295704120087773189,negative,0.004316169404615848
1295704120616194051,negative,0.0003146503927633664
1295704121295671297,neutral,0.3374674755446546
1295704121648046080,negative,0.009048398236832306
1295704123690672128,negative,0.003802063160635881
1295704124248465412,negative,0.12601313751072224
1295704124365737984,negative,6.552221872705362e-11
1295704124802179074,negative,0.18299730410594303
1295704124936396800,negative,0.0007351856016215256
1295704125657817088,negative,0.1682342142529855
1295704127490727936,negative,0.07265838740451316
1295704127683604481,negative,0.048777156001074365
1295704128136654848,negative,0.0014880590422374485
1295704128241401856,negative,0.0018704071337064896
1295704128463810560,negative,9.360293048034466e-05
1295704129252331520,negative,1.3070263941417234e-05
1295704129923436551,negative,0.12960433235635754
1295704132297412609,negative,0.013160056556854255
1295704133668933633,negative,0.0023742509507860806
1295704134193217536,negative,0.21593946531192237
1295704136185286656,positive,0.8967019767975831
1295704136185413632,neutral,0.4928031483423741
1295704136202297344,neutral,0.555920416612909
1295704136642703364,negative,0.003504783410074777
1295704136743190528,negative,0.2576921297097865
1295704137670307842,neutral,0.33852183506982597
1295704140539191297,negative,0.024102008840902654
1295704142544015367,negative,0.0005421506491065403
1295704142552485889,positive,0.8080238870162981
1295704142820839425,negative,0.15963785849838982
1295704143068364800,negative,0.00010540108013982607
1295704143085162498,negative,6.832761662395392e-12
1295704143152263169,negative,6.893390803197959e-05
1295704144603500544,negative,0.317955616456911
1295704144834174976,neutral,0.5112162807618442
1295704144850956289,negative,0.11071018408393729
1295704145035268097,negative,0.0012323228312725249
1295704145278767111,negative,8.366970470075133e-05
1295704145303949313,negative,2.7121425689573818e-05
1295704146021093376,neutral,0.49789225920557484
1295704146415419393,negative,0.12601313751072224
1295704146419388416,neutral,0.4724552748900662
1295704146520215552,negative,0.12601313751072224
1295704146558033921,negative,2.342367657765406e-05
1295704148533551104,negative,0.019405995343670348
1295704149120581632,neutral,0.49075099104872855
1295704149238194176,negative,0.004316169404615848
1295704149322010625,negative,0.002198578739614808
1295704149527531521,negative,0.050685562886367164
1295704149791825921,negative,0.12601313751072224
1295704149900894208,negative,0.11071018408393729
1295704149913473027,negative,0.0005638289355444513
1295704150416723968,negative,2.0236448931675106e-06
1295704150961987584,neutral,0.6379436593930833
1295704152677507072,neutral,0.5410702560054874
1295704153151418368,negative,0.01635446879664064
1295704153881227264,neutral,0.46127768308170247
1295704154107592705,negative,0.08689056960138107
1295704154166435841,negative,0.00010086052069502515
1295704155089076224,positive,0.9415963144703953
1295704155298975744,negative,5.306193393812519e-07
1295704157534466048,negative,0.00010157994162951153
1295704158004273156,negative,0.12601313751072224
1295704158197227520,negative,0.2836863757917563
1295704158381780992,positive,0.9885459622436611
1295704161158344705,positive,0.9913066436664255
1295704161355542529,negative,0.0012115498855216368
1295704161804267526,neutral,0.5584163468107611
1295704161812709377,neutral,0.5315534514659949
1295704162018234368,negative,0.14134167714666668
1295704162311839749,positive,0.7493155229089011
1295704162391461888,negative,0.0028464838235345608
1295704162437668864,negative,5.929974285857408e-06
1295704162467020801,negative,1.81540713030798e-05
1295704165201653761,negative,0.004053118679355682
1295704166573146113,negative,0.0002321357618835502
1295704167328231424,negative,0.12601313751072224
1295704169161121792,negative,9.386205385186368e-06
1295704169530241026,negative,0.12601313751072224
1295704169890930689,negative,0.12601313751072224
1295704170012577794,negative,1.4801281221529087e-05
1295704170050314240,negative,0.14134167714666668
1295704170088071168,negative,0.009595583768970498
1295704170939506695,negative,0.22126598448261411
1295704171866398721,negative,0.25905459318736773
1295704171971215362,negative,0.09682843337655532
1295704173569286144,negative,0.003802063160635881
1295704174152294400,negative,0.017138545009002235
1295704174471110662,negative,0.14483344406750137
1295704174567596032,negative,0.009704225402263497
1295704174609432576,negative,0.001005457773570323
1295704175544872960,negative,0.0003240564475689779
1295704175796465665,negative,0.14134167714666668
1295704175997788160,positive,0.7264240096332016
1295704177625239561,negative,0.004664481393278939
1295704178107572224,negative,0.05738731705847255
1295704178107572225,negative,0.02017395221537928
1295704179135193088,negative,0.0010286123620002786
1295704179382587393,neutral,0.6378831377093284
1295704179856625666,neutral,0.5808741501827569
1295704179953016832,negative,0.23793590964624936
1295704180221456384,negative,0.03138333274078604
1295704182083682305,negative,0.1476841990531118
1295704182222196740,negative,0.015033148138637454
1295704182629031942,negative,0.16555727204251808
1295704183396601859,negative,0.025952750194008528
1295704183975403520,negative,0.004637588544408518
1295704184436789249,negative,0.12601313751072224
1295704186194206727,positive,0.9368429545044105
1295704186265513991,negative,0.24050140971624637
1295704186827485185,negative,0.001900899939996619
1295704187704139776,negative,0.0031797094825060327
1295704188001820672,negative,0.023870751520004133
1295704190942158848,negative,0.16685366178007102
1295704191122509824,negative,0.09922875630911464
1295704191239847942,negative,0.13216781798733543
1295704191424397315,negative,0.0026089728242214678
1295704191718105090,negative,9.420802330731488e-08
1295704191772450819,negative,0.00012624675394034985
1295704192280035329,negative,2.7646873374505037e-05
1295704192309514241,neutral,0.5374478655040366
1295704194830274560,negative,0.07948709097702565
1295704195451019264,negative,0.1752924051472428
1295704195572604928,negative,0.31387462782038605
1295704195773997059,negative,0.002262930620172813
1295704196189233158,negative,0.2410028148692255
1295704196226875392,negative,0.02132099595582579
1295704196436688898,negative,0.00010653211783866961
1295704196541566983,negative,0.16555727204251808
1295704198894452737,positive,0.9953794587327595
1295704199288717312,neutral,0.5916122031609724
1295704200115113990,negative,0.02744523895436504
1295704200433803264,negative,9.844247878228344e-06
1295704200635179009,positive,0.9806366043184603
1295704201897447425,neutral,0.5551326366339696
1295704205462835200,positive,0.7004954268488085
1295704205580271617,negative,0.2600353377498602
1295704205714509825,negative,0.0017490866866878953
1295704207593484291,neutral,0.35948143253622666
1295704207706685440,negative,0.0600101272615417
1295704207832514561,negative,0.11766831208166835
1295704208625336320,negative,0.008388910333744682
1295704208998506501,negative,0.12601313751072224
1295704212278476800,negative,0.001390712626906702
1295704212286840832,negative,0.0005744934618100268
1295704212337295362,negative,0.09922875630911464
1295704212677054467,negative,0.03669135265188776
1295704215889813506,neutral,0.5038169978764319
1295704218016391168,negative,0.0012115498855216368
1295704219958349824,negative,0.18472108792513997
1295704220436504576,negative,1.6961137274849354e-05
1295704221967360000,negative,0.004834340737620422
1295704225175887872,negative,4.743849991358885e-06
1295704226266583040,negative,1.4976252542140145e-06
1295704229210972160,neutral,0.44552719469703866
1295704229470801922,negative,0.011662415315449022
1295704229957558272,negative,0.004416702620394086
1295704230557298688,negative,0.14134167714666668
1295704230678888449,negative,8.325615933541184e-06
1295704236685234177,negative,9.066842034233164e-05
1295704236802670592,neutral,0.3499352441185855
1295704237574430720,neutral,0.35625201433548637
1295704237595385858,neutral,0.5118240106231352
1295704241697443849,negative,0.011151595823809033
1295704242901135361,negative,0.10923838763276379
1295704243027009536,negative,0.2820386637943614
1295704244880904192,negative,8.325615933541184e-06
1295704245619118080,negative,0.05091331300762191
1295704246105628679,positive,0.9968915763573204
1295704246172688384,negative,0.012092443191236972
1295704246420201474,negative,0.10744271664704101
1295704247120596992,negative,0.018695430468389646
1295704249452630019,neutral,0.47697210391394973
1295704249595318275,negative,0.051006876849169186
1295704249981112320,negative,5.643077774743622e-06
1295704256486539264,negative,0.03424677648972107
1295704257463750657,negative,0.11766831208166835
1295704258789158915,negative,5.576031647107205e-05
1295704258826964992,negative,0.03191069281262349
1295704262442459138,negative,0.20478744906478066
1295704264598261762,negative,0.008191430420702141
1295704272403865605,negative,8.657684844413725e-05
1295704272617832451,negative,0.2943613821773428
1295704276937977856,negative,0.008443710401535461
1295704277105729537,negative,0.007541403408237614
1295704279081037827,negative,0.0007516808755897104
1295704279437778944,negative,0.04512768609756246
1295704282784829448,negative,0.06357050021962195
1295704283862781953,negative,0.019901934905204827
1295704288044474368,negative,0.004100344550865091
1295704289189470208,negative,0.2066354606276302
1295704289529167874,negative,0.004166668460075227
1295704289655037955,negative,0.2071251955952833
1295704292222013447,negative,0.0004472063783567683
1295704293568385025,negative,0.007733363615107591
1295704295711571968,negative,7.098665514213687e-06
1295704296747601921,negative,3.162118015420006e-10
1295704297234206722,negative,0.2382669582645585
1295704297305509888,neutral,0.39927279215168937
1295704297607503874,negative,5.164581759336802e-08
1295704299436113921,negative,0.12601313751072224
1295704299444502528,neutral,0.39148555583824224
1295704299545264129,negative,0.12601313751072224
1295704299679424512,negative,0.0007745359129958626
1295704299922690051,negative,0.02063586315407304
1295704300891574272,negative,4.7904493956656984e-05
1295704301122326528,negative,0.0012440260738469993
1295704301273219073,negative,0.0006989424016434036
1295704301281718274,negative,0.15706210782121804
1295704301487173638,negative,0.02431893794084675
1295704304720973826,neutral,0.4170059291045184
1295704305471815684,negative,0.12601313751072224
1295704306092474368,negative,0.12601313751072224
1295704308051214336,negative,1.050201045103172e-06
1295704308646903808,negative,0.00012975839306482833
1295704309020139520,negative,6.371103845880758e-10
1295704309187977218,positive,0.9806432432293448
1295704309280190464,negative,0.2933990992983567
1295704309418676229,negative,0.007181478780361355
1295704310072905729,negative,0.23649811240819985
1295704310085562369,negative,0.04026728026757606
1295704312090202112,negative,1.3290059832167561e-05
1295704312543424512,neutral,0.3499403932065885
1295704312727904256,negative,0.02912917104803739
1295704313231286273,negative,0.00028366484011481803
1295704313730301952,neutral,0.49584373646059116
1295704313914957826,negative,0.12601313751072224
1295704314678312960,neutral,0.567271095674514
1295704314787266563,negative,0.13500096558467398
1295704317077475333,negative,0.024405456238622735
1295704317790425089,negative,0.0003792961033932041
1295704317819850753,negative,0.29354048216691747
1295704317933113344,negative,0.0008514416710389735
1295704317991821313,negative,0.11170808779070598
1295704318579015680,negative,0.02132099595582579
1295704318864175105,negative,0.0761968391258363
1295704320768344068,negative,0.004316169404615848
1295704321179484162,negative,0.2071251955952833
1295704322047643653,positive,0.7638303351455009
1295704322299371521,negative,6.98531992232342e-06
1295704322349686791,negative,0.0012115498855216368
1295704323045892097,positive,0.9971734068607776
1295704325369536514,negative,0.15688496657646347
1295704326145441793,negative,0.02329096228312133
1295704326577565697,negative,0.041759171076040845
1295704326602551296,negative,8.157725801817716e-05
1295704328792092673,negative,0.025054689733965654
1295704329412915200,negative,0.09129999512038568
1295704329861701634,negative,0.005956422593664818
1295704329966559232,negative,0.11218045315613208
1295704330016874499,negative,0.11591685326288977
1295704330641833984,negative,0.029405937995958618
1295704331275165696,negative,0.00459425206002631
1295704331354869760,negative,0.12601313751072224
1295704333242204161,negative,0.0002950035274722003
1295704333418409990,negative,0.07717153269227565
1295704334265716738,negative,0.005544206653648982
1295704334773161986,negative,0.317955616456911
1295704334848733185,negative,6.565879156911501e-09
1295704334961868800,negative,0.05784351897484676
1295704335184211972,negative,0.12601313751072224
1295704337671507976,negative,0.019014702882922403
1295704337952518144,negative,0.05802606271412302
1295704338036412417,negative,0.0005744934618100268
1295704338497712129,negative,0.02132099595582579
1295704339030388736,negative,0.00032606003709851966
1295704341668659211,negative,0.044051357276136495
1295704342369120257,negative,0.13216781798733543
1295704343275089920,negative,0.07788752185469694
1295704343346393088,neutral,0.6563131832915976
1295704343413391360,negative,1.6202441165567566e-06
1295704343979622401,negative,0.0023043065185054216
1295704344206221314,negative,1.4105811180703608e-07
1295704346135535617,negative,0.02132099595582579
1295704346290802688,negative,0.06438259375993356
1295704346546573312,negative,0.12601313751072224
1295704346647318528,negative,0.028257685936829365
1295704347058348037,neutral,0.567271095674514
1295704347112808448,negative,0.06641603837834133
1295704347456802817,negative,7.44421409017463e-07
1295704347624517633,negative,0.0032838839789584547
1295704348048097280,negative,0.05738731705847255
1295704349767868417,negative,0.025952750194008528
1295704349990105090,neutral,0.3306646816629014
1295704350266884096,negative,6.98531992232342e-06
1295704350636072961,neutral,0.38834932879529166
1295704351827271680,neutral,0.6418922593519008
1295704352544428042,negative,5.065719468276763e-09
1295704354138333188,positive,0.940872614194551
1295704354138337282,negative,0.00010330807767089323
1295704354641584133,negative,0.040784915086450456
1295704354767491079,negative,0.044051357276136495
1295704355023327232,negative,0.026421653346686173
1295704355232980992,negative,0.0027371390789015476
1295704355270729729,negative,0.12911592770148653
1295704355614740485,negative,0.00012913750079142534
1295704356289785857,negative,0.14134167714666668
1295704356763959296,negative,0.09922875630911464
1295704357044924417,negative,0.00012975839306482833
1295704358361993219,negative,0.0012115498855216368
1295704358521200642,neutral,0.4136287215029716
1295704359062339585,negative,0.07983752777306279
1295704359217463296,negative,1.8789782345633605e-06
1295704359301505024,negative,0.0001631320351968574
1295704359544721408,neutral,0.34068884620128764
1295704360152793091,negative,0.0008513974709002886
1295704360316538880,negative,3.25722101444236e-05
1295704362782797824,negative,0.22035441222533647
1295704363638435841,negative,0.001005457773570323
1295704363873206281,positive,0.9999994118827
1295704364229832706,neutral,0.49789225920557484
1295704364267581440,negative,0.024405456238622735
1295704366901592065,negative,0.12601313751072224
1295704367115333633,negative,0.11671120820708226
1295704367434272768,negative,0.06901284341561151
1295704367706918912,negative,0.004106756911977463
1295704368071806977,negative,0.12601313751072224
1295704368654757888,negative,0.1320054398652975
1295704370944839680,negative,0.15003679801175943
1295704371804737536,negative,0.00016950144677867093
1295704372249329664,negative,0.10278276105331553
1295704372312248320,negative,0.03138333274078604
1295704372450676736,negative,0.10600349061693258
1295704372635144192,negative,0.11645903093912732
1295704373067157508,negative,0.02916199098399628
1295704376955338752,negative,0.11914007682297054
1295704376967942145,negative,6.132647524741109e-06
1295704379312484352,negative,0.020173317304638352
1295704379664801793,negative,0.00019531622822837471
1295704379761229824,negative,0.0005744934618100268
1295704379924852737,negative,0.00010540108013982607
1295704380298141696,negative,0.0023740050702762807
1295704380457594880,negative,0.008300059822934077
1295704380977459200,neutral,0.49789225920557484
1295704381707489281,negative,0.044051357276136495
1295704381799702528,negative,0.12601313751072224
1295704383150333957,negative,0.010047801768553886
1295704383536214019,negative,1.0987980960836639e-07
1295704384987422720,negative,0.00028696207194974194
1295704385092296704,negative,0.29021264198943714
1295704385230639104,negative,0.11071018408393729
1295704386086240256,negative,0.05738731705847255
1295704386266701824,negative,0.004053118679355682
1295704387764072448,negative,1.5628293013898057e-05
1295704388640669696,positive,0.984722336983042
1295704388992983040,negative,0.029420022347715093
1295704388992983041,negative,0.04550932329001948
1295704389655592962,negative,0.004053118679355682
1295704389819273217,negative,0.02784648167175435
1295704391685734402,negative,0.11591685326288977
1295704392583335937,negative,0.05991339020560473
1295704393388560386,negative,0.0013736835298013726
1295704393686253570,negative,0.08335059930378029
1295704393740886017,negative,0.11071018408393729
1295704394080686081,neutral,0.5344029679637843
1295704394101600259,neutral,0.3738428344194084
1295704394231578629,negative,1.292369748982192e-05
1295704396312043520,positive,0.978342543989653
1295704397427744769,negative,0.04887889205048961
1295704397968703488,negative,0.11171156104643645
1295704398421790720,negative,0.044051357276136495
1295704405111701504,negative,0.20348124742185403
1295704405682135042,negative,0.015909291680779654
1295704405719814145,negative,0.031328293252353846
1295704406118326274,negative,0.006231214981885819
1295704408957886464,negative,0.0012643754658529468
1295704409373106176,negative,0.01744778769645543
1295704409586966529,negative,0.24899950486686218
1295704414477484033,negative,0.0001855162520568846
1295704414494359552,negative,0.0012742771223985272
1295704415412924417,negative,0.04557073648943848
1295704417266814976,negative,0.006231214981885819
1295704418940313600,neutral,0.5374478655040366
1295704422878711808,negative,0.09682843337655532
1295704426569781249,negative,0.2527519651762901
1295704430172680194,negative,0.031175903228307805
1295704430285926402,negative,0.03675395284849839
1295704430495637505,negative,0.08673888593131343
1295704430789230595,negative,0.0026089728242214678
1295704431309266944,negative,0.0014881045222610214
1295704431485505537,negative,0.03957686157108606
1295704434434088960,negative,6.284942288392167e-05
1295704435100876801,negative,3.9290486067102954e-05
1295704438359953408,negative,0.018075472935833604
1295704439324540928,negative,0.18286116381631745
1295704443967569921,negative,0.008433543197997315
1295704446291398658,negative,0.058527571783466986
1295704446505279488,negative,0.0010130998930972732
1295704446668877825,negative,0.10294146984041311
1295704446681284609,negative,0.00010105005016432953
1295704447868436480,negative,0.025054689733965654
1295704448157847553,negative,0.00020561432851842686
1295704451857231872,neutral,0.5017543432377519
1295704455363600389,positive,0.9999948757737779
1295704456185679873,negative,0.00019904206878934114
1295704456525488130,negative,1.2538321030308127e-05
1295704456709967872,negative,6.98531992232342e-06
1295704456810696704,negative,0.00012803279689314805
1295704456835850243,negative,0.0002662780301112867
1295704456944914433,negative,0.04800052270269156
1295704459427950592,negative,0.001666204377815562
1295704459906027520,negative,0.07270591234575756
1295704460308684801,negative,0.2583396599417602
1295704460572778498,negative,0.0016799595396042467
1295704465081761792,negative,0.003802063160635881
1295704467397058560,negative,0.013900571801818223
1295704467401138176,negative,0.0016464813745271827
1295704467837538312,negative,0.17201111918529485
1295704467950706689,neutral,0.4890794703991287
1295704468441436161,negative,0.0075130361079723046
1295704468634439680,negative,0.08785473316588438
1295704468735041538,negative,0.20446132414446663
1295704470811181057,positive,0.9760558250252447
1295704472899837960,neutral,0.3996580091506196
1295704473042587651,negative,0.044051357276136495
1295704473659203589,negative,0.00044879097456852497
1295704475651497984,negative,7.063659127694115e-05
1295704476725268481,negative,0.006631638814742494
1295704477194948609,positive,0.9954541684866436
1295704477203410945,positive,0.6651274647727864
1295704477308157954,negative,0.15706210782121804
1295704481804496901,negative,0.02545445313493427
1295704484195307520,negative,0.12601313751072224
1295704484321124352,negative,0.2410028148692255
1295704485143224321,negative,0.2971983187159106
1295704485269053440,negative,0.01236166876017381
1295704485415866369,negative,0.14134167714666668
1295704488284581888,negative,0.00013856566491973123
1295704489219907584,negative,0.00029830118134460226
1295704489434009600,positive,0.9886442611031434
1295704489438187521,negative,0.0011932448869651758
1295704490272862209,negative,0.0012115498855216368
1295704490394505216,negative,0.002835020505793919
1295704492495831040,negative,0.0013401084157850475
1295704493473112065,negative,0.12601313751072224
1295704493749870592,neutral,0.5374478655040366
1295704493758320643,negative,0.07004541468956726
1295704494072889345,negative,0.00010260534437290167
1295704495368921090,negative,0.015042143541692284
1295704495524139011,negative,0.22144923692343593
1295704496639795200,negative,0.07039115002182492
1295704496652390400,negative,0.015155967078824224
1295704496966959105,negative,0.16553439625146482
1295704497583423489,negative,0.03887932955791447
1295704497633861634,negative,0.06903912724250526
1295704497868681221,negative,1.3745624465934212e-05
1295704498422329344,negative,0.29354048216691747
1295704500792168453,negative,0.00031622893293386313
1295704502088224769,negative,0.0014881045222610214
1295704502226608128,negative,0.019901934905204827
1295704504789237767,negative,0.026640802956355434
1295704505825267714,negative,0.00023712191698786614
1295704506127220738,negative,0.03135431427877863
1295704506508943362,neutral,0.3827083594195805
1295704506517336065,negative,0.12601313751072224
1295704506857148416,negative,0.0038490021125725687
1295704507335225344,negative,0.07161603177508977
1295704508715151361,negative,7.385406983206442e-05
1295704509474316288,negative,0.019901934905204827
1295704509562474499,neutral,0.5916122031609724
1295704509675646978,negative,0.0008513974709002886
1295704509826707456,negative,0.22051075309162918
1295704509885353986,negative,3.594269155031401e-05
1295704510086684672,negative,0.0580391876673328
1295704511156236288,negative,0.061588054418535924
1295704511277916163,negative,0.1329588641245441
1295704511336656899,negative,0.057408709700624526
1295704513505120259,negative,0.0005082550125913172
1295704513626673152,negative,0.12601313751072224
1295704513630875648,negative,0.0072938360075774575
1295704515094753281,negative,0.03037309902705873
1295704515677741056,positive,0.9567449771806036
1295704517569318913,negative,0.08879520994779676
1295704517963583491,negative,0.17702735131389113
1295704518739595273,negative,0.016866134240173223
1295704519767207937,negative,9.828585844981233e-10
1295704520148881413,negative,0.04350140218881862
1295704521557946371,negative,0.018624446198766235
1295704521927266305,negative,0.044051357276136495
1295704522044723201,neutral,0.3459287538913422
1295704522116018176,negative,0.005558723782481714
1295704522392821761,neutral,0.42718600593355915
1295704522845753345,negative,0.004416702620394086
1295704522866688001,negative,0.00012563865149656312
1295704523084791808,negative,2.1110357107860877e-05
1295704523420262400,negative,0.08007641557858117
1295704523659501569,negative,0.00937851268629789
1295704526033424384,negative,0.12601313751072224
1295704526117371907,negative,1.7319323275224583e-06
1295704526280896513,negative,0.12601313751072224
1295704527241457665,negative,3.2058244711151716e-05
1295704528143056897,neutral,0.40963621765893793
1295704528147406849,negative,0.12601313751072224
1295704530177478664,negative,0.054763473794297086
1295704530332475393,neutral,0.49789225920557484
1295704530416435200,neutral,0.3619451476948216
1295704530517143552,negative,9.048787605762929e-08
1295704530961801217,negative,3.750265800303984e-05
1295704530978570244,negative,0.12601313751072224
1295704531007942656,negative,0.006631638814742494
1295704531607658498,negative,0.019901934905204827
1295704534183030784,positive,0.9955693225962067
1295704534774415361,neutral,0.5209138043720312
1295704534870888449,negative,0.019901934905204827
1295704534887665664,negative,0.14134167714666668
1295704535491653634,negative,0.0004692367915139291
1295704535818801152,negative,0.18929068482049832
1295704536053669888,negative,0.025054689733965654
1295704536296939527,negative,0.18459858958932926
1295704536724709376,negative,0.08007641557858117
1295704536737370113,negative,0.11313218268374406
1295704538448572416,negative,0.0012643754658529468
1295704538830249984,neutral,0.6332495132930598
1295704539769835520,negative,0.29797611903559484
1295704539992150017,negative,0.0012115498855216368
1295704540092735489,negative,2.504740189470207e-06
1295704540201791489,negative,0.0017044512010052923
1295704540470218752,negative,9.96703194431012e-05
1295704542932275200,negative,1.9435487416264298e-06
1295704542944911361,negative,0.14227454618906335
1295704543355969540,negative,0.0001519657399878777
1295704543662088193,negative,0.0012115498855216368
1295704543758618627,negative,6.642627227163757e-08
1295704544157016064,negative,5.213629659037518e-07
1295704544282914816,negative,0.29354048216691747
1295704544601677826,negative,2.072285398504131e-05
1295704544895053824,negative,0.08999634527657442
1295704545092415488,negative,5.398891048761519e-05
1295704546883391488,negative,0.1320054398652975
1295704546954678275,neutral,0.3306646816629014
1295704547151814662,neutral,0.49789225920557484
1295704547206332417,negative,1.5268953118529316e-07
1295704547407601664,negative,0.04807388552250905
1295704547848069121,negative,0.22285933196530291
1295704548007464962,neutral,0.3306646816629014
1295704548091232257,negative,0.01978172325238759
1295704551438159873,negative,0.0004692367915139291
1295704551601905664,neutral,0.49789225920557484
1295704551887122436,negative,5.643077774743622e-06
1295704553074155520,negative,0.03543011737162968
1295704553254522880,negative,0.09544153704543536
1295704555460726785,neutral,0.502078848952195
1295704556161114114,negative,0.0006173611014873878
1295704556194746368,negative,0.03769540738213657
1295704556597379072,negative,0.0020777048764718457
1295704556765097990,neutral,0.37874993579954885
1295704557394317312,negative,1.3290059832167561e-05
1295704557524312064,negative,0.0017278084595822715
1295704560015740928,negative,3.822947795729282e-05
1295704560808361989,negative,0.0016544375600636367
1295704560930115585,neutral,0.567271095674514
1295704561039155200,negative,0.09922875630911464
1295704561571815424,neutral,0.49789225920557484
1295704561831870466,negative,0.010641207544019255
1295704563887071232,negative,0.002284106981186296
1295704563954135043,negative,0.18956609125123222
1295704564587536386,negative,0.0005207109971164184
1295704564654645257,negative,0.085374508322731
1295704564684009473,neutral,0.4020383545323593
1295704564763627520,negative,0.006528353913551429
1295704564847587334,negative,0.10886634654411638
1295704564918882304,negative,0.0016153578679092503
1295704565187252224,neutral,0.49789225920557484
1295704568089792513,negative,0.010839742477536171
1295704568102256641,negative,0.12601313751072224
1295704568236572674,negative,0.12601313751072224
1295704568748298242,negative,3.788064289331777e-07
1295704568949432320,negative,0.0017071366548228038
1295704569037627393,negative,0.0008103745127076943
1295704569243152384,neutral,0.4663308282673873
1295704569566105600,negative,0.030226427127107044
1295704572179226629,negative,8.325615933541184e-06
1295704572657270785,negative,0.005022104817256357
1295704572686667783,negative,0.0017964191108655163
1295704573483548672,neutral,0.5700949742195746
1295704573584330752,negative,3.1932377036407975e-09
1295704573630459917,neutral,0.4635476503877262
1295704574448283651,negative,0.0042752090920012975
1295704574477688832,negative,0.00039995668226083185
1295704577682087936,negative,0.12601313751072224
1295704578017693698,negative,0.026458342702958958
1295704578554564613,negative,0.019901934905204827
1295704581960343552,negative,0.12601313751072224
1295704582144892928,negative,2.3117762358308292e-09
1295704582329380865,negative,0.2071251955952833
1295704582589501441,negative,0.0016969321211445898
1295704583671549959,positive,0.7692526140486367
1295704586142048256,negative,0.13022336162505266
1295704589489102853,negative,0.00019706346440515965
1295704589984051201,negative,2.645753770736102e-05
1295704590021734400,negative,0.08301289864159057
1295704591020044289,negative,7.841895040053425e-06
1295704594132213760,positive,0.9858132808556057
1295704595977719808,negative,6.98531992232342e-06
1295704598867566594,negative,3.781894269107104e-05
1295704600121671680,negative,0.18299730410594303
1295704601946202113,negative,0.00012803279689314805
1295704602600448000,negative,0.0005744934618100268
1295704602889912321,negative,4.825066533149879e-06
1295704602936041472,negative,0.0008225986609698676
1295704607088431104,positive,0.9806432432293448
1295704607923023878,negative,0.0007876045815101508
1295704609336459265,negative,0.003935628093302417
1295704610217263104,negative,0.00011519182849965869
1295704611412758528,negative,0.06688576552828114
1295704611748065280,negative,3.871768931035164e-05
1295704611815337985,negative,0.18183060066943943
1295704612100595713,negative,0.08572587027725807
1295704612461334530,neutral,0.5112162807618442
1295704612960440322,negative,0.08933194567201644
1295704615187554304,negative,0.004053118679355682
1295704615611138048,negative,0.23649811240819985
1295704615896395781,negative,0.02744523895436504
1295704616823336962,negative,0.07270591234575756
1295704616877928453,negative,8.657684844413725e-05
1295704618379423756,negative,0.010113815134571876
1295704618924744711,negative,0.0338450944365522
1295704619545513984,negative,0.01943786463375533
1295704622477316096,negative,2.465229185943215e-07
1295704622707830790,neutral,0.49789225920557484
1295704623051833346,negative,0.03424677648972107
1295704624498978817,negative,4.979188129192784e-06
1295704624658288641,positive,0.6631800561998353
1295704627674075137,negative,2.4318214867734817e-09
1295704629263704064,negative,0.0006120493907151142
1295704631348047874,negative,0.07270591234575756
1295704631364988928,neutral,0.39148555583824224
1295704631864156165,neutral,0.3498857138569691
1295704632480628743,negative,0.05717745807698712
1295704635118944256,neutral,0.5349046865138728
1295704635123150848,negative,0.02200006147200107
1295704639279595521,neutral,0.35470403613035034
1295704639560720387,negative,0.03424677648972107
1295704640005316610,negative,0.11591121074334354
1295704640089186305,negative,0.09615957085032137
1295704641230049280,neutral,0.5374478655040366
1295704641251016706,negative,0.00010105005016432953
1295704643503259648,negative,0.0006723585008354698
1295704643574665219,negative,0.05802606271412302
1295704643633319936,positive,0.7434553857185785
1295704644786761729,negative,0.018053529996105693
1295704645248135170,neutral,0.5152685453022815
1295704647546675200,positive,0.8767328296047523
1295704647831879685,negative,0.06316873021486953
1295704648037421057,negative,0.08022047292342224
1295704649773842433,negative,0.002085854474499174
1295704652089106432,negative,0.0027371390789015476
1295704652873228288,negative,0.014128434156987363
1295704653590560769,neutral,0.5665381251837915
1295704656715354112,negative,0.11325217705010698
1295704656883195906,negative,0.003802063160635881
1295704657612996608,neutral,0.49789225920557484
1295704657977847809,negative,0.317955616456911
1295704660163125250,negative,0.00028696207194974194
1295704660733501440,neutral,0.4285758614317694
1295704660762931200,neutral,0.49789225920557484
1295704660813197313,negative,0.0006996094036779443
1295704661282959361,negative,0.08855186251549793
1295704661954043904,negative,0.08301289864159057
1295704664462299137,negative,0.019461926428378913
1295704664571367425,positive,0.9415963144703953
1295704664902705155,negative,0.18299730410594303
1295704665330462727,negative,0.0019274978459227282
1295704665632333826,negative,0.04274870898572828
1295704666655854596,negative,0.11766831208166835
1295704666815307778,neutral,0.46127768308170247
1295704668711067649,negative,0.28533547778502993
1295704669013061632,negative,6.038964061692895e-11
1295704669566763008,negative,0.09345127919795126
1295704669839331328,negative,0.01978172325238759
1295704670330003457,negative,0.016994408219471648
1295704670489456647,positive,0.982977105864984
1295704672985063424,negative,0.18987316895698492
1295704673912066048,negative,9.732012384018601e-06
1295704674117595137,negative,0.06747121611459704
1295704674541207553,negative,0.12601313751072224
1295704675975651328,negative,1.9797176129500453e-05
1295704676982194179,negative,0.0004989025182391388
1295704677208805378,negative,0.12601313751072224
1295704677410119685,negative,1.721766334804856e-11
1295704677644939264,neutral,0.5017543432377519
1295704679813451777,negative,0.23547395389090442
1295704679922503680,negative,0.03039163602216134
1295704682476830726,negative,0.11766831208166835
1295704682594271236,negative,0.1208688765087536
1295704683009515520,negative,0.12601313751072224
1295704683135348738,negative,0.044051357276136495
1295704685886820352,negative,0.006603943970498389
1295704686876676096,negative,0.0019137076188600975
1295704690743803905,negative,0.004151254042407973
1295704690995462145,negative,0.10072519861226575
1295704691280617472,negative,0.14134167714666668
1295704691473604609,negative,0.12430167045461835
1295704691905568769,negative,0.016738279687674457
1295704692228595719,neutral,0.4285758614317694
1295704692337475590,negative,0.00014504840739090958
1295704693885345794,negative,0.004316169404615848
1295704694162063360,negative,0.0019137076188600975
1295704694531264513,negative,0.0002778197930561137
1295704695672131589,negative,0.018075472935833604
1295704695995064327,neutral,0.3306646816629014
1295704696590675970,negative,0.04350140218881862
1295704697819537409,negative,8.325615933541184e-06
1295704699480547329,negative,0.00043311282026290614
1295704700113817600,negative,0.00888672270442886
1295704700633972739,negative,0.06747121611459704
1295704701305069570,negative,0.2677651204054746
1295704701560913921,negative,3.367805548707567e-05
1295704701590282241,negative,0.004316169404615848
1295704702232002560,negative,0.019901934905204827
1295704702357843973,negative,0.0002644249105145591
1295704702420758528,negative,0.05892518951515792
1295704703326720000,negative,0.17573154551332273
1295704703368650757,positive,0.7009702966169624
1295704703423131649,negative,0.0014133695228155628
1295704703695818758,negative,0.00618396242161895
1295704704064917505,negative,0.044201155521412815
1295704704119459840,negative,0.12601313751072224
1295704706178719747,negative,0.03464282427256948
1295704706384375810,negative,0.046195898610921535
1295704706824712193,negative,1.8088188086353651e-06
1295704707642597376,neutral,0.5017543432377519
1295704707948838920,negative,0.004416702620394086
1295704711312613376,negative,8.255106362434987e-12
1295704711509794821,negative,5.513422305036724e-10
1295704711547490305,negative,0.06405231180963164
1295704711673389057,positive,0.699800872458837
1295704712554184704,negative,7.587093902547775e-07
1295704714680700929,negative,0.019901934905204827
1295704714701451264,negative,0.0021858083203273398
1295704715389546497,negative,0.01236166876017381
1295704716152840192,positive,0.9972529419114555
1295704716417150977,neutral,0.6467349093642402
1295704716895236097,neutral,0.42447457193172483
1295704717323100162,negative,0.317955616456911
1295704718866550784,negative,9.38209634834186e-05
1295704719588052994,negative,0.06389519469739971
1295704719642497024,negative,0.011150144004782673
1295704719915180037,negative,0.20068348121315688
1295704720389091329,negative,0.008744897680463423
1295704720800186369,negative,0.31732489718339985
1295704721009893376,negative,0.012021786064087958
1295704721097981952,negative,0.0948908403365332
1295704721454501888,negative,0.04935181011798173
1295704723123732481,negative,0.03302965250828128
1295704723580952576,neutral,0.5739329085384285
1295704727179669504,negative,0.09138607188401537
1295704727343321088,negative,0.005719490194336783
1295704727532036097,negative,0.2512242327566499
1295704727884304384,negative,0.012794336949919475
1295704728173776900,negative,0.019901934905204827
1295704728278573057,negative,0.00027505150899400407
1295704728609972225,negative,0.12601313751072224
1295704729197187072,negative,0.1871044581819922
1295704729578868736,negative,0.25993806436284184
1295704729608228865,negative,0.08022047292342224
1295704729872465921,negative,0.12601313751072224
1295704730275127296,negative,0.01335974859252524
1295704731508244480,negative,0.08706242741748953
1295704731592151040,negative,0.0021251257712951053
1295704731705315331,negative,0.00563867896966542
1295704732191936513,negative,0.18472108792513997
1295704732238045184,negative,0.025952750194008528
1295704733110407168,neutral,0.34126292157293076
1295704734251220992,negative,0.0451367204794381
1295704736369381376,negative,0.21766842099364597
1295704736692416513,negative,0.0013429264106975206
1295704737598377984,positive,0.9186228030003005
1295704737774542851,neutral,0.5372318511317483
1295704738135183360,negative,1.2707972006593357e-06
1295704738172813314,negative,0.31224978496645767
1295704738286178304,negative,0.11591685326288977
1295704739825541122,negative,0.010702186785435842
1295704739863240712,negative,1.332729351319976e-05
1295704739997515776,negative,0.12601313751072224
1295704740035211265,neutral,0.344898861312574
1295704740391780352,negative,1.178967565640056e-08
1295704740496539649,negative,0.14134167714666668
1295704740593049600,negative,2.7121425689573818e-05
1295704741549236225,negative,0.07788752185469694
1295704741608140800,negative,0.019901934905204827
1295704744665788416,negative,0.009358662145981914
1295704744925761537,negative,0.09170311633066992
1295704745559109638,negative,0.03302965250828128
1295704746469347332,negative,5.781715064387175e-07
1295704746741858304,neutral,0.33793816063758536
1295704749535383558,positive,0.7016239547261501
1295704750218977281,negative,3.750265800303984e-05
1295704750311186432,neutral,0.4261834101607718
1295704750382514177,negative,0.012091014531995197
1295704750663454723,positive,0.9974064663418298
1295704750768496643,negative,0.019901934905204827
1295704752534237185,negative,0.04568025497575806
1295704752546775042,negative,0.011791452389450587
1295704752920178688,negative,0.07461193265617894
1295704752932569088,negative,0.08879520994779676
1295704753448640512,negative,0.2583396599417602
1295704753880608769,negative,0.00011920047949049027
1295704754069405698,negative,0.10425787571806562
1295704754119745536,negative,2.371563913227247e-10
1295704754182672391,neutral,0.5017543432377519
1295704758255333376,negative,0.04350140218881862
1295704758536138759,negative,0.04350140218881862
1295704761602322433,negative,0.005611470612770176
1295704762566967296,negative,7.683050363076941e-05
1295704763103940608,negative,0.12601313751072224
1295704765012291585,negative,0.001150404241661264
1295704765934993408,negative,0.19448723309182842
1295704766186696704,negative,0.024152130020127942
1295704766509703168,negative,0.04495693307702678
1295704766572634117,negative,0.02132099595582579
1295704766652256256,negative,0.12589623942840603
1295704766748786697,negative,0.0024288047154405134
1295704767084331010,negative,0.12601313751072224
1295704769063981058,neutral,0.3463437572009045
1295704769164541955,negative,0.08304571596285948
1295704769819029505,negative,0.15420159743026365
1295704770443751425,neutral,0.330326415791135
1295704770561183746,neutral,0.330326415791135
1295704771169595397,positive,0.9477995601449292
1295704774684241922,negative,0.018624446198766235
1295704775103778816,negative,0.03650915601359406
1295704775565205504,negative,0.0013422869196148164
1295704777570111488,negative,0.03285896863672738
1295704777846935554,neutral,0.492038687289949
1295704777855098880,negative,0.018624446198766235
1295704777968386048,negative,0.018624446198766235
1295704777989541888,negative,0.12601313751072224
1295704778056630274,negative,0.2066354606276302
1295704778450903044,negative,0.0001052587004302374
1295704778933141504,negative,0.09846040692249537
1295704778945830913,negative,0.12601313751072224
1295704779486789632,neutral,0.5374478655040366
1295704779574980608,negative,0.07788752185469694
1295704782448066560,negative,0.05784351897484676
1295704783496654848,negative,0.019276678333729192
1295704784402632704,negative,0.059177087290131374
1295704787921580033,neutral,0.36004841829505513
1295704787992956933,negative,0.004053118679355682
1295704790199042048,negative,0.09333938843311854
1295704792677994496,negative,0.0038448700235420553
1295704792883290112,negative,0.0016426734485734916
1295704794817081344,negative,0.044051357276136495
1295704795299356674,negative,0.0026362244038887527
1295704798688358401,negative,8.325615933541184e-06
1295704798822649856,negative,1.4976252542140145e-06
1295704799661436932,positive,0.7509082171332925
1295704799917346817,negative,0.033280093885533685
1295704800479399939,neutral,0.42976760771200057
1295704801380982786,negative,0.00011706970378355754
1295704803805470720,negative,0.004637588544408518
1295704807781662722,negative,0.17967060726801334
1295704808448569348,negative,0.006631638814742494
1295704808553406464,negative,0.18472108792513997
1295704808729567232,negative,0.14134167714666668
1295704808758878209,neutral,0.5374478655040366
1295704808788197376,negative,6.585584536490565e-05
1295704812554788865,negative,0.00392730857494473
1295704812768694273,neutral,0.6334479286684144
1295704812890263553,negative,0.003802063160635881
1295704813695623169,negative,0.17775680830642215
1295704815784386560,negative,0.03424677648972107
1295704815889190915,neutral,0.6510058072737261
1295704816539308034,neutral,0.5719721702124851
1295704817885732866,negative,0.05416247567738489
1295704818170896387,negative,0.006631638814742494
1295704819559215107,neutral,0.5056196027677615
1295704819571625984,negative,0.07270591234575756
1295704820947521538,negative,0.0012115498855216368
1295704821014634497,negative,0.003504783410074777
1295704824080629761,negative,0.0005207109971164184
1295704824412082179,negative,4.7904493956656984e-05
1295704824655351808,negative,8.703451643377525e-05
1295704824697282560,negative,0.24832315055875548
1295704825599008769,negative,0.0012115498855216368
1295704825976545286,negative,1.0987980960836639e-07
1295704828442808320,negative,0.0793004912566736
1295704828476260360,negative,0.0464558488009747
1295704828627292160,negative,0.0005119128759117469
1295704828958605312,negative,3.0439707664671607e-05
1295704829323616257,negative,8.657684844413725e-05
1295704830518992896,negative,0.14227454618906335
1295704832351903744,negative,0.11720130155223349
1295704832519544832,negative,0.05017656982950122
1295704833106890752,negative,0.00011706970378355754
1295704833672937472,negative,0.1805716945564169
1295704833853292544,neutral,0.49789225920557484
1295704836302942208,negative,0.025054689733965654
1295704837196324864,negative,0.2943613821773428
1295704838433636361,negative,0.18299730410594303
1295704838706208770,negative,0.009450978624406994
1295704841772294144,negative,0.06324589559151648
1295704842581794817,negative,0.10278276105331553
1295704845001793536,neutral,0.4497406693020771
1295704847031902212,negative,0.05741082219477387
1295704847044481024,negative,0.0005744934618100268
1295704847157796865,negative,0.01981185236540945
1295704849246543872,negative,0.0006146947006735611
1295704850349666304,positive,0.6634808066654354
1295704851133988864,negative,0.03447021482234042
1295704853403111426,negative,0.10278276105331553
1295704854837579783,positive,0.7509082171332925
1295704855059861504,negative,0.2382669582645585
1295704855483383810,negative,0.019901934905204827
1295704856850837504,negative,1.927562013116505e-05
1295704858402709504,negative,0.012169857429332064
1295704858583072778,negative,0.12601313751072224
1295704858792726531,negative,0.001430195235524911
1295704859002449922,negative,0.014640049545214298
1295704860252418050,negative,8.461123846795204e-05
1295704860353007617,neutral,0.37111150485659405
1295704861808394240,negative,0.12601313751072224
1295704862097911809,neutral,0.5112162807618442
1295704863163154434,negative,0.09615957085032137
1295704863242952705,negative,0.004138574465156956
1295704863544946689,negative,0.02416622986422118
1295704863557517312,negative,0.12601313751072224
1295704865923051520,negative,3.0594770481992095e-07
1295704866183155713,negative,0.08238130995994213
1295704866229293056,negative,0.0012115498855216368
1295704867512750084,negative,0.12601313751072224
1295704867709882368,negative,6.849023803553776e-05
1295704870389977095,negative,0.1518232555775631
1295704870528462848,negative,0.12241357769920357
1295704871677628417,neutral,0.5372318511317483
1295704871849558016,neutral,0.3306646816629014
1295704874039103488,negative,0.003959907072619156
1295704875125428226,negative,6.736670363149697e-05
1295704875628736513,negative,0.02811502354190008
1295704878585712640,negative,0.14134167714666668
1295704878673793024,negative,0.09682843337655532
1295704879781023744,negative,0.001291163829199869
1295704881299218443,negative,0.2721262401755615
1295704883635593216,negative,0.12601313751072224
1295704883694272513,negative,8.332917166056386e-10
1295704883702591488,negative,0.08755118420002257
1295704883908227072,negative,3.750265800303984e-05
1295704887142109184,negative,0.0019101703750569739
1295704887221604352,negative,0.060268269423761706
1295704887221788675,negative,0.0005207109971164184
1295704887351812096,negative,0.0023101027910052384
1295704887821467653,negative,0.0023057710377325526
1295704890816200704,negative,0.14134167714666668
1295704890925252608,negative,0.12311761039440322
1295704891374080000,negative,0.12601313751072224
1295704891642585088,negative,0.001546644961263366
1295704892036853762,neutral,0.5808741501827569
1295704892082999296,negative,0.22282871961088932
1295704892380782598,negative,0.0016537749991679535
1295704892485644289,negative,0.05261271744893963
1295704892724699138,negative,0.0012115498855216368
1295704896143065095,negative,0.019901934905204827
1295704899490140162,negative,0.00011920047949049027
1295704900387524608,negative,0.00011920047949049027
1295704900995878913,neutral,0.6418922593519008
1295704902493036544,negative,0.0032533681489490627
1295704903399231488,negative,0.00022560597792632621
1295704903818653697,positive,0.9527619688681364
1295704903864786944,negative,0.0004211981740700472
1295704904019869696,negative,0.0006893139723907056
1295704904225427457,neutral,0.4525996359781274
1295704904267333632,negative,0.08007641557858117
1295704905420767233,positive,0.9609490247868758
1295704905756413957,negative,0.06460519229674513
1295704905907425280,negative,0.03555762238773833
1295704905966026752,neutral,0.3306646816629014
1295704908163932160,negative,0.03269000977819785
1295704908386238464,negative,0.16510049227571805
1295704908948295681,negative,3.750265800303984e-05
1295704909338353666,neutral,0.33440212514266987
1295704909434822657,neutral,0.47380049950461456
1295704910068158465,negative,0.017178444783900387
1295704910206558208,negative,0.16555727204251808
1295704910244335618,negative,0.03565945797252218
1295704911842291712,negative,0.02742654792902125
1295704912031031297,negative,0.0001052587004302374
1295704912123367425,negative,0.0012115498855216368
1295704912584679425,negative,8.530189932835162e-05
1295704912672763905,neutral,0.5344029679637843
1295704912828006401,neutral,0.34126292157293076
1295704912941260803,negative,0.12601313751072224
1295704913704607745,negative,0.12601313751072224
1295704913729724416,negative,0.02953782963514901
1295704914161786880,negative,0.08395830777019889
1295704917340979200,negative,0.005444371997459488
1295704917500473344,negative,0.11068872709575771
1295704917601071106,negative,2.7576915926557836e-05
1295704917609504774,negative,0.015410717984003702
1295704918167293952,negative,0.14134167714666668
1295704920369373184,negative,0.0007449142469826013
1295704920893595653,negative,0.03541852314666285
1295704921141116929,negative,0.18472108792513997
1295704921375899658,negative,0.01981185236540945
1295704921787052038,negative,0.09615957085032137
1295704922101616641,negative,0.14459291354362255
1295704922525057026,negative,0.0012323228312725249
1295704922646892546,negative,0.12601313751072224
1295704924559495168,negative,0.16555727204251808
1295704925348024320,negative,0.003397107243975512
1295704925670977541,negative,0.00022733499377518168
1295704925821861896,negative,0.00303727876996622
1295704925859655682,negative,0.00015346569853918462
1295704925884813312,negative,0.0007488890520177013
1295704926803374086,negative,0.27150306209610603
1295704928720162816,negative,0.2820386637943614
1295704928766353408,neutral,0.492038687289949
1295704929114435585,negative,1.4496270521821929e-07
1295704929252847621,negative,0.14134167714666668
1295704929634594818,negative,0.16258834460144755
1295704929915543552,negative,0.011867894971751461
1295704930251149315,negative,1.8835495244928986e-06
1295704931148738560,negative,0.0025176397840290477
1295704933010989058,negative,0.09024465104071452
1295704933027766274,neutral,0.34023607198313965
1295704933489049603,negative,0.0004989025182391388
1295704933929553921,negative,0.2071251955952833
1295704934747381760,negative,0.019901934905204827
1295704936949469184,positive,0.9450098357883242
1295704937490415616,neutral,0.555920416612909
1295704937616363520,negative,9.499794325700054e-07
1295704938341969920,negative,0.013596616932564943
1295704938497138689,negative,0.23649811240819985
1295704938815815681,negative,0.13966947833738833
1295704938937548801,negative,0.07423789443282205
1295704939184807936,neutral,0.49789225920557484
1295704941131169793,negative,0.019901934905204827
1295704941307338752,negative,0.026640802956355434
1295704941391237120,negative,0.05376042475927004
1295704941428969472,positive,0.9518577765884263
1295704941483483137,negative,0.20093292178356995
1295704943098298368,negative,0.014782412568064894
1295704943492509697,negative,0.12601313751072224
1295704945539321856,negative,0.011151595823809033
1295704945866477569,negative,0.03405603245569175
1295704946663477253,negative,0.024405456238622735
1295704946671783937,negative,0.00635853707938829
1295704947124776968,negative,0.2943613821773428
1295704947330359296,negative,5.420662508226501e-06
1295704947468664832,negative,7.109688915314053e-12
1295704947519098886,negative,0.06755976209626206
1295704950287273984,negative,1.3290059832167561e-05
1295704950497071104,negative,0.004053118679355682
1295704950954229765,positive,0.831818916272822
1295704951298101248,negative,0.0004989025182391388
1295704951713406976,negative,0.000238360276353027
1295704953743388672,negative,0.3170910530161235
1295704953789517826,positive,0.9869823488208094
1295704954062221313,negative,0.30378529550540356
1295704954636832768,neutral,0.502078848952195
1295704954913554432,negative,0.12601313751072224
1295704955131756544,negative,2.820389678909185e-07
1295704955249188864,negative,0.012997222388158333
1295704955366576129,negative,0.21601015731274564
1295704958096949253,neutral,0.5505550505941735
1295704958520586244,negative,0.03464282427256948
1295704958856298501,positive,0.7372705234501187
1295704958931738625,negative,0.004922852526043974
1295704959573471232,negative,0.1736498928363425
1295704962509479937,negative,0.023745296213453337
1295704963578904577,negative,0.0012643754658529468
1295704964434735104,negative,0.00018163029114407663
1295704964837384194,neutral,0.49789225920557484
1295704966242471937,negative,0.17494037764364076
1295704966984736773,negative,0.13680489093518966
1295704967337189376,negative,0.02545445313493427
1295704972391325697,positive,0.9917482125449342
1295704975868403714,negative,0.028335698710838457
1295704977118236673,negative,0.024561061548734223
1295704980524085248,negative,0.00392730857494473
1295704983732535296,negative,2.0567445674066097e-05
1295704984366002176,neutral,0.3499403932065885
1295704987511783424,negative,0.0001298683880414286
1295704987654328320,positive,0.9496372501312157
1295704993241206785,negative,0.015741985975735853
1295704994004504580,negative,0.051006876849169186
1295704996290453504,negative,0.056178070267459065
1295704996294594560,negative,0.21643777703880746
1295704996651171840,negative,0.02545445313493427
1295704996911226883,neutral,0.3709491165362941
1295704997246775298,negative,0.05802606271412302
1295704998148530176,positive,0.8050357591492134
1295704998605512704,negative,0.04120649603166176
1295705000526655489,negative,0.07137795979180471
1295705000602025984,negative,0.24081627254952076
1295705000908333058,negative,0.13449786664433144
1295705001092943874,negative,0.16166495729355854
1295705002460291072,negative,0.03184689485492144
1295705003982823424,negative,0.00019307054678449037
1295705006239358976,negative,0.01575963364932962
1295705008562941953,negative,0.0014275058984492557
1295705008638394368,negative,4.1231569434205976e-06
1295705009418641409,negative,0.09018153257039183
1295705010072891404,negative,0.031441412472433164
1295705010077147137,negative,0.0024937937618248005
1295705010630799362,negative,0.019901934905204827
1295705012941869057,negative,1.700241794273448e-06
1295705013516406784,negative,0.02811502354190008
1295705020956938241,negative,0.11334109463268559
1295705025436581890,negative,1.2302985571189288e-07
1295705026439061506,negative,0.08022047292342224
1295705029815537664,neutral,0.5257972330163432
1295705030415093760,negative,0.24685659474727273
1295705034232078337,negative,0.0013422869196148164
1295705036081827840,negative,1.3909575078501324e-11
1295705039491735552,negative,1.0097705687054994e-07
1295705040078770176,neutral,0.35629046916267293
1295705041903525889,negative,2.607380812887987e-07
1295705042956189697,negative,0.01586235586439742
1295705043023343617,negative,0.012997222388158333
1295705043027529729,negative,0.0012323228312725249
1295705046936629248,negative,0.12658537555733915
1295705047192539143,negative,0.019901934905204827
1295705047247003650,negative,1.982929921663751e-09
1295705047326654464,negative,0.1257916116174241
1295705047335161857,negative,0.12601313751072224
1295705047439998977,negative,0.05317164965175395
1295705047997779970,negative,1.479893142826609e-13
1295705050925473792,negative,0.019901934905204827
1295705051063816192,negative,1.2766978338114168e-06
1295705051302961152,negative,0.019901934905204827
1295705052645130240,neutral,0.4047214283799102
1295705052926087169,negative,0.12601313751072224
1295705053148467200,negative,0.12601313751072224
1295705054427713536,negative,0.012794336949919475
1295705054670991360,negative,0.05738731705847255
1295705055132364807,negative,0.02132099595582579
1295705056172539905,negative,0.0010796968993008907
1295705056453562373,negative,0.11071018408393729
1295705056499634176,negative,0.006231214981885819
1295705056654823424,negative,0.12601313751072224
1295705058504515587,negative,0.004126722118305148
1295705059129425920,negative,5.937576254902243e-07
1295705059360153601,negative,0.2245551615297758
1295705059465089025,negative,0.0023413893706434813
1295705060320542721,negative,0.12601313751072224
1295705060991799301,neutral,0.43481168191019
1295705061042118657,positive,0.7757378803001985
1295705061121593345,neutral,0.49789225920557484
1295705063625764864,negative,0.00012975839306482833
1295705063839674373,negative,0.0030996458809638984
1295705065060270081,neutral,0.3996580091506196
1295705065345277953,negative,0.0005207109971164184
1295705065831923712,positive,0.9709561102686586
1295705066129719296,neutral,0.4285758614317694
1295705066993856512,negative,0.09147931027663674
1295705067006373890,neutral,0.568313565714886
1295705067388047362,negative,0.0001383684147817728
1295705068315062272,negative,0.019901934905204827
1295705069439115264,negative,0.0001553411680709392
1295705071372521474,negative,0.0005744934618100268
1295705071574028289,negative,4.7725863640674466e-05
1295705072228335616,negative,8.325615933541184e-06
1295705072714776578,negative,0.18286116381631745
1295705072723255299,negative,0.23704735335805455
1295705072895066112,negative,0.0019754498953358525
1295705076095475713,negative,0.0003240564475689779
1295705076133064709,negative,0.01744778769645543
1295705077508984833,negative,0.17005177882036193
1295705077638991872,negative,0.00214766774647283
1295705077664055297,negative,0.0024013210662786897
1295705080235274243,negative,0.2583396599417602
1295705081116012546,negative,0.015408645937205678
1295705081157951489,neutral,0.5551326366339696
1295705081439035393,negative,0.02504361883387675
1295705081711648771,negative,0.12601313751072224
1295705082084888577,negative,0.001150404241661264
1295705082286223361,neutral,0.5372318511317483
1295705084051980289,negative,0.044051357276136495
1295705084500873216,negative,0.0430101816775751
1295705084760793088,negative,1.6395967586671367e-05
1295705084823830528,negative,0.00010286170946688451
1295705084999999488,negative,0.044051357276136495
1295705085633331200,neutral,0.5017543432377519
1295705085847179264,neutral,0.35687064213506103
1295705086094712833,negative,0.02545445313493427
1295705088154054658,negative,0.007323438708866125
1295705088284151808,negative,0.004077047471764551
1295705088581926913,neutral,0.5923783866986081
1295705088976211969,negative,5.306193393812519e-07
1295705090167377920,negative,0.20478744906478066
1295705090347630592,negative,0.006231214981885819
1295705090666504192,negative,0.03565945797252218
1295705090830073856,negative,0.0016969321211445898
1295705092809789441,neutral,0.49789225920557484
1295705093128544257,negative,0.12601313751072224
1295705093237616641,neutral,0.3448789537043245
1295705093250134016,negative,0.12601313751072224
1295705093367529472,negative,0.13909514979297907
1295705093770219520,neutral,0.49789225920557484
1295705094005104641,negative,0.12601313751072224
1295705095905181696,negative,2.568770562364314e-07
1295705096421027841,neutral,0.42507619662732005
1295705097419268096,negative,0.12601313751072224
1295705098493079553,negative,0.14134167714666668
1295705098719551490,negative,0.019901934905204827
1295705098803392512,negative,0.01978172325238759
1295705098941865984,positive,0.7016239547261501
1295705098979549185,negative,0.2943613821773428
1295705101584261120,negative,0.22051075309162918
1295705101697458178,negative,0.007971187557063476
1295705102951555074,negative,0.21924840240667573
1295705103115210752,negative,0.2596100890774562
1295705103320657921,negative,0.12601313751072224
1295705103358480390,neutral,0.38926255850597824
1295705104767684609,negative,0.02546542909135157
1295705104998371333,negative,0.0017278084595822715
1295705105266880513,negative,0.005171646386894655
1295705105409495047,negative,0.0018657919984342661
1295705105497493505,positive,0.7365038327568109
1295705106135027714,negative,0.019901934905204827
1295705109268238342,neutral,0.6397472596389157
1295705109289107456,negative,0.0075290245600521215
1295705109717016577,negative,5.682505237769294e-05
1295705110299975680,negative,0.11591685326288977
1295705110451019778,negative,0.32757614386205947
1295705110765502470,negative,0.019901934905204827
1295705111189225474,negative,0.0015823681451970074
1295705113651220480,neutral,0.5152685453022815
1295705114389483520,negative,0.0007745359129958626
1295705114561392640,negative,4.1231569434205976e-06
1295705114620112897,negative,1.8254699567424015e-06
1295705114632757253,negative,0.0026362244038887527
1295705114922102784,negative,0.12601313751072224
1295705115266088961,negative,3.2236963560880407e-06
1295705115303845888,neutral,0.6563131832915976
1295705115333099520,negative,0.014113854501954216
1295705117321318405,positive,0.9085947996633359
1295705117480558592,negative,0.0012323228312725249
1295705118604759040,negative,0.04350140218881862
1295705119028326401,negative,3.072818365175254e-09
1295705119544270849,negative,0.0037007295488750373
1295705119586242561,negative,0.0033154349196031696
1295705119657525248,negative,0.2076697765453865
1295705120173363200,negative,0.00011371886963053537
1295705120727076865,negative,0.022223357112360245
1295705121503010818,negative,0.007181478780361355
1295705122714955778,negative,0.24554298190478197
1295705122832515073,negative,0.007326825439285849
1295705123155517440,negative,3.410927996450831e-05
1295705123340132352,negative,0.01732489505797091
1295705126364209154,negative,0.2946932210922587
1295705126787850241,negative,0.00937980767477089
1295705126879891457,negative,0.11631874523252289
1295705126984912896,neutral,0.5315534514659949
1295705129950285824,negative,0.003025714189810673
1295705130231369732,negative,0.003802063160635881
1295705130994675714,negative,0.20025721241307678
1295705131409985536,positive,0.8561445192828033
1295705131590311936,negative,0.012794336949919475
1295705135486832641,negative,0.0016576778712567043
1295705135851671552,negative,0.013089281480064363
1295705136136966145,negative,0.0003341345893923006
1295705137105850368,negative,0.0015532076164434178
1295705138619875328,negative,0.21854627611378516
1295705138791878662,neutral,0.6563131832915976
1295705139945394176,negative,0.009665812810696924
1295705140364599296,positive,0.7986801665541826
1295705143292440576,negative,0.039675902044418065
1295705143544090626,negative,0.12601313751072224
1295705144030625793,negative,0.0013422869196148164
1295705144454258689,negative,0.012997222388158333
1295705144458391552,neutral,0.3448789537043245
1295705144764571651,negative,0.006644697800753888
1295705146689691648,negative,0.003802063160635881
1295705147843260417,negative,0.20309281852172015
1295705148434665473,negative,0.01619968437839797
1295705151274131458,negative,0.31413761741642665
1295705151295062018,positive,0.6672291889066686
1295705152792473600,negative,0.02063586315407304
1295705156957409281,negative,0.09492786723641498
1295705157162983425,negative,0.0012767609965672806
1295705162141634560,negative,0.004558700104150853
1295705164708487168,neutral,0.49789225920557484
1295705165203304451,negative,8.657684844413725e-05
1295705165832626177,negative,1.332729351319976e-05
1295705166285434880,negative,0.06901284341561151
1295705170387632130,neutral,0.46127768308170247
1295705171880632321,negative,0.0012323228312725249
1295705173457862656,positive,0.9041098809645616
1295705173873119232,negative,0.019901934905204827
1295705173994725381,negative,0.0012643754658529468
1295705176293158917,negative,0.2828136932208214
1295705177048207362,negative,0.026712610815796057
1295705177316622337,negative,0.12933227042525577
1295705182228156417,neutral,0.6013159891872208
1295705182278385665,negative,0.06718349393732787
1295705182882467840,positive,0.7566783376172075
1295705184346296320,negative,0.040683584595567354
1295705185453510657,negative,2.3101878437912964e-05
1295705186162348033,negative,2.363642235003563e-06
1295705186686701574,negative,0.10553221951103621
1295705187127001089,positive,0.7365038327568109
1295705188695715842,negative,0.07387917408818065
1295705188947365888,negative,0.0004300417610645506
1295705189232660483,negative,0.20478744906478066
1295705190197342208,negative,0.05802606271412302
1295705190524387328,neutral,0.40765351114227844
1295705190750969856,negative,0.012794336949919475
1295705191375933441,negative,0.016393079289107666
1295705192889974791,negative,1.0987980960836639e-07
1295705193284280320,negative,0.1717063399097072
1295705193569558528,neutral,0.56279687629943
1295705194072875008,negative,1.0404796049284156e-05
1295705194257436672,negative,0.07270591234575756
1295705194299260930,negative,0.0027371390789015476
1295705194903351301,neutral,0.4020383545323593
1295705195159093248,negative,0.0699362052529048
1295705195167584259,negative,0.000232466971655266
1295705195440148480,negative,0.015270472393273843
1295705195507265538,negative,3.0439707664671607e-05
1295705195922563078,negative,0.007858118452541136
1295705195981176833,negative,0.09981193267632872
1295705197944156162,negative,1.4976252542140145e-06
1295705201635209216,negative,0.04461045805192139
1295705201639337984,negative,0.004527404484244085
1295705202394185728,neutral,0.64837454685293
1295705203241619457,negative,0.0005207109971164184
1295705203258384384,negative,1.202358943263351e-05
1295705203417767937,negative,0.0014881045222610214
1295705205518905344,negative,0.041680856832047336
1295705207565881344,negative,9.38209634834186e-05
1295705209579110401,negative,0.0012115498855216368
1295705210929778689,neutral,0.48728019602140255
1295705211470786562,negative,0.00033147708280829646
1295705211554627584,negative,1.4976252542140145e-06
1295705211592482819,negative,0.0006122143214708026
1295705212242386944,negative,0.048038338004875995
1295705214188740608,neutral,0.5112162807618442
1295705215254048769,neutral,0.5152685453022815
1295705215312723969,negative,0.13449786664433144
1295705215610617857,negative,0.010900546679151846
1295705218366177281,negative,3.1488329776521477e-07
1295705218806685696,negative,0.0012115498855216368
1295705220291403776,negative,0.050744228500027855
1295705220329213953,negative,0.044047002768414695
1295705223290265602,neutral,0.38259157989483406
1295705223411970050,neutral,0.49789225920557484
1295705224779374596,negative,0.05741082219477387
1295705226750697472,positive,0.8421741811613244
1295705227048423424,negative,0.04887889205048961
1295705227111411713,negative,0.12601313751072224
1295705227472052224,negative,0.00018163029114407663
1295705228780679169,negative,0.12601313751072224
1295705230773026819,neutral,0.35301489593290647
1295705230869508097,negative,7.517310825490975e-07
1295705231075008512,negative,0.12293352430175952
1295705231444058117,negative,0.2300677064958986
1295705231641149441,negative,0.006989559320607301
1295705231951572993,negative,0.0012115498855216368
1295705232014548994,negative,0.2943613821773428
1295705232782098434,neutral,0.37782262899334224
1295705232832376832,negative,0.0004170586749296156
1295705232845033472,negative,0.051748325455630635
1295705232907948040,negative,1.4105811180703608e-07
1295705234925387781,neutral,0.5808741501827569
1295705235613261824,negative,0.10534978715023911
1295705236150116352,negative,0.10278276105331553
1295705236158451713,negative,0.09254905100945168
1295705236556984320,neutral,0.4755919378974525
1295705236905103360,negative,0.02132099595582579
1295705237710409728,negative,0.16555727204251808
1295705238729613317,negative,6.329846607749309e-06
1295705240021458944,negative,0.12601313751072224
1295705240105291776,negative,0.12601313751072224
1295705240403140613,negative,0.003209095606233753
1295705241019711489,negative,3.578174151391531e-05
1295705241267175426,neutral,0.4001021607442458
1295705241523048448,negative,0.10568789503796296
1295705241531420672,negative,0.0001568205364054759
1295705241644670977,negative,0.20348124742185403
1295705243125260289,negative,0.0027371390789015476
1295705244693942272,negative,0.12601313751072224
1295705244811309057,negative,0.019901934905204827
1295705244844859392,neutral,0.4285758614317694
1295705245042057221,neutral,0.5344029679637843
1295705245058838529,negative,0.10418445951349242
1295705247827070981,negative,0.3026259576422475
1295705249727025152,negative,4.2295756665562314e-05
1295705250305912834,negative,0.025952750194008528
1295705250519822339,negative,1.1968424553070149e-10
1295705251484499969,negative,0.0012323228312725249
1295705251706744832,negative,0.12601313751072224
1295705252080037889,negative,0.12601313751072224
1295705252105089025,negative,0.12601313751072224
1295705252113547264,negative,0.04533837106223774
1295705252507914240,negative,0.0002722048496808467
1295705253262884868,negative,0.06318615365090959
1295705254059741187,negative,0.00018163029114407663
1295705254156218369,negative,0.00023728895170464009
1295705255745921025,negative,0.019901934905204827
1295705255783669760,negative,0.00011920047949049027
1295705255867449346,negative,0.08007641557858117
1295705259785031686,negative,0.08273016328447583
1295705260132978688,negative,0.0012115498855216368
1295705260984537090,neutral,0.5152685453022815
1295705261429194752,negative,0.12156871881952784
1295705261525565443,negative,0.0030996458809638984
1295705261550850055,negative,1.6409765488457423e-05
1295705261592793091,negative,0.0019521620309430271
1295705261752057857,negative,0.21593946531192237
1295705262158950400,neutral,0.49789225920557484
1295705262314201088,negative,0.2933990992983567
1295705264260227074,neutral,0.45177445213734263
1295705265342484480,negative,0.03302965250828128
1295705265464123396,negative,0.0010286123620002786
1295705265539551233,negative,0.02707035683019319
1295705268542734338,negative,0.004039004660375705
1295705269092126720,neutral,0.37874993579954885
1295705269184409601,negative,0.14134167714666668
1295705269507444743,negative,0.0004989025182391388
1295705269511639040,negative,0.20658512938679047
1295705269675196418,negative,0.019901934905204827
1295705269691973633,negative,0.06747121611459704
1295705270199427072,negative,0.09386000229361774
1295705273651408897,negative,0.0003410272336724189
1295705276998459392,neutral,0.5886574688060328
1295705277451444225,negative,0.20324586410364273
1295705277627609092,negative,0.12601313751072224
1295705277765955586,negative,1.2738846938440487e-13
1295705278210506754,negative,0.31732489718339985
1295705279049469952,negative,8.657684844413725e-05
1295705279288442880,negative,0.0023043065185054216
1295705282019045378,negative,0.004316169404615848
1295705282304249856,negative,0.24837402835764044
1295705283923259392,negative,0.005083678961979817
1295705285072506882,negative,0.019901934905204827
1295705285290602496,negative,4.0443978198721424e-07
1295705285672210432,negative,4.824330945604797e-06
1295705286016217088,negative,0.14134167714666668
1295705289509961729,positive,0.9477995601449292
1295705289585496064,negative,0.09506005251911653
1295705289858125824,negative,0.12601313751072224
1295705289921040384,negative,0.028311799668329418
1295705290202140673,negative,0.015489380236645773
1295705291238060032,negative,0.019901934905204827
1295705291565170688,negative,0.00027856121602537866
1295705291728846848,neutral,0.49789225920557484
1295705291779121153,negative,0.0002950035274722003
1295705293360377863,negative,2.3236533339029302e-06
1295705294501285888,negative,0.12601313751072224
1295705295965036549,negative,0.026415478709208462
1295705298062184448,negative,0.0012115498855216368
1295705298779410434,negative,0.12601313751072224
1295705298854871040,negative,0.0002950035274722003
1295705299937112066,neutral,0.43612039806852576
1295705301916712962,negative,0.0018747179688639913
1295705304504639489,negative,0.009553570175924902
1295705306123689984,negative,0.08376611679530784
1295705306215874561,negative,0.03522085487326522
1295705306425692160,negative,0.00018163029114407663
1295705306429902854,negative,0.04477218691517988
1295705306882879493,neutral,0.43492002157381665
1295705307709157377,neutral,0.49789225920557484
1295705308082384896,negative,0.0430101816775751
1295705308132716549,positive,0.8247486915736592
1295705308392837120,negative,0.06755976209626206
1295705308703137793,negative,0.0001106802702857904
1295705308707389440,negative,0.025997131403988172
1295705308749352967,negative,0.18288933091575832
1295705310297051137,negative,0.15963785849838982
1295705310322196480,negative,0.003640647691730192
1295705310385057794,negative,0.0032284674041334416
1295705310498369537,negative,8.418688190818232e-05
1295705310640967681,positive,0.7884519840942363
1295705312322781184,negative,0.019901934905204827
1295705312482254848,negative,0.019901934905204827
1295705312570286081,negative,0.0011041221039911758
1295705314558435328,negative,0.01575963364932962
1295705314843660292,negative,0.12601313751072224
1295705315636322306,negative,1.0077188065004234e-06
1295705315934179329,neutral,0.3849617405241192
1295705315976118273,negative,0.11949773806950724
1295705316349411328,neutral,0.3664187755240997
1295705316441690116,neutral,0.6379436593930833
1295705318882783232,neutral,0.37722201417133755
1295705318987649024,negative,0.003044106291481157
1295705319599943680,negative,0.12601313751072224
1295705320950501376,negative,0.025952750194008528
1295705321139249152,negative,2.0535311241141836e-06
1295705323723005952,negative,0.00014759412766159275
1295705324201091074,neutral,0.36095958222040864
1295705324784099336,negative,0.00025640590618553045
1295705327023915008,negative,0.10072519861226575
1295705327103606784,neutral,0.5107433768644783
1295705327480995840,negative,3.750265800303984e-05
1295705327661453313,negative,4.317664146834203e-05
1295705328278016002,negative,0.00020356259060764185
1295705328328355841,neutral,0.5017543432377519
1295705328391278592,negative,0.12601313751072224
1295705328755994625,negative,0.22262877669597714
1295705328756109317,negative,4.7904493956656984e-05
1295705329603313664,negative,9.749531700601776e-05
1295705331247583238,negative,0.00018163029114407663
1295705331385929728,negative,0.014779340207084542
1295705331482464258,positive,0.7509082171332925
1295705331583123456,negative,0.12601313751072224
1295705332153548800,neutral,0.3678416298899973
1295705332405149696,negative,0.008473546305672767
1295705333059522560,negative,0.019901934905204827
1295705333608980482,negative,0.019901934905204827
1295705336104591361,negative,0.011743274358678932
1295705337958465536,neutral,0.5374478655040366
1295705340202409985,negative,0.2943613821773428
1295705341515182082,negative,1.3829438405462378e-08
1295705341787807751,positive,0.8023475604602576
1295705345957023745,neutral,0.612916738716641
1295705346443366400,negative,0.06901284341561151
1295705346674233350,negative,0.0026362244038887527
1295705353053765633,negative,0.09324665640464011
1295705353724846086,negative,0.02257407506630257
1295705353926082563,negative,0.04495693307702678
1295705354161074181,negative,0.11071018408393729
1295705356639797249,negative,3.750265800303984e-05
1295705358497992704,negative,0.011744109654583244
1295705360901210114,negative,0.000994621155399307
1295705362499284994,negative,8.276141942591934e-10
1295705362528698368,negative,4.5922762298768534e-05
1295705366735523840,negative,0.019901934905204827
1295705367427649536,negative,8.440868932636764e-05
1295705368870432768,negative,2.027443559462687e-05
1295705369113657344,neutral,0.5315025225330297
1295705371026350080,negative,0.011881095584740146
1295705371181555713,positive,0.7365038327568109
1295705373857452032,negative,0.18286116381631745
1295705374687985665,negative,0.012039033325174775
1295705374805372930,negative,0.00010105005016432953
1295705374939652098,neutral,0.3499352441185855
1295705375082270720,negative,0.019901934905204827
1295705375103168513,negative,0.012794336949919475
1295705375149379592,negative,0.004316169404615848
1295705375380049920,negative,9.400667564069474e-05
1295705377519083521,negative,0.07764390997067958
1295705377976320002,negative,0.2943613821773428
1295705379083616259,negative,0.07269730280300223
1295705379377164288,negative,0.28822966114974197
1295705382590074880,negative,0.0001824692201645612
1295705382678147073,negative,0.058527571783466986
1295705383592484865,negative,3.3767054116451257e-06
1295705386083901440,negative,0.05018400610695864
1295705386302021633,negative,0.011151595823809033
1295705386750803968,negative,0.004591574369580312
1295705387052740609,negative,1.0014201326206917e-07
1295705387082100736,neutral,0.49789225920557484
1295705392207593473,negative,0.19058056811077337
1295705392601796613,negative,0.2987527684680545
1295705396418576385,negative,0.005317214705418283
1295705399962861573,negative,0.0018657919984342661
1295705400432623616,negative,0.20478744906478066
1295705402924040192,negative,0.21982838405972638
1295705403284762625,negative,0.005577283145786526
1295705403578294272,negative,0.028257685936829365
1295705403578372096,negative,0.007726663149493172
1295705404261969921,negative,0.058587254506867296
1295705404693979137,neutral,0.6334479286684144
1295705406761730048,negative,0.007096615827716066
1295705407323856896,negative,0.0012115498855216368
1295705408695422978,negative,0.009821487215899332
1295705412247986178,negative,0.004637588544408518
1295705412394782722,negative,1.4976252542140145e-06
1295705412734509064,negative,0.08977546555753965
1295705413619507201,positive,0.7138331313084844
1295705416048009217,negative,0.019901934905204827
1295705416429703169,negative,0.0021134808466506828
1295705416882692097,neutral,0.43964222970924055
1295705417448923138,negative,0.31387462782038605
1295705417574690817,negative,0.056496391794210295
1295705417859960833,negative,0.14541746384727647
1295705419327967234,negative,0.0072938360075774575
1295705419860647936,negative,0.03276903469264825
1295705419923554306,negative,3.178452937733968e-09
1295705420565286913,negative,0.07341316810217732
1295705420825350146,negative,0.14459291354362255
1295705421282451457,negative,8.657684844413725e-05
1295705421303382017,negative,0.12942721838222682
1295705422893133824,negative,0.006676986257708383
1295705424000430082,positive,0.6998978141349389
1295705424839282688,negative,0.2677651204054746
1295705425875263490,negative,0.0075130361079723046
1295705428240797696,negative,0.003802063160635881
1295705428630921222,negative,0.14134167714666668
1295705428681252864,negative,8.276141942591934e-10
1295705429000028162,negative,6.944868356400277e-07
1295705429121683458,negative,0.018075472935833604
1295705429440372737,negative,0.0029464910791329535
1295705429746552832,negative,0.2718558954275445
1295705432242171908,negative,0.014288267233821542
1295705432250605568,negative,0.0002833903332699268
1295705432615510018,negative,0.11068872709575771
1295705432871370752,negative,0.00020624797066014504
1295705433311793152,negative,0.0021858083203273398
1295705433580199936,negative,0.014209273197050518
1295705433970286593,negative,0.007367628037429296
1295705434079342595,negative,0.0430101816775751
1295705437090717696,negative,0.0012115498855216368
1295705437216673797,negative,4.7904493956656984e-05
1295705437258604546,neutral,0.39274568698643586
1295705437677985793,negative,0.019901934905204827
1295705437677985794,negative,0.0015021844557056413
1295705437971443712,negative,0.0012323228312725249
1295705438055432193,negative,0.025952750194008528
1295705438370115584,negative,0.004316169404615848
1295705439921938434,negative,0.31820487300311295
1295705442086158336,negative,0.0012323228312725249
1295705442467880960,negative,0.26096658350660207
1295705442518171649,negative,0.0002321357618835502
1295705444904833024,neutral,0.5912591762794202
1295705444929998850,negative,0.03235445774336166
1295705445085122561,negative,0.012169857429332064
1295705445223497730,negative,1.056457827957112e-06
1295705445894631425,negative,0.21370379028045677
1295705446221852674,negative,1.4976252542140145e-06
1295705446372782081,negative,7.794876102337804e-07
1295705446720786432,negative,0.12601313751072224
1295705448658669568,negative,0.09386000229361774
1295705448738443265,negative,3.0320505782541105e-05
1295705448964915200,negative,0.11132356109298178
1295705448981700608,negative,0.019901934905204827
1295705449073913858,negative,8.325615933541184e-06
1295705449124241411,negative,0.019901934905204827
1295705449837232130,negative,2.432813473477412e-05
1295705450495836162,negative,0.011151595823809033
1295705450969784321,negative,2.511225539859331e-06
1295705450969784322,negative,0.2820386637943614
1295705453666676736,negative,0.14134167714666668
1295705453809328129,negative,8.657684844413725e-05
1295705454832693249,neutral,0.3709491165362941
1295705455260585985,negative,0.0026089728242214678
1295705455537410050,negative,0.019901934905204827
1295705457299001344,negative,0.0022066791927408086
1295705457315782658,negative,8.938992637689317e-06
1295705457613570049,negative,0.003802063160635881
1295705457806450689,negative,0.0004498087860835411
1295705458267783168,negative,0.011577013803850641
1295705458590863360,negative,0.02669388268819851
1295705459706470405,negative,0.07004541468956726
1295705459719012352,positive,0.9368429545044105
1295705459723251716,negative,0.05277681978015259
1295705459949740033,neutral,0.6563131832915976
1295705461891698688,negative,0.15963785849838982
1295705462122450944,negative,0.028257685936829365
1295705462562795523,negative,0.14728412516094763
1295705462579646465,negative,2.465229185943215e-07
1295705462659325954,negative,0.019901934905204827
1295705462931968000,negative,0.11591685326288977
1295705463045185543,negative,0.22548069389033154
1295705465532362752,negative,1.3194761168530579e-08
1295705465976954881,negative,0.20348124742185403
1295705466039746562,positive,0.9976521473271183
1295705468719988737,negative,0.14134167714666668
1295705468837527553,negative,7.577285357894906e-05
1295705470326509568,negative,0.12601313751072224
1295705471161180160,negative,0.14663503670783323
1295705471299526656,negative,0.0005207109971164184
1295705471479943169,negative,0.03400778040061918
1295705471895121920,negative,0.012794336949919475
1295705472301961216,negative,0.0022066791927408086
1295705473895804928,negative,0.05741082219477387
1295705474382299137,negative,0.011743274358678932
1295705475607138305,positive,0.9998545315830801
1295705475741126657,negative,0.044201155521412815
1295705475812655105,negative,3.613074323322121e-05
1295705476731146241,negative,0.001133075170882694
1295705476789936128,neutral,0.33440212514266987
1295705478161408001,negative,2.4240597542938664e-05
1295705478299877376,negative,0.00011878864516568124
1295705478434099203,negative,0.03235692538233481
1295705478568312832,negative,0.06755976209626206
1295705478572527617,negative,0.01923854486001863
1295705478845136896,negative,0.03138333274078604
1295705478853472258,negative,3.750265800303984e-05
1295705478937350145,negative,0.01603611919640262
1295705479411187713,negative,0.08755118420002257
1295705479981740034,negative,0.00021323790602737985
1295705482422898688,negative,0.0030996458809638984
1295705482481598469,negative,0.14134167714666668
1295705482548715521,negative,0.0007516808755897104
1295705482938798081,negative,0.21548683135372013
1295705484649996289,negative,0.044051357276136495
1295705484675158017,negative,0.1717063399097072
1295705484872343552,negative,1.9646103334123537e-06
1295705486445236232,negative,0.025380238748366014
1295705486520614912,negative,0.019901934905204827
1295705487749644294,neutral,0.48728019602140255
1295705488143908864,positive,0.9997503462638517
1295705488252973062,negative,0.12601313751072224
1295705488353636353,negative,6.706104231886011e-05
1295705488617807874,negative,0.0004692367915139291
1295705491218345984,negative,0.08755118420002257
1295705491318943744,negative,0.0012115498855216368
1295705491390308353,negative,0.004020715946171256
1295705491956523008,negative,1.3760527815679698e-05
1295705492019281925,negative,0.00270934896666684
1295705492325642240,negative,0.03263686538421895
1295705492405223424,negative,0.010567284577364786
1295705492636000260,negative,0.008988546687532102
1295705495098011649,negative,0.12601313751072224
1295705495936864256,neutral,0.3448789537043245
1295705496591237120,negative,0.006905227791166747
1295705497304260608,negative,0.0010391131602780004
1295705497316843522,negative,0.007181478780361355
1295705497501405188,negative,0.09630631246173246
1295705499753754625,negative,0.3067396385937362
1295705500378636288,neutral,0.33289160885834385
1295705501263593472,negative,6.379389218829304e-08
1295705501385269249,negative,0.0011792044465913194
1295705501993443330,negative,0.000917586085643354
1295705502110883840,negative,6.849023803553776e-05
1295705503801188352,negative,0.001291163829199869
1295705504279404553,negative,0.0004611026564177984
1295705504698769408,negative,0.12601313751072224
1295705505264996353,neutral,0.5700949742195746
1295705505315328001,negative,0.00039995668226083185
1295705508016422915,neutral,0.40754639812590576
1295705508696018944,negative,0.12601313751072224
1295705508846931971,negative,0.00302706117960979
1295705508884619264,negative,0.0012887888449879792
1295705510272995331,negative,0.0038902952170364953
1295705513129390080,negative,0.12601313751072224
1295705513481707520,negative,6.154094061731032e-05
1295705513972424704,negative,0.0073202925408914
1295705515725529088,neutral,0.5006086376065693
1295705515876638723,neutral,0.5315025225330297
1295705516191166466,negative,0.12601313751072224
1295705516639952897,neutral,0.43754835593277175
1295705517143318529,negative,0.0430101816775751
1295705517407588352,negative,0.028208455738822923
1295705520024752128,negative,0.3285715295350738
1295705521140502533,neutral,0.5510824049461753
1295705521526378496,negative,0.0012990261057842117
1295705521530515458,negative,0.2066354606276302
1295705521564131329,negative,0.20093292178356995
1295705521723334656,negative,0.1263578837926058
1295705522470100994,negative,0.09630376979742512
1295705524835672065,negative,0.004316169404615848
1295705525259206656,negative,0.2255682314293521
1295705525599035393,positive,0.95367471828064
1295705525993320448,negative,0.0003325107015628325
1295705527167651841,neutral,0.5034698958798957
1295705528681799681,negative,0.10592269237204366
1295705529218740225,negative,0.004064607691373304
1295705529398984705,negative,0.0008858895329875235
1295705530460180482,negative,0.0012115498855216368
1295705533375275009,negative,0.020173317304638352
1295705533396193280,negative,0.014859409161073091
1295705534646059008,negative,0.3259054042899628
1295705537162686464,neutral,0.3959281461459673
1295705538710437888,negative,0.026640802956355434
1295705538915897344,negative,0.2820386637943614
1295705538953707521,negative,0.07384998773891442
1295705539322753025,neutral,0.49789225920557484
1295705539666759683,negative,0.06803556184923627
1295705541419962370,negative,0.0003736104501062866
1295705541692596224,negative,5.061474189306194e-06
1295705542070013952,negative,0.004915366337750243
1295705542288183296,negative,7.752480450362732e-06
1295705542539841536,negative,0.0031797094825060327
1295705546218041344,neutral,0.35629046916267293
1295705547556229125,negative,0.0067548284252178245
1295705547589791744,negative,0.18459858958932926
1295705547807825920,negative,9.717855033324414e-05
1295705549963694080,positive,0.8326032565943451
1295705551712772097,negative,0.0007750748805802907
1295705553717600260,negative,0.0002551954616215742
1295705553948246016,negative,0.00432973159051788
1295705555504332802,negative,0.02983844593251603
1295705558167609345,negative,7.618462796753623e-06
1295705558545309696,neutral,0.49789225920557484
1295705558633373696,negative,0.04137605284192735
1295705558809481222,negative,0.031393895097719345
1295705559153475584,negative,3.514407958163252e-05
1295705559379976192,negative,0.000777437384790181
1295705562424975360,negative,0.2630348175227332
1295705565948239872,negative,0.21809620433863244
1295705566384467968,negative,0.01661503369708779
1295705566573146113,negative,0.3038943291076451
1295705567604936709,negative,0.0007050498845203513
1295705567617482752,negative,0.14039099866125015
1295705567625969667,negative,0.2820386637943614
1295705567986581504,negative,0.05416247567738489
1295705572260614144,negative,0.00017132981952246482
1295705572373860352,negative,0.19058056811077337
1295705572520665090,negative,0.019901934905204827
1295705572571058177,negative,0.32394905784215233
1295705572612988928,negative,0.03957686157108606
1295705572793294848,negative,4.317664146834203e-05
1295705574622081030,negative,0.19068623223365655
1295705575792226311,negative,0.002085854474499174
1295705575830048770,negative,0.01635446879664064
1295705575964266497,negative,0.17260684286584954
1295705576148799490,negative,0.058527571783466986
1295705579244138498,negative,7.098665514213687e-06
1295705585007185922,negative,0.09421732100141891
1295705587171438596,negative,0.0028223238705649355
1295705589058805760,negative,4.1872982231548275e-05
1295705589314715649,neutral,0.49789225920557484
1295705589423710208,neutral,0.5238781197433692
1295705589444739074,negative,0.011121135258819664
1295705592741408769,negative,0.0012115498855216368
1295705593261563908,neutral,0.580486123635804
1295705596633722884,neutral,0.6424110860400508
1295705596864475139,negative,0.0010466704386152717
1295705599745953793,neutral,0.5588520414836659
1295705601465561092,negative,6.779054341781026e-07
1295705601692127237,negative,0.0001543813651735272
1295705602031783936,negative,0.12601313751072224
1295705602308673537,negative,0.09615957085032137
1295705604082798592,negative,0.0033203421910794353
1295705605181759496,negative,0.004625491009933232
1295705605349486593,negative,5.40472529845882e-10
1295705605534081024,negative,0.12601313751072224
1295705605844467712,negative,0.02132099595582579
1295705606276501506,negative,0.12601313751072224
1295705608033902592,negative,0.0010581788796655443
1295705608692400130,negative,0.001150404241661264
1295705608751112192,negative,0.16751168982469927
1295705608897921026,negative,0.12582618151904504
1295705609493520386,negative,1.5428684759168413e-07
1295705609753571328,negative,0.006586552469393054
1295705610206556161,negative,0.03293710773473717
1295705611112456193,negative,0.04929506810096542
1295705611926155266,negative,0.014198601417381723
1295705612563755009,negative,0.1807320647822866
1295705612584718336,negative,0.14134167714666668
1295705613796880385,negative,0.0012115498855216368
1295705613951959040,negative,0.05551749104754038
1295705614614777864,negative,0.2071251955952833
1295705614841024512,negative,0.00875905910078901
1295705616703295489,negative,0.26230239183042847
1295705616829349893,negative,0.23582551136004246
1295705617034817537,negative,1.874134760058967e-05
1295705617139728384,negative,0.0600101272615417
1295705617374613505,negative,0.006558222740242218
1295705617416556544,negative,0.1894382041077514
1295705617475272704,negative,0.00011510308476077163
1295705620755156994,neutral,0.3427590654417013
1295705621585698816,negative,0.0016969321211445898
1295705621828861954,negative,0.009908282129717581
1295705622424489985,negative,0.2677651204054746
1295705622751707136,neutral,0.502078848952195
1295705623795884033,negative,0.03951972311934336
1295705626086182913,negative,3.072389472119331e-06
1295705626853679104,negative,0.02132099595582579
1295705629248684033,negative,0.14134167714666668
1295705629349339137,neutral,0.42235701952106647
1295705629533896710,negative,0.006499205934662348
1295705630498525185,negative,0.18472108792513997
1295705631333191683,negative,0.05863451020779922
1295705631442296833,negative,0.12601313751072224
1295705633266827271,negative,0.05642875785688349
1295705634181185536,neutral,0.4074793410571932
1295705634206355456,negative,1.7292140525184442e-07
1295705634428657665,negative,0.007096615827716066
1295705634915188736,negative,0.0013838423573194706
1295705635145879552,neutral,0.6563131832915976
1295705635359686657,negative,0.0019091720079001948
1295705635372376064,negative,0.06901284341561151
1295705636064436225,negative,0.2820386637943614
1295705636194394112,negative,0.12601313751072224
1295705637427519488,negative,0.04350140218881862
1295705637553410053,negative,0.02132099595582579
1295705637771456514,negative,2.5622051200768783e-05
1295705637813284865,negative,0.0014692198023043862
1295705638576615424,negative,8.657684844413725e-05
1295705639214358529,negative,0.27126074185219656
1295705639285600259,neutral,0.5916122031609724
1295705639398920198,neutral,0.5374478655040366
1295705640107737088,negative,0.05738731705847255
1295705641814839296,neutral,0.46318326475361027
1295705642221674496,negative,4.465607377044352e-07
1295705642464878594,neutral,0.49789225920557484
1295705642548813824,negative,8.657684844413725e-05
1295705643500941318,positive,0.9930409253794605
1295705643580612608,negative,0.026266221569127425
1295705647690981378,negative,0.11914007682297054
1295705647762341889,neutral,0.5152685453022815
1295705648689225731,negative,0.12601313751072224
1295705650018885634,neutral,0.4289152656594759
1295705651054809088,negative,0.0016155612316138077
1295705651793076225,negative,0.019901934905204827
1295705651830824967,negative,7.705443862263238e-05
1295705654284496898,negative,0.00022308806164831065
1295705654309650433,negative,0.019901934905204827
1295705654926012416,negative,0.08129210279184403
1295705654942990338,negative,0.0004930985307503336
1295705655144255488,negative,0.002734793912763044
1295705655240687622,negative,0.024405456238622735
1295705659514728455,negative,0.02926050865294417
1295705660009648129,negative,0.0033905673276940695
1295705662169796611,negative,0.037177940365320954
1295705662698196992,neutral,0.3827918541337397
1295705662819901440,negative,5.929974285857408e-06
1295705662933147649,negative,0.02623819928705295
1295705663008579586,negative,0.1289420187015534
1295705663184736260,negative,0.12601313751072224
1295705663260303361,negative,0.12601313751072224
1295705663922896897,negative,0.2071251955952833
1295705664359211008,negative,8.418688190818232e-05
1295705664426254338,neutral,0.35687064213506103
1295705664434704384,neutral,0.5652309771345115
1295705664950542337,negative,0.08007641557858117
1295705666888372224,negative,0.14134167714666668
1295705667026792448,negative,0.12601313751072224
1295705667064532996,negative,0.12601313751072224
1295705667727249408,negative,0.2836863757917563
1295705667878236162,negative,8.657684844413725e-05
1295705667895001088,negative,0.0017044512010052923
1295705668071100416,negative,0.046609893453686865
1295705668159246338,negative,0.003093128257071502
1295705668331208704,negative,0.009419288971143745
1295705671107829760,negative,0.004416702620394086
1295705671141392384,negative,0.14271483844804075
1295705672517124096,negative,0.00039760053604819733
1295705672953270280,neutral,0.4635476503877262
1295705673205010433,negative,0.1764702975996376
1295705673611829248,negative,0.025952750194008528
1295705675306283018,positive,0.6998978141349389
1295705675314626560,positive,0.9890671576886586
1295705675679629313,neutral,0.4285758614317694
1295705675897634816,negative,0.12199022604466819
1295705676212207616,negative,0.14134167714666668
1295705676640071681,negative,0.019901934905204827
1295705677155926020,negative,0.0005207109971164184
1295705678036647942,negative,0.0014275058984492557
1295705679446114305,negative,0.06747121611459704
1295705679517319168,negative,0.14721541365050292
1295705679668314112,negative,0.00015346569853918462
1295705680024829953,negative,1.1819855718958173e-10
1295705684588331008,negative,0.14134167714666668
1295705687876657153,negative,0.2410028148692255
1295705688124141568,negative,0.12601313751072224
1295705688400891907,negative,0.010702186785435842
1295705688463867905,negative,0.00039995668226083185
1295705688983900160,negative,0.21090249377004808
1295705689545998338,negative,0.14134167714666668
1295705689973821441,negative,0.001666204377815562
1295705690200309762,negative,1.1754399727593585e-05
1295705692444139525,negative,0.007911094935979072
1295705692557451264,negative,1.110495390954636e-12
1295705692926550016,negative,0.011799815085799026
1295705693052383233,negative,0.001150404241661264
1295705693807312899,negative,0.010078191395752502
1295705694465937408,negative,0.0016969321211445898
1295705694595960833,negative,0.12601313751072224
1295705694730162177,negative,0.04350140218881862
1295705694814044161,positive,0.8213099684600439
1295705694826635264,negative,1.3290059832167561e-05
1295705697297092609,neutral,0.4373255837432663
1295705697594806272,negative,0.029467581953093944
1295705697607393281,negative,0.002262930620172813
1295705697716404227,negative,0.22035441222533647
1295705698723082243,positive,0.9806432432293448
1295705700438609921,neutral,0.49789225920557484
1295705700614766593,negative,0.04471992176133433
1295705700807716864,negative,3.25722101444236e-05
1295705701730398209,negative,0.12601313751072224
1295705702263070730,neutral,0.3827918541337397
1295705703047483392,negative,7.098665514213687e-06
1295705704855150593,negative,0.0013071306753981084
1295705705241026566,negative,8.418688190818232e-05
1295705705266032643,negative,0.008813545612703732
1295705705341747200,negative,0.00022438499837484574
1295705705454895110,negative,2.7263279901949197e-09
1295705705643569152,negative,0.0003146503927633664
1295705706218377216,negative,7.13416711246827e-18
1295705706230939650,negative,0.22266067999387948
1295705706411237376,negative,0.2071251955952833
1295705706436464643,negative,0.0007269658733332372
1295705707430457344,negative,2.457238016167133e-13
1295705707451428865,negative,0.02132099595582579
1295705709011546112,neutral,0.49789225920557484
1295705709154308097,negative,1.444811783380134e-09
1295705709456261124,negative,0.2205315889791667
1295705709674405894,neutral,0.3306646816629014
1295705709745668096,negative,0.0029382743303199583
1295705710232305664,negative,0.15963785849838982
1295705711196999681,negative,4.098206821363257e-11
1295705713629696000,negative,8.657684844413725e-05
1295705713776431105,neutral,0.49789225920557484
1295705715059961856,negative,0.20348124742185403
1295705717383536641,negative,0.15176806944239632
1295705717467471873,neutral,0.5818783726835779
1295705717748441088,negative,1.332729351319976e-05
1295705719287750656,negative,0.06755976209626206
1295705719606566913,negative,0.2943613821773428
1295705721615654912,positive,0.907406600308073
1295705721754071041,negative,0.004053118679355682
1295705722165047296,negative,0.3020135550609068
1295705722634764288,negative,0.0005237791596226494
1295705723020677121,negative,0.01744778769645543
1295705723041710080,negative,0.0013694847431365423
1295705725696704512,negative,6.36214164962725e-05
1295705726925459460,negative,0.01049015468862853
1295705727005327360,negative,0.0004942154514210403
1295705731581317124,negative,2.7517099788302673e-05
1295705731593834497,neutral,0.49789225920557484
1295705731728121861,negative,0.048170206770388614
1295705735771430914,negative,0.08755118420002257
1295705736270565385,negative,0.31872709235825436
1295705738598383616,negative,0.003209095606233753
1295705738673885184,negative,6.98531992232342e-06
1295705738929745927,negative,0.3020135550609068
1295705739391107075,negative,0.07682174437948355
1295705739625988099,negative,0.001666204377815562
1295705742834634753,negative,0.009373880270750203
1295705743144955905,negative,0.26238875636251957
1295705743728025600,negative,0.2677651204054746
1295705744306851843,negative,0.07200739484010268
1295705746982809600,negative,0.04887889205048961
1295705747377065991,negative,0.056496391794210295
1295705748450742272,negative,0.0920152217300919
1295705749151199234,negative,0.20478744906478066
1295705750698971136,neutral,0.49789225920557484
1295705751768444935,negative,0.004611921639545032
1295705753236525061,negative,3.416685927400141e-07
1295705754926755840,negative,0.019901934905204827
1295705755262296065,negative,0.003662514404939223
1295705755878928386,neutral,0.5118605533127536
1295705756054978562,positive,0.9997503462638517
1295705756415688706,negative,0.07270591234575756
1295705757292396546,positive,0.9999917433018288
1295705759209140224,negative,0.22408391551629084
1295705759788027909,negative,0.014162992454384139
1295705761448898561,negative,0.005317214705418283
1295705763630002176,neutral,0.602824299406503
1295705763764219904,negative,0.14378464334496954
1295705764347207681,negative,0.01744778769645543
1295705764733030401,neutral,0.5835295747771708
1295705764959592455,negative,0.01108560013666689
1295705765165006849,negative,0.025151244995946932
1295705768256311297,negative,0.27266371982416004
1295705768658980865,negative,0.3089637678978664
1295705769271320576,negative,0.2820386637943614
1295705771800485889,neutral,0.6249406120069245
1295705772077260802,neutral,0.5652309771345115
1295705772433776643,negative,0.20478744906478066
1295705777026609152,negative,0.0015585752208669452
1295705777286479873,neutral,0.49789225920557484
1295705780252024833,negative,1.003113932901654e-06
1295705780566601729,negative,7.098665514213687e-06
1295705784559570944,negative,3.750265800303984e-05
1295705784991457282,negative,0.0013422869196148164
1295705785243140098,negative,8.325615933541184e-06
1295705786413449216,negative,0.051748325455630635
1295705788405743616,negative,0.012794336949919475
1295705788846084096,negative,0.10923838763276379
1295705788976160771,negative,0.019901934905204827
1295705789047476226,negative,0.0009314716183245853
1295705789055868928,negative,0.03920154270808263
1295705789068464128,negative,0.12601313751072224
1295705792994304004,negative,0.10526319886508102
1295705793422069760,neutral,0.6028386357617952
1295705793862524930,negative,5.984430279403815e-05
1295705793875058688,negative,0.0002950035274722003
1295705794030309376,negative,0.03135431427877863
1295705794038706176,negative,0.019901934905204827
1295705794189631488,negative,0.00036320135029931485
1295705794369945601,neutral,0.39274568698643586
1295705794751733760,negative,0.14134167714666668
1295705797457055744,negative,0.05802606271412302
1295705798199382018,negative,0.0014881045222610214
1295705798337802240,negative,0.03263686538421895
1295705798409060355,negative,3.678810602132913e-11
1295705798635425799,neutral,0.4809156984498941
1295705801017917451,negative,6.849023803553776e-05
1295705801269575681,negative,0.13216781798733543
1295705801282265089,negative,0.17263531877678717
1295705801592647681,negative,0.001291163829199869
1295705801756225537,negative,0.09214521112798986
1295705801831612422,negative,0.0009791303672776505
1295705801844305922,positive,0.6974564459763901
1295705802267918337,negative,0.019901934905204827
1295705802360193024,negative,0.019901934905204827
1295705802532159489,negative,0.025952750194008528
1295705802536374274,negative,0.004316169404615848
1295705802808995840,neutral,0.5374478655040366
1295705802917982208,positive,0.9986748386382309
1295705805514256386,negative,0.019901934905204827
1295705805560389632,negative,0.00019898421834783125
1295705805933641728,negative,1.3798573770483939e-08
1295705806042791937,negative,0.019901934905204827
1295705806294282240,negative,0.0728752984896165
1295705806437060608,negative,0.0012323228312725249
1295705807691091968,negative,0.12601313751072224
1295705807972184064,negative,0.015578842003082191
1295705809385594880,neutral,0.41901263796461236
1295705809603747840,negative,6.717040217794762e-05
1295705809603764224,negative,0.019901934905204827
1295705810303979521,negative,0.0005744934618100268
1295705810878767111,negative,0.00011058270481578749
1295705811436687360,negative,0.12601313751072224
1295705813600829442,neutral,0.3480669529439867
1295705813898625024,positive,0.9999476003081338
1295705814783713280,negative,0.028351754154764357
1295705815064686592,negative,0.00032862021492752343
1295705815182082048,negative,0.1672122095968417
1295705815295369218,negative,0.001005457773570323
1295705815488303105,negative,0.010732304180412218
1295705815526014977,negative,0.2743816010158167
1295705815777673216,negative,0.0001052587004302374
1295705816155258881,negative,0.004530693627144355
1295705818269089793,negative,0.12601313751072224
1295705818420191232,negative,0.04350140218881862
1295705818722115585,negative,0.0044119814572390345
1295705819007332354,negative,0.011799815085799026
1295705819510722561,neutral,0.5433765164358271
1295705819863015424,negative,6.98531992232342e-06
1295705820211154944,neutral,0.4207029482141925
1295705820324335616,negative,4.9787487029781775e-06
1295705822052458496,negative,0.0012323228312725249
1295705822329217025,negative,0.0012323228312725249
1295705822593519616,negative,0.007323438708866125
1295705822710976513,negative,0.0004692367915139291
1295705822828339200,negative,0.005155686827378457
1295705823474221057,negative,0.12601313751072224
1295705823600148481,negative,0.0016969321211445898
1295705823679741953,negative,0.3020135550609068
1295705823964995584,negative,0.12601313751072224
1295705824124338177,negative,0.012794336949919475
1295705826645221376,negative,0.2071251955952833
1295705827131764738,neutral,0.48797524995391295
1295705828150968321,negative,0.001041852573052611
1295705830428487685,negative,0.0021433954446389053
1295705831049244675,neutral,0.40268362520296447
1295705831351234561,negative,0.019901934905204827
1295705831552495616,negative,0.019901934905204827
1295705831795761152,negative,0.0012323228312725249
1295705831925846016,negative,0.06382835569924453
1295705832047476736,negative,0.004637588544408518
1295705832487817217,negative,0.010395068368878893
1295705832546398213,negative,0.02132099595582579
1295705832571703296,negative,6.461933972861257e-08
1295705834836692996,negative,0.010530747483582372
1295705835021258752,negative,0.0012643754658529468
1295705835339907073,negative,0.0004989025182391388
1295705835780308992,negative,0.2071251955952833
1295705836090806272,negative,0.0034027641760319585
1295705839530119168,negative,0.00010448027077531565
1295705839748210688,negative,1.8088188086353651e-06
1295705839840440320,negative,0.017926412238926964
1295705840394080261,negative,0.14134167714666668
1295705840503136257,negative,0.0006663728359769264
1295705840629035009,negative,0.08638609097023338
1295705840687734785,negative,0.0252434010701363
1295705843057344512,negative,0.10385394694798021
1295705843074301952,negative,0.01943786463375533
1295705843149737990,negative,0.07376191440844516
1295705844810645505,negative,0.0004394782131207557
1295705844974268421,neutral,0.5312009848408641
1295705845884387328,negative,0.00011476597283080902
1295705847771860992,negative,0.12601313751072224
1295705847813857280,negative,0.12251605215928715
1295705848094883841,negative,0.0016577271385104623
1295705848170385408,negative,0.12601313751072224
1295705848254169088,neutral,0.5700949742195746
1295705848275185669,negative,0.025150555300132972
1295705848459780097,negative,0.02712149509049439
1295705848753397761,neutral,0.4285758614317694
1295705848770109441,negative,0.3020135550609068
1295705849256714240,neutral,0.49789225920557484
1295705849374167040,negative,0.0912419989075133
1295705849730682885,negative,0.0019288439644678552
1295705851559370756,negative,1.4161712860904596e-08
1295705852163260416,negative,3.303763564477961e-05
1295705853174128641,negative,0.07963132039368781
1295705855946452992,negative,0.07689115679710129
1295705856563085312,negative,0.044051357276136495
1295705856563187715,negative,0.0015712851231281422
1295705857003524101,negative,0.0001364451562733022
1295705857028689920,negative,0.06747121611459704
1295705857632751616,negative,5.211111679028973e-07
1295705857779552256,negative,0.003093128257071502
1295705857779552257,negative,0.008695209699262558
1295705860186845184,negative,0.0007516808755897104
1295705860556173312,negative,0.12601313751072224
1295705860682002433,negative,0.025292071245961764
1295705860874940417,neutral,0.3448789537043245
1295705862221303809,negative,0.019901934905204827
1295705863915741189,neutral,0.37111150485659405
1295705864146427904,negative,0.04350140218881862
1295705864175865857,negative,0.11816985252846979
1295705865127944197,negative,0.03865814600099791
1295705865157320705,negative,0.02132099595582579
1295705865463332866,neutral,0.4147053118427089
1295705866470129665,negative,0.039766026339046814
1295705868596654081,negative,0.29269589891569664
1295705869053759489,negative,0.0032838839789584547
1295705869687164931,negative,0.07717153269227565
1295705869880102912,negative,0.025819827823784603
1295705873529085952,negative,0.12601313751072224
1295705873764032512,negative,0.11068872709575771
1295705874967810049,negative,0.012794336949919475
1295705875143950336,negative,0.016631488513467445
1295705875366260736,negative,0.07039115002182492
1295705877228523520,neutral,0.502078848952195
1295705877358485509,negative,0.20348124742185403
1295705877819854848,negative,0.028092705588286436
1295705878071513089,negative,0.019901934905204827
1295705878201589760,negative,0.0037113630332402574
1295705878453268480,negative,0.2999088661280693
1295705878528757761,negative,0.0061690734266069925
1295705881498312704,negative,0.00023080804174529647
1295705881636724737,negative,0.0012115498855216368
1295705881733140480,negative,0.0021980333206762796
1295705883196960768,negative,0.019901934905204827
1295705885084352514,negative,0.2707934526211621
1295705885906542594,negative,0.0012115498855216368
1295705887156379648,negative,7.752480450362732e-06
1295705887512854528,negative,0.12601313751072224
1295705887999275008,negative,0.06952270054626196
1295705889194811394,negative,0.02132099595582579
1295705889509384193,negative,0.10459830546158512
1295705889559781383,neutral,0.4306241434182096
1295705889714970624,neutral,0.39366650052788654
1295705889777876994,negative,0.006419430954595828
1295705890113413123,negative,0.006481046351442049
1295705890482520066,negative,0.11071018408393729
1295705890612490241,negative,0.02132099595582579
1295705890801291271,negative,0.019901934905204827
1295705891614982145,negative,0.02132099595582579
1295705893384921093,negative,0.054190421383181725
1295705893443600384,negative,0.0012323228312725249
1295705894160932865,negative,0.006621493046110319
1295705897516388355,negative,0.001274723012783198
1295705898581659660,negative,1.0815536732681942e-07
1295705898615218177,negative,0.21854627611378516
1295705900934627328,negative,6.382015426494178e-13
1295705901555494914,positive,0.8244992364206696
1295705901769383937,negative,0.0007179615743447029
1295705902675263488,negative,0.015408645937205678
1295705903635857413,negative,0.1984327268144225
1295705907083583490,negative,0.2943613821773428
1295705907662381057,positive,0.9806432432293448
1295705910799667216,negative,0.014975703610056451
1295705910954926080,negative,2.0004588456728248e-05
1295705911088971776,negative,0.002264665410129486
1295705911491727361,negative,0.0006146947006735611
1295705914650046464,negative,0.04536213793596654
1295705916877266945,negative,0.15706210782121804
1295705918408187904,negative,0.0024752770251728674
1295705918420779009,neutral,0.5048839309749433
1295705919125422082,neutral,0.49789225920557484
1295705922820612096,negative,0.0012115498855216368
1295705923730767872,negative,0.10364132630311428
1295705923793629184,negative,0.0013502097972949829
1295705924192043008,negative,0.030721648368896477
1295705924447789056,negative,0.0003240564475689779
1295705924804456449,negative,6.61017865828404e-05
1295705927329484803,negative,3.750265800303984e-05
1295705927644073984,neutral,0.5287248016958329
1295705928331862021,negative,0.03477891491735291
1295705928935890945,neutral,0.49789225920557484
1295705930974322688,negative,0.0003506779032737663
1295705931624456192,neutral,0.6384861846720946
1295705931704078337,negative,0.0009309096130113586
1295705933545447426,negative,0.007503747480903371
1295705933549637633,negative,6.880496428390662e-10
1295705935231451138,negative,0.09437416427174024
1295705935361519616,neutral,0.49789225920557484
1295705937517346816,negative,0.01981185236540945
1295705937861390336,negative,0.00041526269952868667
1295705938096271362,negative,0.01649889517035757
1295705940050812928,negative,9.893032451620165e-05
1295705940440817665,negative,0.0012115498855216368
1295705940851916802,negative,0.006363764804196648
1295705940860252160,positive,0.8213099684600439
1295705941246201856,negative,0.017890597979076387
1295705941741113344,negative,0.00015641570587274144
1295705941959159809,negative,0.0012323228312725249
1295705943850848256,negative,0.0009626381358170585
1295705945130049537,negative,0.17877723511765783
1295705948317716481,negative,0.001577677814052111
1295705953044779009,negative,0.006631638814742494
1295705954428678145,neutral,0.49789225920557484
1295705958761586688,negative,0.0012115498855216368
1295705962293202944,negative,1.0211573833574683e-05
1295705962368696320,negative,0.0006424548117285315
1295705963069087745,neutral,0.5374478655040366
1295705965732532225,negative,0.17309034206570623
1295705967083085824,positive,0.9527619688681364
1295705969846939648,negative,0.0007516808755897104
1295705970644078593,negative,2.218334693388513e-05
1295705970862170112,negative,8.657684844413725e-05
1295705971554164738,positive,0.998439068759061
1295705971818246145,negative,0.01796304627493695
1295705973122899969,negative,0.044051357276136495
1295705973340942336,negative,3.0054620896412115e-05
1295705973877886978,neutral,0.5374478655040366
1295705973986856966,negative,0.07503022781641602
1295705974158823424,negative,0.12601313751072224
1295705974288928768,neutral,0.6563131832915976
1295705977803743232,neutral,0.4606343025343602
1295705978256666626,negative,5.50616759352807e-05
1295705978269241344,negative,8.418688190818232e-05
1295705978302803968,negative,0.046195898610921535
1295705978529353731,negative,1.4976252542140145e-06
1295705978755854336,positive,0.9586180671225307
1295705979829485569,negative,4.317664146834203e-05
1295705982308364288,negative,0.0010079682597560514
1295705982610415617,negative,0.11591685326288977
1295705983117864961,negative,0.0020031729611166655
1295705983201804291,negative,3.400035050613086e-05
1295705983239553024,neutral,0.35315496240282357
1295705983545638913,negative,0.001039576588184476
1295705983705063424,negative,0.0012115498855216368
1295705985592549376,neutral,0.49789225920557484
1295705985844154368,negative,0.0012115498855216368
1295705986716532738,negative,0.03138333274078604
1295705987429670912,negative,0.08923004958266201
1295705987853307904,negative,0.003217078011783505
1295705990730579969,negative,5.285374680982981e-07
1295705990755758080,negative,0.12601313751072224
1295705991242285062,neutral,0.5374478655040366
1295705991254769667,neutral,0.5136446707795853
1295705991644950534,negative,3.0320505782541105e-05
1295705992106303489,negative,0.004316169404615848
1295705992299253762,negative,0.18299730410594303
1295705993792360448,negative,0.0018921970313847335
1295705994807455750,positive,0.7365038327568109
1295705995155578881,positive,0.9692045791345797
1295705995876929537,negative,0.12601313751072224
1295705995952480258,negative,0.019901934905204827
1295705998120955906,negative,0.13129783353392396
1295705998590705664,neutral,0.5886574688060328
1295705999198900225,negative,0.012723223352748777
1295705999442153473,negative,0.12090183664242414
1295705999530168321,negative,0.0006112863643561084
1295706000004128768,negative,0.004316169404615848
1295706000767541248,negative,0.025952750194008528
1295706002373869568,negative,0.0016638189319978039
1295706002524864514,positive,0.8162237817999115
1295706003271553025,negative,0.12601313751072224
1295706003812622337,negative,9.543692581350075e-05
1295706004076875776,neutral,0.3563973002603858
1295706006702501888,negative,0.23649811240819985
1295706006828265472,negative,0.1389357443319044
1295706007168049153,negative,0.10396600402265237
1295706007172255744,neutral,0.5700949742195746
1295706008183070721,negative,0.001291163829199869
1295706008812216320,negative,0.0016969321211445898
1295706011416825857,negative,0.08007641557858117
1295706011936882688,negative,0.0005744934618100268
1295706015174930433,neutral,0.6496366668457021
1295706015246299138,positive,0.8446963384289382
1295706015258816512,negative,0.11914007682297054
1295706015397281793,negative,0.0022066791927408086
1295706017653719045,negative,0.14134167714666668
1295706019398647809,negative,7.098665514213687e-06
1295706019696345088,negative,0.12601313751072224
1295706020069728256,negative,0.12601313751072224
1295706020141051908,negative,0.019901934905204827
1295706020346552322,negative,4.5315203064744494e-07
1295706021105721345,negative,6.570839705228957e-06
1295706023236378624,negative,5.547223856761111e-05
1295706024456880130,negative,0.019901934905204827
1295706024700260352,negative,0.2933990992983567
1295706024838606848,negative,0.02140547128081953
1295706025497157632,negative,0.017777312251593128
1295706025685917696,positive,0.8446963384289382
1295706029104287744,neutral,0.6563131832915976
1295706029334953985,negative,0.15070414064425997
1295706029586632704,positive,0.6998978141349389
1295706029875920896,negative,0.12601313751072224
1295706032119910401,negative,0.0004989025182391388
1295706032182878208,negative,2.12544700831138e-11
1295706033017565186,neutral,0.5410702560054874
1295706033508306944,negative,0.11794692318255331
1295706036893032448,negative,0.0018876469885085183
1295706036897222660,negative,0.2820386637943614
1295706037388009473,neutral,0.3427590654417013
1295706037681631232,negative,0.2820386637943614
1295706038562365440,negative,0.0160207050980533
1295706038788919299,neutral,0.4257463444734809
1295706038797250562,negative,0.26846727891895933
1295706040097484800,negative,0.04881617034773094
1295706040445448193,negative,7.577285357894906e-05
1295706041091526658,negative,0.0789249263765263
1295706041137672193,negative,2.4061333413535874e-05
1295706041167085569,negative,0.19448723309182842
1295706044572807168,negative,0.2990573059526268
1295706044862271488,negative,0.178558595443457
1295706045684359168,negative,0.018298184951146407
1295706045751259137,neutral,0.4942065050258121
1295706045751406592,negative,0.004416702620394086
1295706048951717890,negative,0.06747121611459704
1295706049333297152,neutral,0.5916122031609724
1295706049698312192,negative,0.12601313751072224
1295706050314801152,negative,0.048038338004875995
1295706050591588357,negative,0.058430437365434185
1295706051053068289,negative,0.3029968537174699
1295706053531901954,negative,1.828202349364377e-11
1295706053796073473,positive,0.9976217713888793
1295706054085550081,negative,0.033280093885533685
1295706054186209282,negative,0.12601313751072224
1295706054689460231,negative,0.00028696207194974194
1295706055045984257,negative,0.0012643754658529468
1295706056920895490,negative,8.661981438948687e-05
1295706058594320390,negative,0.024405456238622735
1295706059504582658,negative,0.14134167714666668
1295706059517001728,negative,0.048038338004875995
1295706061018730496,negative,6.336987092766543e-15
1295706061790380032,negative,0.29582454456271506
1295706061840801796,negative,0.0006484118558521712
1295706062184742913,neutral,0.5374478655040366
1295706062700519424,negative,0.11233714660293047
1295706063308759045,negative,0.11591685326288977
1295706063312949248,negative,0.12601313751072224
1295706066139910144,negative,0.019185817807007066
1295706066198487040,negative,0.23972773971202263
1295706066227851264,negative,0.003802063160635881
1295706066265743360,neutral,0.5652309771345115
1295706066530054144,negative,0.12601313751072224
1295706066978836480,negative,0.0008726340117067164
1295706067637329920,negative,0.054298511827496544
1295706069528969216,negative,0.019901934905204827
1295706070158118912,negative,0.2677651204054746
1295706070774677504,negative,0.17108037412173122
1295706070820818948,negative,1.4749284132491563e-07
1295706071139602432,negative,0.2894510937489875
1295706071626121217,negative,0.12601313751072224
1295706071802228739,negative,0.14134167714666668
1295706071986769920,negative,0.02591539513226468
1295706074088169472,negative,0.03675729982008167
1295706075103145985,negative,0.024497146896020432
1295706078496337922,negative,3.410927996450831e-05
1295706078592761858,negative,0.03302965250828128
1295706078844526592,negative,3.925062420045835e-08
1295706078928347136,negative,6.98531992232342e-06
1295706079133863936,negative,0.12601313751072224
1295706079536582658,negative,0.09345127919795126
1295706082594234369,negative,0.04835136029731185
1295706082757808130,negative,0.0023204566357547217
1295706083248439298,negative,0.14110327088475103
1295706083462459392,negative,0.11638317100987135
1295706083919618051,negative,0.0002719401236791403
1295706084880068608,negative,0.0020264829264148286
1295706086834659328,neutral,0.49789225920557484
1295706088814321664,negative,0.005838095580206957
1295706090303356928,negative,0.2066354606276302
1295706090366210049,negative,0.23875393223878058
1295706090391441409,negative,0.15382327319929384
1295706090706022400,negative,0.002893528221773038
1295706090794102786,negative,0.00033147708280829646
1295706091981017088,negative,0.13129783353392396
1295706098855563264,negative,4.2194233776907806e-07
1295706098952015873,negative,0.0012115498855216368
1295706100600393733,negative,0.2943613821773428
1295706104005971969,negative,7.945392950511722e-06
1295706104316526597,negative,0.003802063160635881
1295706104870121472,negative,2.526241706097034e-05
1295706107529306113,negative,1.2660233239533233e-05
1295706111430012929,negative,1.092931789484712e-05
1295706111815946241,negative,0.004111997597011311
1295706112239509505,negative,0.04536213793596654
1295706112902209536,negative,0.0010869193532209726
1295706113959251968,negative,0.2769175158123957
1295706117113294854,negative,0.07270591234575756
1295706118358994944,negative,3.750265800303984e-05
1295706118405185537,neutral,0.3306646816629014
1295706120632270848,negative,0.019901934905204827
1295706121034960902,negative,0.05637237317617986
1295706121458593797,negative,1.8088188086353651e-06
1295706123358666755,negative,8.318176310791055e-10
1295706124554055685,negative,0.0027371390789015476
1295706125170552832,negative,3.0439707664671607e-05
1295706128198840321,neutral,0.4740134798084637
1295706128324743168,negative,0.019901934905204827
1295706128693813254,negative,0.0912719512527508
1295706129079644160,negative,0.23317267116295456
1295706129373306882,negative,7.900874868746993e-05
1295706132284092417,negative,9.088740346604189e-06
1295706132347068416,negative,0.03135431427877863
1295706136314810368,negative,0.0072938360075774575
1295706137497604096,negative,0.019826540952592706
1295706138407772160,negative,0.11591121074334354
1295706142233034760,negative,0.0266991637881429
1295706142337830913,negative,0.014937525420821956
1295706142618914818,negative,0.020648180998639198
1295706145311473664,negative,0.28905663827339423
1295706145559138304,negative,0.0011287282204093378
1295706146028818432,negative,0.09094979317470166
1295706146213433346,negative,0.2943613821773428
1295706151405998080,negative,0.00010129679927218931
1295706154492993537,negative,0.0015279979606158424
1295706159836528640,negative,0.06357050021962195
1295706160251707393,negative,0.3259054042899628
1295706160666943490,negative,0.10923838763276379
1295706162155880448,negative,0.12127299822981065
1295706162302779392,negative,0.0004091523427211698
1295706162378285057,negative,0.001291163829199869
1295706162671890433,neutral,0.33440212514266987
1295706163137466373,negative,0.004620727962622492
1295706163380707329,negative,0.12601313751072224
1295706163737231360,negative,0.0004807979843273535
1295706163988832256,negative,0.003209095606233753
1295706166073458688,negative,0.12601313751072224
1295706166937485315,neutral,0.4149107400764472
1295706167587504128,negative,0.274017140070664
1295706167612768256,negative,0.12601313751072224
1295706168652955648,negative,0.002681263938092725
1295706170234212354,negative,0.019901934905204827
1295706170729078784,negative,0.002550272554671093
1295706171274334210,neutral,0.5031461802850085
1295706171316342785,negative,0.018638670894767444
1295706171588972544,positive,0.7509082171332925
1295706171702214656,negative,8.418688190818232e-05
1295706171752493056,negative,0.0009516367192564599
1295706172658520064,neutral,0.6418922593519008
1295706174772383744,negative,0.09553602187843531
1295706175590277120,negative,0.007455584784423513
1295706178731769856,positive,0.940872614194551
1295706179943968771,negative,0.00041247621522313125
1295706180657053697,negative,8.418688190818232e-05
1295706180673777670,negative,0.012169857429332064
1295706180904538114,negative,0.10497283817372759
1295706181093265408,neutral,0.614952937468593
1295706183001661442,negative,0.21710630637375825
1295706183098040322,negative,0.0600101272615417
1295706183211393024,negative,0.0002667640958955322
1295706183546933248,negative,1.6139257539415264e-14
1295706184150929408,negative,0.1730746230786644
1295706184264159238,negative,0.29354048216691747
1295706184591212544,negative,2.5999037424897384e-08
1295706184868143104,negative,0.10561146347332188
1295706187132997632,negative,0.020303336742507633
1295706187263029255,negative,0.009816459208663
1295706188118659074,negative,5.576031647107205e-05
1295706188299079681,negative,0.0722593308133729
1295706189066653696,negative,0.08181809532173112
1295706189213335552,neutral,0.5916122031609724
1295706191235031043,negative,0.12601313751072224
1295706191474184194,positive,0.9368429545044105
1295706191675392000,negative,0.2071251955952833
1295706191943917570,neutral,0.4063919215587286
1295706192141070336,negative,4.942974956202568e-09
1295706192346583041,negative,0.06755976209626206
1295706192975736832,negative,0.026640802956355434
1295706192984133633,negative,2.1751507208047918e-11
1295706193659387905,negative,0.08007641557858117
1295706195559424000,negative,5.929974285857408e-06
1295706195727089665,negative,0.003802063160635881
1295706195978866688,negative,0.06747121611459704
1295706196868050944,positive,0.6998978141349389
1295706196909985794,positive,0.9368429545044105
1295706197190991872,negative,0.145402450257652
1295706197253926912,negative,0.0019137076188600975
1295706197740392448,negative,0.11591685326288977
1295706199623708676,negative,0.2264672109102608
1295706199883685894,neutral,0.33892234264824767
1295706200244457478,neutral,0.4285758614317694
1295706200584130560,negative,0.2820386637943614
1295706201938853895,negative,0.0012115498855216368
1295706203646033920,negative,0.019901934905204827
1295706203994062849,negative,0.015741985975735853
1295706204015071240,negative,0.019901934905204827
1295706204174528512,negative,0.12601313751072224
1295706204489031680,negative,6.134537295569961e-10
1295706204820459521,neutral,0.5505550505941735
1295706205546057730,negative,0.03669135265188776
1295706205696995328,negative,0.00021290449792143583
1295706205940260866,neutral,0.3804783412881756
1295706207840280577,negative,0.0007219286053237978
1295706208159109120,positive,0.9858132808556057
1295706208372961281,negative,0.2820386637943614
1295706210012807169,negative,0.04079586100715882
1295706210143023104,negative,0.18299730410594303
1295706210155585537,neutral,0.5374478655040366
1295706212164685824,negative,0.13216781798733543
1295706212189769728,neutral,0.49789225920557484
1295706212202209280,neutral,0.5582329092337027
1295706212281982976,negative,0.03302965250828128
1295706212949008384,negative,2.7264580435249518e-05
1295706213985001474,negative,1.0825897597371955e-06
1295706214333128705,neutral,0.49789225920557484
1295706214396047361,positive,0.9527619688681364
1295706216321228800,negative,0.019901934905204827
1295706216472219648,negative,1.1274596103707722e-05
1295706216686026753,negative,0.00022806051932349014
1295706217231405057,negative,0.02686297392602124
1295706218053459968,negative,0.019901934905204827
1295706218057662465,negative,0.007248278871724113
1295706218384830464,negative,0.2946932210922587
1295706220414763011,negative,0.11158845380179816
1295706220494495744,negative,0.317955616456911
1295706220519665664,negative,0.13129783353392396
1295706222088392705,negative,0.2943613821773428
1295706222642028549,negative,0.12601313751072224
1295706224592396289,negative,0.151453521950212
1295706224923746304,negative,0.14333838439090824
1295706224978268161,negative,0.0008540545962359866
1295706225146028033,negative,0.0024063297313619446
1295706225355694084,neutral,0.3804783412881756
1295706225611616256,negative,0.06549607642067705
1295706225930313734,negative,0.030847358250301313
1295706227238998016,negative,0.3020135550609068
1295706227452739584,negative,0.01093269651560842
1295706229109665792,neutral,0.5433765164358271
1295706231127060480,negative,0.00011920047949049027
1295706233303896064,negative,0.10396600402265237
1295706234671239168,negative,0.0012323228312725249
1295706235044532226,negative,0.04096642881764291
1295706235174637569,negative,0.12601313751072224
1295706235304660994,neutral,0.37889459743885656
1295706237334622208,negative,0.019901934905204827
1295706237473107968,negative,0.23649811240819985
1295706237548531712,positive,0.8030084999898046
1295706238647508998,negative,0.05977686520305812
1295706238760693762,neutral,0.37142605093897746
1295706240258134017,neutral,0.5545018972333732
1295706242124591104,neutral,0.5374478655040366
1295706242531430400,negative,0.021865853478465334
1295706242556469248,negative,0.05493734615422507
1295706242627796993,negative,0.003802063160635881
1295706243059851264,negative,0.12601313751072224
1295706245501014016,negative,0.019901934905204827
1295706245631037440,positive,0.9998893383237237
1295706246025289728,negative,0.12601313751072224
1295706246234988544,negative,0.10541186807109312
1295706246557958146,neutral,0.4285758614317694
1295706246612422656,negative,0.027370529595714725
1295706246792830977,negative,0.2820386637943614
1295706247069655043,negative,0.12601313751072224
1295706247266803718,negative,0.019901934905204827
1295706247442903041,negative,0.13129783353392396
1295706247644225536,negative,0.12601313751072224
1295706247732367360,negative,0.054190421383181725
1295706247908462592,negative,0.12601313751072224
1295706248093065216,negative,0.12601313751072224
1295706250345435137,negative,0.0032140822727805365
1295706250349600770,negative,0.05815080512239441
1295706251066839050,negative,2.4142605611111268e-05
1295706251142234113,negative,0.0018489038645729556
1295706251213656064,negative,0.0002719401236791403
1295706251654045696,negative,0.044051357276136495
1295706254812352513,negative,0.0005707288715266583
1295706255198056449,negative,0.003802063160635881
1295706255516938240,negative,0.004504149956950724
1295706255722450945,negative,0.12601313751072224
1295706255957295106,negative,9.7891013337131e-06
1295706256208887808,negative,0.02839105389124745
1295706256276180993,neutral,0.5344029679637843
1295706258645737473,neutral,0.4104270045145249
1295706259291885568,negative,6.849023803553776e-05
1295706259363180544,negative,0.0012115498855216368
1295706259417702400,negative,5.6968235000956826e-05
1295706259489001472,negative,0.009247246998905403
1295706259702808579,negative,0.00875905910078901
1295706259900047360,negative,0.12601313751072224
1295706259916718080,negative,0.004466228451921036
1295706259937800193,negative,0.12601313751072224
1295706262609571841,negative,2.6709257541321563e-05
1295706262865420288,negative,0.030847358250301313
1295706264182427649,negative,0.02132099595582579
1295706264199221254,negative,0.12601313751072224
1295706271430127618,negative,0.011577013803850641
1295706276509425667,negative,0.15706210782121804
1295706276744355842,negative,0.0003146503927633664
1295706280707919874,negative,5.740610860409301e-10
1295706281127424003,negative,0.0007823891039954046
1295706284113694721,negative,8.325615933541184e-06
1295706287532105729,negative,0.27266371982416004
1295706287666323462,negative,0.02545445313493427
1295706288089976832,negative,0.006749968586320787
1295706288391946240,negative,0.11071018408393729
1295706288484122624,negative,0.008195709153508535
1295706288878485504,negative,0.0031797094825060327
1295706288920449024,negative,0.01370642284731061
1295706291785076740,positive,0.9582694004681632
1295706292892372994,negative,0.041765490252506345
1295706293710262278,negative,4.9020873214187666e-05
1295706295903846408,neutral,0.4020383545323593
1295706297627746304,neutral,0.43492002157381665
1295706297720086530,neutral,0.4509808478180526
1295706298596708354,positive,0.7287184514272572
1295706300752502784,negative,0.012042094004785316
1295706302824566784,negative,0.25532699878966847
1295706304195985416,negative,0.012306638720010556
1295706305072640000,negative,0.04527665282732278
1295706306205175808,negative,3.7643248800531296e-05
1295706306632978432,negative,0.0004394782131207557
1295706308755292163,negative,0.007790867529106645
1295706309229195266,negative,0.021185500655364266
1295706309459947521,negative,0.00785590623843444
1295706310026178561,neutral,0.5808741501827569
1295706310521102336,neutral,0.5175030083291732
1295706310789541890,neutral,0.3870328061393401
1295706317827575815,neutral,0.5374478655040366
1295706317865222144,negative,0.019014702882922403
1295706318058270727,negative,7.3806542187969064e-06
1295706322042748929,negative,0.0018049197727784106
1295706322357428224,negative,0.020386793843129348
1295706322592202752,neutral,0.396678307022593
1295706322831368192,negative,0.14685664177459615
1295706323053678593,neutral,0.5412529656016964
1295706323175301121,neutral,0.49789225920557484
1295706323506671618,negative,0.0001744583574502978
1295706323653480448,negative,2.0004588456728248e-05
1295706332708962306,neutral,0.5374478655040366
1295706334260867077,negative,4.711282831995967e-07
1295706336131522566,neutral,0.33440212514266987
1295706339344355328,negative,0.006631638814742494
1295706340053131273,negative,0.004316169404615848
1295706342162931718,negative,0.0020264829264148286
1295706342733340674,negative,6.154636518589652e-05
1295706343505113089,positive,0.9609490247868758
1295706344222265344,negative,0.0005459357795327008
1295706344293634048,negative,0.017268345602630276
1295706346243989504,negative,0.05000569272776013
1295706350794792961,negative,0.0002950035274722003
1295706350878588928,negative,6.98531992232342e-06
1295706352002707458,negative,0.002841903815530529
1295706354942980097,negative,0.049023363547907664
1295706355030949890,negative,0.10089289487434884
1295706355324657664,negative,0.025952750194008528
1295706355349716993,negative,0.2157293232345827
1295706355366612992,negative,9.728288572419434e-05
1295706355399942144,negative,0.08007641557858117
1295706355492429826,negative,0.12601313751072224
1295706355576107008,negative,8.657684844413725e-05
1295706355618025472,negative,7.098665514213687e-06
1295706356226428928,neutral,0.6379436593930833
1295706356557713409,negative,0.011151595823809033
1295706356729753600,positive,0.7032215949459413
1295706356759048192,neutral,0.5374478655040366
1295706359040745474,positive,0.7365038327568109
1295706359778938880,neutral,0.5152685453022815
1295706361213460480,neutral,0.4285758614317694
1295706361741955077,neutral,0.5693875982405566
1295706363298013184,neutral,0.6563131832915976
1295706363360927752,negative,0.016964151784983287
1295706363943952384,negative,0.00031364293548161875
1295706363994218496,neutral,0.5017543432377519
1295706364174532611,negative,0.12601313751072224
1295706367433543680,negative,0.01952223534516336
1295706367739793409,negative,0.07271014835550865
1295706367932669952,negative,0.12601313751072224
1295706368834404352,negative,0.00015346569853918462
1295706369589477377,negative,0.12601313751072224
1295706372223512581,neutral,0.6563131832915976
1295706372621959168,neutral,0.4461733275406525
1295706372873625601,negative,0.0012115498855216368
1295706373045526528,negative,0.019901934905204827
1295706373049786370,negative,0.25454856414992105
1295706373309837312,negative,0.12601313751072224
1295706373322407940,negative,0.00875905910078901
1295706373653659655,negative,0.05411263243414257
1295706373783719939,negative,0.007323438708866125
1295706374488436737,negative,0.2336655835433002
1295706375889268736,negative,0.012794336949919475
1295706376749096960,negative,0.04350140218881862
1295706376883314691,negative,1.254049065965094e-14
1295706377135050757,negative,0.1504516876660659
1295706380150743042,negative,0.010013696135209011
1295706380184297475,positive,0.7004954268488085
1295706380230438913,negative,0.056496391794210295
1295706380377231360,neutral,0.37771387327840755
1295706380465299462,negative,0.07788752185469694
1295706380536512512,positive,0.7662674425890468
1295706381337665538,neutral,0.6129669256685448
1295706381606100994,negative,0.12601313751072224
1295706384395390978,negative,0.12601313751072224
1295706384600911875,negative,0.12601313751072224
1295706385905324032,negative,2.481787443158672e-08
1295706387113271297,negative,0.2820386637943614
1295706388749070337,neutral,0.4020383545323593
1295706388807725058,negative,0.011972402223599285
1295706388824563714,neutral,0.3306646816629014
1295706389604597762,positive,0.8076253605841208
1295706389831131137,negative,3.750265800303984e-05
1295706390368006146,negative,0.19293321367796626
1295706392783917056,negative,0.0007166782788231175
1295706394025512965,negative,0.20163929156065627
1295706394327474176,neutral,0.349994229087118
1295706394629410817,negative,0.13123201831736533
1295706394633613314,negative,0.057666523016457805
1295706394989965312,neutral,0.6509900617368967
1295706395426390016,negative,7.593241318794044e-10
1295706396588032000,negative,5.929974285857408e-06
1295706396768575493,negative,0.00028696207194974194
1295706396948860928,negative,0.00288943142518574
1295706397787787265,negative,0.008473546305672767
1295706397854838785,negative,0.0021433954446389053
1295706397892579328,neutral,0.3306646816629014
1295706398068822017,positive,0.8172252593180183
1295706398588796928,positive,0.8030084999898046
1295706399024939009,neutral,0.49789225920557484
1295706400757370881,negative,0.22880726734209864
1295706400853811200,negative,0.012628138459452327
1295706401487060992,neutral,0.46127768308170247
1295706401650638848,negative,0.03669135265188776
1295706401705275393,negative,0.05741082219477387
1295706401759793152,negative,0.025054689733965654
1295706402363781120,negative,0.00012243686591761506
1295706402783219714,negative,0.0012115498855216368
1295706405111037952,negative,0.10385394694798021
1295706405945696257,neutral,0.49789225920557484
1295706406222548993,negative,0.0002886858036306325
1295706406646161409,negative,0.0017044512010052923
1295706407094951943,negative,0.019901934905204827
1295706407619174401,negative,5.643077774743622e-06
1295706407652794368,negative,0.12601313751072224
1295706407736692738,negative,0.0005084794458472321
1295706407753461760,negative,0.09430946999764138
1295706407828967426,negative,8.044674321571678e-05
1295706410655928321,negative,0.0005960794063345932
1295706411498962944,negative,0.12601313751072224
1295706411800965121,negative,0.0037974229705272466
1295706414057390080,negative,0.0033406310478841577
1295706414162284546,negative,0.0012650915201692465
1295706414564831232,neutral,0.5734576952979002
1295706414720196609,neutral,0.42755866745518784
1295706414741168131,negative,5.576031647107205e-05
1295706415609323520,negative,1.1337246950630323e-11
1295706417601667075,negative,0.2820386637943614
1295706417937121281,negative,9.46917029651614e-08
1295706418159509504,negative,0.01503630330537198
1295706418411188225,neutral,0.4020383545323593
1295706418465640452,negative,6.27259975788009e-08
1295706418478223360,negative,9.480324373364362e-07
1295706418478276609,negative,0.0011942654795542582
1295706418738270208,negative,0.0002950035274722003
1295706419170283520,negative,0.0057901441154496105
1295706419505831936,positive,0.7450862954272535
1295706422295093249,negative,0.004053118679355682
1295706422894710785,negative,0.015337650826802102
1295706423968636928,negative,0.025952750194008528
1295706424354447364,neutral,0.6563131832915976
1295706426506190849,neutral,0.3678416298899973
1295706426543923201,negative,0.027125290609730995
1295706427080794114,negative,0.1786571868270996
1295706427269492737,neutral,0.4020383545323593
1295706427751890946,negative,0.006075039083643612
1295706428578189314,negative,0.12601313751072224
1295706430398504961,negative,0.00010676973290397912
1295706430813675523,negative,8.60013620286381e-05
1295706430918537218,negative,0.0021720359258136836
1295706431371476993,negative,0.024042755736132376
1295706434492157952,negative,8.325615933541184e-06
1295706434555052032,neutral,0.49789225920557484
1295706434559184896,negative,0.0035775832674734692
1295706434919895040,negative,0.0005304373329954153
1295706435536351232,negative,0.027316137096067162
1295706435591036929,negative,8.386038300038791e-08
1295706435905638400,negative,0.00023404244564836986
1295706436190769154,neutral,0.6509900617368967
1295706436966715393,negative,0.012997222388158333
1295706439000956929,negative,0.04550932329001948
1295706439026184193,negative,0.085374508322731
1295706440045416450,negative,0.00031622893293386313
1295706440158580745,negative,0.044051357276136495
1295706440208875522,negative,0.12601313751072224
1295706440594841600,negative,0.019901934905204827
1295706440888442881,negative,0.06903912724250526
1295706440997404673,negative,0.0001861002530973351
1295706443274956805,negative,0.0032533681489490627
1295706443283300352,negative,0.24201751524119858
1295706443837059074,negative,0.21200803406276789
1295706444248080386,negative,0.028578521274146763
1295706444306817025,negative,5.262635876707223e-05
1295706444491350016,negative,0.00021671473916723183
1295706444591960065,negative,0.012997222388158333
1295706446986915840,negative,0.0012115498855216368
1295706447293173760,negative,0.12601313751072224
1295706448014512130,negative,0.0010893225245134247
1295706449113423872,negative,0.1320054398652975
1295706449293848576,neutral,0.38348152311486716
1295706451093213184,negative,0.12601313751072224
1295706451411968000,positive,0.7416491438206182
1295706451873280000,negative,0.12601313751072224
1295706451961315328,negative,0.00020164530827798118
1295706453563645955,negative,0.0012323228312725249
1295706453693665290,negative,0.12601313751072224
1295706455803387905,negative,0.12601313751072224
1295706455807602688,negative,0.02479765851144284
1295706456361238529,negative,0.05416247567738489
1295706456474423296,negative,0.05651571100730828
1295706456642199552,negative,0.002047012240670405
1295706456847798274,negative,0.12601313751072224
1295706456902324224,negative,2.465229185943215e-07
1295706459779543041,negative,0.0012323228312725249
1295706460320669696,negative,0.004100344550865091
1295706460358414337,negative,0.20478744906478066
1295706460681371649,neutral,0.5945441342900459
1295706465068556299,positive,0.9527619688681364
1295706465160835078,negative,0.14069621096564425
1295706465190187011,neutral,0.4139523395847009
1295706465358041088,neutral,0.43492002157381665
1295706467966881794,negative,0.19145257593459256
1295706469988552710,neutral,0.4248484275010688
1295706470185611267,negative,0.007058927261648134
1295706472379228161,negative,0.0013782789219793784
1295706472395964419,negative,1.5365991797094446e-05
1295706472706461696,negative,0.03302965250828128
1295706473469751296,negative,0.003870573241021921
1295706474988081152,negative,0.04533837106223774
1295706475919155200,negative,0.02567365750541919
1295706477148209152,positive,0.7009702966169624
1295706477357719558,negative,0.00033147708280829646
1295706481447391242,negative,6.98531992232342e-06
1295706482160410629,negative,2.0889391145235558e-05
1295706482357555211,negative,0.0004211981740700472
1295706486165954566,negative,0.0044223106467206515
1295706486392463360,negative,0.2820386637943614
1295706486803439616,negative,0.17877723511765783
1295706487852093441,negative,0.07270591234575756
1295706489525600257,positive,0.9976217713888793
1295706489932447745,negative,0.019668421448735866
1295706490167341058,neutral,0.40754639812590576
1295706490632916992,negative,0.05692718287260758
1295706490683248640,negative,0.016964151784983287
1295706490951565312,negative,0.08004341160928376
1295706493786955776,negative,1.5798873464775703e-09
1295706494030282754,negative,0.2123307032534947
1295706494864969728,negative,3.0439707664671607e-05
1295706497251446790,negative,0.007417265601554254
1295706497771601921,negative,0.0011972267202707014
1295706497989697540,negative,0.1682342142529855
1295706498711072769,negative,0.08340430889993802
1295706498732044289,negative,0.18286116381631745
1295706499680030720,negative,0.011791452389450587
1295706502574080000,negative,0.21289411933572927
1295706504067190786,positive,0.9063248160741146
1295706504142692352,neutral,0.35729102143876484
1295706506227326980,negative,0.0004777114950970262
1295706506969731078,negative,0.014905447712904824
1295706507896655873,negative,1.9900816446781177e-05
1295706510094413825,negative,0.039714330727161996
1295706510941663233,neutral,0.49789225920557484
1295706511939960832,negative,0.03957686157108606
1295706512308854786,positive,0.9477889731503851
1295706515165323265,negative,8.520880755853224e-07
1295706516058710017,negative,0.31732489718339985
1295706518126559232,neutral,0.5477573804373621
1295706519158362112,negative,0.011791452389450587
1295706519258963968,negative,0.0012115498855216368
1295706519460352001,neutral,0.552443945372184
1295706519535792128,negative,0.0016484561191258931
1295706520064348160,negative,2.0004588456728248e-05
1295706520110301184,negative,0.0016426734485734916
1295706522824171521,negative,0.04268449053750011
1295706522853548033,negative,0.0012638149473893625
1295706523881152512,negative,0.002204597007113824
1295706523893731329,negative,0.025054689733965654
1295706524132802561,neutral,0.49789225920557484
1295706524384399360,neutral,0.5461720975123111
1295706527672741888,negative,0.2708293019848785
1295706530868854789,negative,1.710066220079206e-05
1295706530877263872,negative,1.0008498501176564e-05
1295706531007266816,positive,0.764161645472358
1295706531451662337,neutral,0.5372318511317483
1295706531510525956,negative,0.05000569272776013
1295706532655620096,negative,7.513334243999533e-06
1295706535293837319,positive,0.7111960601221383
1295706535591587840,negative,0.28921535498228046
1295706535973265408,negative,0.0002445888543149693
1295706536761860096,negative,0.3259054042899628
1295706539169284096,negative,0.12601313751072224
1295706539185954816,negative,0.0004989025182391388
1295706539710271488,negative,0.11473974501588993
1295706539890749442,negative,1.0404796049284156e-05
1295706539991474176,negative,0.0035918473834886206
1295706540259700737,negative,0.026801668119151988
1295706540717101062,negative,0.05333246981903437
1295706540993851392,negative,0.006830567305835134
1295706541232984064,negative,0.14134167714666668
1295706543145484288,neutral,0.5152685453022815
1295706543799726080,negative,0.0016375994611347179
1295706544059949057,negative,0.3259054042899628
1295706544068349954,neutral,0.6128763230236094
1295706544424853504,negative,5.6791485879818073e-08
1295706544970043394,positive,0.9976217713888793
1295706545376899078,negative,0.08365302637813295
1295706548031893504,negative,0.12601313751072224
1295706548346458117,negative,9.009327128217499e-11
1295706548640063488,negative,4.633274787779587e-07
1295706548690460673,negative,0.019901934905204827
1295706548828884993,negative,0.06630772590203692
1295706548908560384,negative,0.15599147442921968
1295706549466398727,neutral,0.5573035333365485
1295706549671858184,negative,0.009634406017267344
1295706550116417536,negative,0.257728702157914
1295706550347202560,negative,1.1642419382393052e-05
1295706552280797185,negative,0.03640519009544741
1295706552318537729,negative,0.1180604236290373
1295706552347832323,negative,0.051006876849169186
1295706552675041280,negative,0.0507568439576558
1295706553119637506,neutral,0.43492002157381665
1295706553408946177,negative,0.07502337401936078
1295706553518088197,negative,6.849023803553776e-05
1295706554512154626,negative,0.005757803766098827
1295706554700828673,negative,0.051006876849169186
1295706555954995200,negative,0.12601313751072224
1295706556147867649,negative,1.0094454691000605e-20
1295706556215025664,negative,0.0007269658733332372
1295706556487684097,neutral,0.35948143253622666
1295706556613484545,neutral,0.5057529916333366
1295706556634411008,negative,1.0987980960836639e-07
1295706556785467393,negative,0.12601313751072224
1295706556806332416,negative,7.018374057088413e-06
1295706556915486720,neutral,0.6344703261850245
1295706557141852160,negative,0.0005950390340834044
1295706558056165376,negative,0.04350140218881862
1295706561466249217,negative,1.3172070075965035e-05
1295706561667567616,neutral,0.5374478655040366
1295706562347044864,negative,0.12601313751072224
1295706562535849987,positive,0.6659230754080009
1295706564809154565,negative,0.02111594408880222
1295706564926607362,negative,0.07788752185469694
1295706564989526017,negative,0.01638158699921264
1295706564993703936,negative,0.0003240564475689779
1295706566499414017,negative,0.06828683326293544
1295706566566580224,negative,0.2943613821773428
1295706566637826048,negative,0.2820386637943614
1295706567023755264,negative,1.5734599873822395e-07
1295706567820685320,negative,0.038330164007866596
1295706568118468609,negative,0.07270591234575756
1295706569456328704,negative,0.006558222740242218
1295706570622480385,negative,0.1445844966237223
1295706570936983552,negative,1.563580980816505e-06
1295706573730385920,neutral,0.4740134798084637
1295706573940105218,negative,0.008473546305672767
1295706574221127682,negative,0.12601313751072224
1295706574502219776,neutral,0.4623422848877309
1295706574678351888,negative,1.6252066306313128e-05
1295706574845964288,negative,0.029457802799308472
1295706575013851136,positive,0.7172089259772785
1295706575013916674,negative,7.667058221553156e-05
1295706575114579968,negative,0.020017900826551416
1295706575240404993,negative,0.020017900826551416
1295706575240404996,negative,0.00010105005016432953
1295706577094270977,negative,0.049045751997806315
1295706577454927873,negative,0.0010603808235818129
1295706578243522562,negative,0.025703757489524727
1295706578348388352,negative,0.0009522878373870605
1295706579162075136,negative,7.691207780697403e-07
1295706579774386177,neutral,0.4373255837432663
1295706581347295239,negative,0.0012115498855216368
1295706581510873094,positive,0.9999917433018288
1295706581636612097,negative,0.1080314881033488
1295706582228119554,negative,0.013377421082349144
1295706582626398209,negative,8.657684844413725e-05
1295706585851924482,negative,0.2558851607614589
1295706586472751105,negative,3.0411907662330793e-06
1295706587424751616,negative,0.0422914754062407
1295706589622677505,negative,0.00015641570587274144
1295706589740118017,negative,0.07680390320252053
1295706589958221829,negative,0.004100344550865091
1295706590616616962,negative,0.14134167714666668
1295706594005733377,neutral,0.5315025225330297
1295706594655768577,neutral,0.6129669256685448
1295706594676744197,negative,0.010331220178260254
1295706595070889986,negative,7.809155174675616e-05
1295706595087843330,neutral,0.3996580091506196
1295706595582648320,negative,0.1306303729295237
1295706595863732225,negative,0.00010105005016432953
1295706596119650304,negative,0.0005304373329954153
1295706596560056320,negative,0.019901934905204827
1295706597684056064,negative,0.058527571783466986
1295706598241902592,negative,0.12601313751072224
1295706598984171520,negative,0.00015346569853918462
1295706599059791872,negative,0.014680187541276389
1295706599907110913,negative,0.008697165722999776
1295706602574577665,neutral,0.43492002157381665
1295706603468070914,negative,0.06988429029043594
1295706603736498176,negative,0.025054689733965654
1295706603900084225,negative,0.08755118420002257
1295706604315254786,negative,0.05026145055209657
1295706604407590912,negative,0.012021786064087958
1295706604831215617,negative,0.001390712626906702
1295706606915727363,negative,0.0430101816775751
1295706607029039105,negative,0.0006492966760736756
1295706607045705729,positive,0.9976217713888793
1295706607075176449,negative,0.09922875630911464
1295706607125495809,negative,0.019198545730517
1295706608169881600,negative,0.03669135265188776
1295706608547311617,negative,0.0176315783752361
1295706608840970243,negative,0.08007641557858117
1295706610594131968,negative,0.03263686538421895
1295706610648715265,negative,0.0017044512010052923
1295706611051311104,negative,0.12601313751072224
1295706611059699712,negative,0.033280093885533685
1295706611063939078,neutral,0.3438159948065724
1295706611449769984,negative,1.6395967586671367e-05
1295706611642699776,negative,8.657684844413725e-05
1295706611680501761,negative,0.019901934905204827
1295706612120813568,negative,5.470184722358676e-10
1295706612708057089,negative,0.10826320316575694
1295706615786754052,negative,0.13341406001625764
1295706616214544385,negative,0.0007923567652039523
1295706616394928129,negative,0.001291163829199869
1295706616852078598,positive,0.9672296278908608
1295706616910798848,negative,0.018208962661737937
1295706616986247177,negative,0.019901934905204827
1295706617498009600,negative,0.15443594633986896
1295706620354342913,negative,0.24765561711671083
1295706620618563584,negative,0.12601313751072224
1295706620715032576,negative,0.12601313751072224
1295706620807307264,negative,0.051748325455630635
1295706621302243328,negative,0.08007641557858117
1295706621314768898,negative,0.019901934905204827
1295706621314772992,negative,0.16555727204251808
1295706621709029376,negative,0.023870751520004133
1295706623089029120,negative,0.028257685936829365
1295706623894265856,negative,8.657684844413725e-05
1295706624280199169,negative,1.0987980960836639e-07
1295706624817061890,negative,0.16555727204251808
1295706625223856128,negative,0.006231214981885819
1295706627333484544,negative,1.165827362307184e-12
1295706627367219200,negative,0.019901934905204827
1295706628327534592,negative,4.942974956202568e-09
1295706628457672704,negative,0.019901934905204827
1295706629074292736,negative,1.8088188086353651e-06
1295706631712518145,negative,0.019901934905204827
1295706631834161153,negative,0.07435848276809846
1295706631901270021,negative,0.025952750194008528
1295706632463233024,neutral,0.49789225920557484
1295706633369202688,negative,0.2672430911693565
1295706633515999232,negative,7.66298997492887e-05
1295706636066201600,negative,2.3032524695401946e-05
1295706636212936705,negative,0.0005207109971164184
1295706636703727622,positive,0.9997503462638517
1295706639903981570,negative,0.12601313751072224
1295706640138801156,negative,0.019014702882922403
1295706640575078400,negative,7.513334243999533e-06
1295706640583458818,neutral,0.38529457893640673
1295706640818278402,negative,0.008623053224988008
1295706640973533184,neutral,0.5315534514659949
1295706641615257602,negative,0.00022528143995211494
1295706641849921536,negative,0.02567365750541919
1295706641938223111,negative,0.18943729365353965
1295706642089115650,negative,0.04203929198072337
1295706644576337920,neutral,0.3570824819003242
1295706644907806720,negative,0.1631879671044134
1295706645079756801,negative,0.00023856735987737933
1295706645750640641,negative,0.0024063297313619446
1295706645784395778,negative,0.00920758096540355
1295706645893279744,negative,0.2205315889791667
1295706645947916289,negative,2.4633087227678577e-06
1295706646002446336,neutral,0.6321244638907855
1295706646166081537,positive,0.9739322021227819
1295706646522597381,neutral,0.5367818412183191
1295706646715531265,positive,0.8399302442137115
1295706648556777472,negative,0.03957686157108606
1295706649018212352,negative,0.013017656215299636
1295706649085259777,negative,0.1547501063582952
1295706649374740482,negative,8.657684844413725e-05
1295706649701888001,negative,0.00041792643823290276
1295706649924194306,negative,0.22418380853995465
1295706652532932611,neutral,0.453402136957119
1295706653065699328,negative,0.08342021031862229
1295706653652901888,negative,0.04807388552250905
1295706654265180161,neutral,0.4181853192672691
1295706654277869568,negative,0.003720598804376389
1295706654479187968,negative,0.026458342702958958
1295706657062653952,negative,0.0948908403365332
1295706657062821890,negative,0.23649811240819985
1295706657201295361,negative,0.20309281852172015
1295706657633296384,negative,0.019901934905204827
1295706657733976064,negative,0.019901934905204827
1295706657767424000,negative,0.12601313751072224
1295706658291802112,negative,0.0012115498855216368
1295706658795118593,negative,0.020756289013948888
1295706658841264128,negative,0.009436356224437106
1295706658853851137,negative,0.0013694847431365423
1295706661403975680,negative,0.11591685326288977
1295706661928218629,negative,0.12601313751072224
1295706662255329280,negative,0.00023856735987737933
1295706662322548738,negative,7.197089065351218e-06
1295706665011023874,positive,0.9999882225266734
1295706665178861570,negative,0.10048846400266408
1295706665275330562,negative,0.14764132238546426
1295706665535365121,negative,0.12601313751072224
1295706665577263104,neutral,0.37930368610758
1295706666013401095,neutral,0.568928279889619
1295706666067996674,negative,0.03769540738213657
1295706666080571393,negative,0.019901934905204827
1295706667024297991,neutral,0.5970090151999642
1295706667049529347,negative,0.002155828726816451
1295706667334742022,negative,0.28834416450020467
1295706673504555008,negative,0.000584355353193028
1295706674372714496,neutral,0.3499352441185855
1295706674427301888,negative,2.72460544543377e-06
1295706674544750594,negative,0.019901934905204827
1295706674628632577,negative,0.10826601554847334
1295706675517612032,negative,1.2014850251744801e-05
1295706675647782912,negative,0.0004256396870326803
1295706677698859009,positive,0.9976217713888793
1295706677719838727,negative,0.001544134217589443
1295706678323818497,negative,0.2943613821773428
1295706678378278912,negative,0.009086931261795272
1295706678495772672,negative,0.14483534826380812
1295706678642585600,negative,0.011586788717771133
1295706678759890949,negative,0.03957686157108606
1295706678982311936,negative,0.06314789221532968
1295706679380709376,negative,0.12601313751072224
1295706681893101568,negative,2.0004588456728248e-05
1295706682744623112,negative,0.12601313751072224
1295706682832703490,negative,0.12596271308671148
1295706683231133696,negative,0.0020834233869462602
1295706684392955904,negative,0.13129783353392396
1295706686079078400,neutral,0.6212522937770664
1295706686091599873,negative,0.016867045148167746
1295706687219707904,negative,4.125869812362077e-10
1295706687467331589,positive,0.7627031212593763
1295706687622582272,negative,0.0012115498855216368
1295706688008396800,negative,0.019901934905204827
1295706688486604802,negative,0.010398622153920425
1295706688620814340,negative,0.04887889205048961
1295706690776641537,positive,0.9960074632693179
1295706690990608384,negative,0.05555733207729798
1295706691389054976,negative,6.849023803553776e-05
1295706691770765312,negative,4.169541059454128e-05
1295706691934314496,negative,0.12601313751072224
1295706692467011586,negative,0.0005207109971164184
1295706694396178439,negative,0.04479038715469766
1295706694924881921,negative,0.20348124742185403
1295706694966751233,negative,0.10459830546158512
1295706696057315328,negative,0.0118569507895528
1295706696078286849,positive,0.9477995601449292
1295706696254455811,positive,0.7509082171332925
1295706696715837440,negative,0.2677651204054746
1295706699244896257,negative,0.03957686157108606
1295706700096385025,negative,0.020934672833058235
1295706700146716672,negative,0.012723223352748777
1295706700524261376,negative,0.015986331008201234
1295706702969438210,negative,0.019377552190474802
1295706703430930435,negative,0.08365302637813295
1295706703569326080,negative,0.012512228272294352
1295706703921586176,positive,0.6624419550526272
1295706704131297283,negative,0.012512228272294352
1295706704315809793,negative,0.00016950144677867093
1295706704424972290,negative,0.07963235099588371
1295706704605253633,negative,0.11591685326288977
1295706704659849216,negative,0.00048702688445513277
1295706704718393346,negative,0.2672430911693565
1295706705234472960,negative,9.837496893222132e-08
1295706705322442752,negative,0.07270591234575756
1295706707214110722,negative,0.12601313751072224
1295706707448872966,negative,0.06901284341561151
1295706707616837632,positive,0.6958400589808686
1295706708065607686,negative,0.12601313751072224
1295706708396957698,negative,0.025024353382921985
1295706709277790210,neutral,0.5461720975123111
1295706709298749441,neutral,0.42005207377239806
1295706709663588353,negative,1.501436409063723e-12
1295706711152566272,negative,0.0005128217199136295
1295706712087957506,negative,0.2707934526211621
1295706712335417345,negative,0.0770604732960579
1295706712578686976,negative,0.016393079289107666
1295706712780013569,negative,0.10153886532073596
1295706712893267968,negative,0.002742423126445323
1295706712939405313,negative,0.019901934905204827
1295706713098788864,negative,0.13129783353392396
1295706713241378816,negative,0.025439617039274522
1295706713392328705,negative,6.98531992232342e-06
1295706713920802817,negative,0.0001276234553544667
1295706715401400321,negative,0.1141538557359232
1295706715694882818,negative,7.768583826108986e-12
1295706715808305152,negative,2.7576915926557836e-05
1295706716726796288,negative,0.12601313751072224
1295706716932374529,negative,0.00018163029114407663
1295706717121019909,negative,0.024405456238622735
1295706717695746050,negative,0.18288933091575832
1295706717934821377,negative,8.325615933541184e-06
1295706719465672704,negative,0.27498812199628797
1295706719675392000,negative,0.2381558908539163
1295706719771865088,negative,7.513334243999533e-06
1295706720082235393,neutral,0.6563131832915976
1295706720396861440,neutral,0.6563131832915976
1295706720963047429,neutral,0.411594083119197
1295706721600573442,neutral,0.5315534514659949
1295706721856425984,negative,0.3259054042899628
1295706721965486080,negative,0.003802063160635881
1295706722019966977,negative,0.11276646861472159
1295706722284306433,negative,0.10396600402265237
1295706723794075654,negative,0.12107842200962818
1295706724222083073,negative,0.12601313751072224
1295706724364619778,negative,0.00047201784051751597
1295706724897296388,negative,0.002141626713702949
1295706725513920514,negative,0.00023404244564836986
1295706725740425221,negative,0.0867068396882817
1295706726109523969,negative,0.002047012240670405
1295706727153901570,negative,0.051006876849169186
1295706728135352321,negative,0.18472108792513997
1295706728378634245,negative,0.02063586315407304
1295706729070637062,negative,0.08007641557858117
1295706729079078914,negative,0.002047012240670405
1295706729368489984,negative,0.1933532192746995
1295706729867616259,negative,0.0004989025182391388
1295706729880195072,negative,0.021423080477011906
1295706730765127681,negative,0.0013596504418526018
1295706732300304390,negative,0.2518240922383748
1295706732451319809,negative,0.01132849095347764
1295706732681928704,negative,0.00023404244564836986
1295706733130784768,negative,0.29797611903559484
1295706733705408512,negative,0.050931873995515894
1295706733898280966,negative,0.0008499595934796624
1295706736611987457,negative,0.20478744906478066
1295706737031479298,negative,0.02591539513226468
1295706738063269888,negative,0.0008555734635362334
1295706738088464385,negative,0.08007641557858117
1295706738176536577,negative,0.004100344550865091
1295706738700820482,negative,2.0795199836714058e-09
1295706740512772098,negative,1.0319428829635772e-06
1295706740659556352,negative,0.04085089827575333
1295706741167005698,negative,0.07270591234575756
1295706741418663936,negative,0.0014160218830689929
1295706742089756672,negative,0.009247246998905403
1295706742257524736,negative,0.004438169660609214
1295706742265909249,negative,0.012794336949919475
1295706742551203840,negative,0.01325874942621394
1295706742874152960,negative,1.708324077816232e-05
1295706743348047872,negative,0.024405456238622735
1295706744975482881,negative,0.30597066460629885
1295706745810161664,neutral,0.5700949742195746
1295706746166456320,positive,0.897995141062757
1295706746409943040,negative,0.0430101816775751
1295706746703548417,negative,0.12601313751072224
1295706746778984448,negative,0.0029229495078823236
1295706746929831937,negative,0.10886634654411638
1295706747290685440,negative,9.543692581350075e-05
1295706747454328836,negative,0.001005457773570323
1295706748892991490,negative,0.12601313751072224
1295706749366939648,negative,0.0734864256290445
1295706749572468736,negative,0.17777149223494618
1295706749866061825,negative,0.05209359829144388
1295706750071508993,negative,6.849023803553776e-05
1295706750449061889,neutral,0.5808741501827569
1295706750612578305,negative,0.025952750194008528
1295706751489146882,negative,2.8489590113001417e-06
1295706753154330632,negative,0.21133496187376993
1295706753498259456,negative,0.012188418259017194
1295706754014158848,negative,4.901046805973468e-06
1295706754102198272,negative,2.3403121448531908e-05
1295706754739838979,negative,0.0033881428116650106
1295706754769203201,neutral,0.438658726745286
1295706754832007168,negative,0.056965299266145915
1295706754991435777,negative,0.038372232898079756
1295706755184328704,negative,0.027766989575772845
1295706757474537472,negative,1.1700470760048858e-05
1295706757679976448,negative,0.019901934905204827
1295706757713534979,negative,0.0030996458809638984
1295706758661328896,neutral,0.41901263796461236
1295706759408103425,negative,0.317955616456911
1295706759596777472,negative,0.0005207109971164184
1295706761584873473,negative,0.004501872879372714
1295706762725789696,negative,3.0439707664671607e-05
1295706762750963712,neutral,0.3424076250370406
1295706763015069697,negative,0.0008183061896134801
1295706763241508864,negative,0.0004212529468989285
1295706763476586496,negative,0.17775680830642215
1295706763598200832,negative,0.02600205242193198
1295706763761799168,negative,0.2222643278046453
1295706764000731139,neutral,0.340968632410737
1295706765888233477,negative,1.8088188086353651e-06
1295706766802640896,negative,0.0015422402766209057
1295706767171760128,negative,0.1960341045063663
1295706767188516864,positive,0.9999576603531877
1295706767285006342,negative,0.04648700221054989
1295706767838543873,neutral,0.3619451476948216
1295706770216833025,neutral,0.453402136957119
1295706770267144192,positive,0.9804244454961873
1295706770342653952,negative,0.3259054042899628
1295706770548170752,negative,0.018174991013644146
1295706772464902148,negative,0.019901934905204827
1295706774184566784,neutral,0.3326878655220355
1295706774830546949,negative,0.0005207109971164184
1295706775010893824,negative,0.004300914900638678
1295706775610523649,negative,0.008178362527209763
1295706775757430785,negative,0.024405456238622735
1295706775874932736,negative,0.0011637924363783452
1295706778080931841,negative,0.05174342583998807
1295706778563469313,negative,2.1816422707163686e-06
1295706778882236417,negative,8.534088010808126e-14
1295706779133923330,negative,3.8995269891183306e-10
1295706779574247426,negative,0.019901934905204827
1295706780396290048,negative,0.019901934905204827
1295706780677238785,negative,0.010332653681365602
1295706783361638403,negative,0.051516314961111025
1295706783525330945,negative,0.019901934905204827
1295706783659556864,negative,0.0005207109971164184
1295706783734886401,negative,0.17877723511765783
1295706784179589120,negative,2.8594600040076333e-05
1295706784292835328,negative,0.02132099595582579
1295706784380919810,negative,0.15168648724264464
1295706784473260035,negative,0.10923838763276379
1295706785362243584,negative,0.07032896017776318
1295706786113228801,positive,0.7849993282428768
1295706786633265157,neutral,0.4185792982808994
1295706786637524996,negative,0.005838095580206957
1295706786847174657,negative,0.28921535498228046
1295706787400818688,negative,6.030707553806386e-06
1295706787501531137,negative,0.12601313751072224
1295706787677601795,negative,2.0347502185322474e-07
1295706787929358342,negative,0.07270591234575756
1295706788470415360,negative,1.3172070075965035e-05
1295706790534033408,negative,0.21356620252504163
1295706790970167301,negative,0.04372422561382559
1295706791020580865,negative,0.09386000229361774
1295706791691550720,negative,0.12601313751072224
1295706791968415750,negative,5.929974285857408e-06
1295706792115216384,neutral,0.5780405187860294
1295706792232615936,positive,0.8421846598781492
1295706792249511936,negative,0.14134167714666668
1295706792307986432,negative,0.0004498087860835411
1295706795185405953,negative,0.07186664869213227
1295706795193905153,negative,0.03891476767898891
1295706795659452418,negative,0.005972922232858238
1295706796187955201,negative,0.03861374179062536
1295706796355653632,negative,0.070881458421066
1295706796972220418,negative,0.02077809299477492
1295706797127479296,negative,0.0366597969590693
1295706797253197826,negative,5.2863617780603744e-05
1295706799333490693,negative,0.10462997733425439
1295706799342051330,neutral,0.43492002157381665
1295706800499687424,neutral,0.4507454498615163
1295706800545767425,negative,0.0011610885484914248
1295706800591908864,negative,1.2998622857902325e-06
1295706801061724160,negative,0.17572578844174033
1295706801472757760,negative,1.0381333511047171e-10
1295706802320027649,negative,0.0625932855156542
1295706802496118784,negative,0.006100314913498225
1295706803603415041,negative,0.058745675777715334
1295706803867705344,negative,0.04047456151601927
1295706804098347015,negative,0.019901934905204827
1295706804249333764,negative,8.657684844413725e-05
1295706804379365377,negative,0.0012323228312725249
1295706805650292737,negative,3.3125122257041905e-05
1295706805675401216,neutral,0.4149137834506345
1295706805843230720,negative,0.08923487404106058
1295706806149316620,negative,0.0007626418466108188
1295706806233309184,negative,0.12601313751072224
1295706807789400065,negative,3.25722101444236e-05
1295706807915159564,negative,7.647969165032361e-09
1295706808116482048,negative,0.002600210315841
1295706809064448001,negative,6.002131845780257e-09
1295706809232130049,negative,0.2957258775758712
1295706809248952321,negative,0.00010515001297164456
1295706809647403010,negative,0.1725326212129299
1295706812201803777,negative,0.004316169404615848
1295706812369571842,negative,0.12601313751072224
1295706812621172737,negative,0.08342021031862229
1295706812923154434,negative,0.020933884237907895
1295706813476876291,positive,0.9999917433018288
1295706816081473536,negative,0.008794338580971669
1295706817369169921,negative,0.00781552458334173
1295706817432039424,neutral,0.453402136957119
1295706817448890371,negative,0.12258141989242878
1295706817583095808,negative,0.0002950035274722003
1295706817675309057,negative,6.203330483030994e-06
1295706818690330624,negative,0.1730746230786644
1295706818715553798,negative,0.08822788708605267
1295706820309393410,negative,0.011277540705415794
1295706820598800386,negative,0.044051357276136495
1295706820661653504,neutral,0.34001887881229437
1295706820678385666,positive,0.9960074632693179
1295706821466955776,negative,4.788589600170631e-05
1295706821500588032,negative,0.14158415182737652
1295706821563424768,negative,0.0625932855156542
1295706821672480768,negative,0.04745936258473831
1295706821697712129,negative,0.12601313751072224
1295706822188335104,negative,0.03957686157108606
1295706822213500930,negative,0.12601313751072224
1295706822347829248,negative,0.03957686157108606
1295706824684036099,negative,0.10482352168015649
1295706824793088000,negative,6.473642738875084e-09
1295706825300426753,negative,0.05399308922014154
1295706825619275776,negative,0.26643788183663264
1295706825690615809,negative,8.895694208755705e-05
1295706825778749442,negative,0.070881458421066
1295706825866850304,negative,6.415999171559183e-10
1295706826273705984,negative,8.418688190818232e-05
1295706826403729410,negative,0.04350140218881862
1295706826424504321,negative,0.10010105670339484
1295706828630892545,negative,0.0011654794113063348
1295706829410971650,negative,0.09189456223915218
1295706829486469121,negative,5.520315634041099e-06
1295706829629120514,negative,1.3557254077947864e-05
1295706830602211328,negative,0.0068308212229387455
1295706830677712896,negative,0.12425477878701648
1295706830740627457,negative,0.0001342432504706996
1295706830832914433,negative,0.0005207109971164184
1295706830937653248,negative,0.2208401573292345
1295706832913272833,negative,0.0012323228312725249
1295706833047388162,negative,0.00012013469751401612
1295706833433354241,negative,8.657684844413725e-05
1295706833668182017,negative,0.024405456238622735
1295706834804912128,negative,0.025952750194008528
1295706834993635328,negative,0.025952750194008528
1295706835668869123,positive,0.9657483121350827
1295706835681517568,negative,0.0009309096130113586
1295706835845029888,negative,0.006201192931730067
1295706839552798721,negative,0.18472108792513997
1295706839573762048,negative,0.00031364293548161875
1295706839808712706,negative,0.03302965250828128
1295706841373184000,negative,0.11192639917022225
1295706843503906816,positive,0.6998978141349389
1295706843826794496,negative,0.29354048216691747
1295706845827522563,negative,0.0669775722357676
1295706846163066883,negative,0.10153886532073596
1295706846360150022,negative,0.11093106529178222
1295706846599065601,negative,0.004395617913461976
1295706849828888577,negative,0.0012643754658529468
1295706850038611968,negative,0.14134167714666668
1295706850256715776,negative,0.0007675232050030975
1295706850533441542,negative,0.0015856812215450855
1295706850952978433,negative,0.1329588641245441
1295706851460501504,positive,0.8002903416455587
1295706851581915136,positive,0.9657483121350827
1295706852207005698,negative,0.0017919712932075024
1295706854832640000,negative,0.08007641557858117
1295706855365378052,negative,2.431828161195145e-08
1295706855667314690,negative,0.13129783353392396
1295706855851909133,negative,0.05738731705847255
1295706858309791744,negative,7.950225007018587e-06
1295706859446435842,negative,0.12601313751072224
1295706862155902976,negative,0.025054689733965654
1295706862864736256,negative,0.019901934905204827
1295706862910951429,negative,0.019901934905204827
1295706863657463808,negative,0.019901934905204827
1295706863854592012,positive,0.9368429545044105
1295706864416632832,negative,0.012997222388158333
1295706864483696649,negative,0.004316169404615848
1295706866484498432,negative,0.009665812810696924
1295706866673213441,neutral,0.38874338869362157
1295706866891337728,negative,0.019901934905204827
1295706866916503553,negative,0.0009309096130113586
1295706867214278656,negative,0.000404841653337048
1295706867252047873,negative,0.026458342702958958
1295706867281395713,negative,0.006749021502363711
1295706867692339200,negative,0.00920758096540355
1295706867822473218,negative,0.002146950423868548
1295706868476674049,negative,3.25722101444236e-05
1295706868829085696,negative,5.6955588109608626e-05
1295706868879433728,negative,2.740042921869474e-07
1295706870431330306,positive,0.6998978141349389
1295706870523535360,positive,0.8006193594876341
1295706870859079680,negative,0.2536498811089417
1295706871043678208,positive,0.9999972905727971
1295706871182041088,negative,0.12601313751072224
1295706871542808576,positive,0.9637925321533041
1295706871773396994,negative,0.0068466142479377675
1295706871790276608,negative,0.0015830832955515991
1295706872067108871,negative,0.11766831208166835
1295706872218030080,negative,3.11494365241318e-08
1295706872692039680,negative,0.0001451319665167947
1295706875074420736,negative,0.12601313751072224
1295706875284127745,negative,0.13216781798733543
1295706875875471360,negative,0.025741643017680425
1295706876030713857,negative,0.001642496982503661
1295706876034846722,negative,0.0029293881078433265
1295706876500480000,negative,0.12601313751072224
1295706876634705921,negative,8.657684844413725e-05
1295706876844351489,negative,0.11888264431085406
1295706876953399298,negative,0.02911168686803463
1295706879700672512,negative,0.12601313751072224
1295706880380198912,negative,0.02132099595582579
1295706880405274634,negative,1.3172070075965035e-05
1295706880946376709,negative,0.048038338004875995
1295706883282604033,negative,0.002517382966895844
1295706883739852801,negative,0.0016027177158708132
1295706883844640771,neutral,0.4107186781339169
1295706884067008513,negative,0.019901934905204827
1295706884498915330,neutral,0.3306646816629014
1295706885195259906,negative,0.04379828014361261
1295706885253988352,negative,0.01752440899026267
1295706887351160832,negative,2.757067588225005e-07
1295706887846006787,negative,0.12601313751072224
1295706888001269760,negative,0.08007641557858117
1295706888265445382,negative,0.08342021031862229
1295706888647081986,negative,0.00010105005016432953
1295706888781402112,negative,0.033331939801140534
1295706889385324546,negative,0.0072938360075774575
1295706889691500544,negative,0.004524225401134042
1295706891658682369,negative,0.045313567636831614
1295706892296232960,negative,0.1080314881033488
1295706892543692800,negative,0.014162992454384139
1295706892585533445,negative,0.30134177180499794
1295706893244137472,negative,0.12601313751072224
1295706893659381760,negative,0.019901934905204827
1295706893818585088,negative,0.12601313751072224
1295706895597146113,neutral,0.6397472596389157
1295706896096276481,negative,0.08342021031862229
1295706896326942720,negative,0.07788752185469694
1295706897186791426,negative,0.007910986248062897
1295706898122133506,negative,0.10278276105331553
1295706899896315905,negative,0.001544134217589443
1295706901192364032,negative,0.05738731705847255
1295706901901127681,positive,0.9149850134124489
1295706901943144448,neutral,0.49789225920557484
1295706901959901185,negative,0.0001342432504706996
1295706902031204352,negative,0.0011694811319967401
1295706904300322818,negative,0.24641485676701597
1295706904447115265,negative,2.0004588456728248e-05
1295706904757403648,negative,0.019901934905204827
1295706905097183233,neutral,0.4020383545323593
1295706905441075206,negative,0.1457824327833669
1295706906200141828,negative,0.00010105005016432953
1295706906363858948,negative,0.02436869420516111
1295706906477105152,negative,0.03957686157108606
1295706906808520709,negative,0.12601313751072224
1295706908188389376,negative,0.020933884237907895
1295706908347846656,negative,0.29797611903559484
1295706908557533192,negative,0.03834964362938534
1295706909044023302,negative,1.2411156835056071e-05
1295706909211799553,neutral,0.5969835143201911
1295706909228634112,negative,0.00014779249629750258
1295706909467705344,positive,0.992761073168761
1295706909748625408,negative,0.02019478761209105
1295706910784593920,negative,0.299013205241305
1295706911107678213,negative,0.12601313751072224
1295706911426453511,negative,0.14134167714666668
1295706912797986816,negative,0.13216781798733543
1295706913347440640,negative,0.23317267116295456
1295706913615814657,negative,0.10873084537464295
1295706914987429888,negative,0.19805097507578734
1295706915394269184,negative,0.1902468900431735
1295706916719665154,negative,8.418688190818232e-05
1295706916807569413,negative,0.00010105005016432953
1295706917055201282,negative,0.0027371390789015476
1295706917201903618,positive,0.8904241196117874
1295706917755551746,negative,0.00032862021492752343
1295706919080886272,negative,0.006658666245597291
1295706919395627010,negative,0.1320054398652975
1295706919424991232,negative,0.004168866208204877
1295706919492038656,negative,0.26096658350660207
1295706920855240704,negative,0.05802606271412302
1295706920922370049,negative,0.03957686157108606
1295706921081733121,negative,0.3259054042899628
1295706921127870465,negative,0.00014640847903171783
1295706921245310977,negative,0.011577013803850641
1295706922151182338,negative,0.3045024688943347
1295706922272923650,neutral,0.5344029679637843
1295706922813919234,negative,1.0067246461855056e-06
1295706923325689856,negative,0.060799237020809874
1295706925397618689,negative,0.14134167714666668
1295706926353915905,negative,3.787239567930891e-05
1295706927075332103,negative,0.12601313751072224
1295706927163473922,negative,0.12434961156084774
1295706927536775169,negative,2.432813473477412e-05
1295706927708733440,negative,0.0016058285378427808
1295706929340321793,negative,0.12601313751072224
1295706929394855943,negative,9.844110545864803e-06
1295706929415819264,negative,0.04550932329001948
1295706929646505985,negative,4.921827326668567e-10
1295706929696833538,negative,9.977614672652667e-05
1295706930049097730,neutral,0.4285758614317694
1295706930296610819,negative,0.023108356674899348
1295706930447626241,negative,0.0005707288715266583
1295706930737012737,negative,0.22571658443345985
1295706930980192261,negative,0.00023404244564836986
1295706933526233089,negative,0.01744778769645543
1295706933631094784,negative,0.026640802956355434
1295706933660393473,negative,0.23549743395953016
1295706933685444610,negative,0.008399082740682993
1295706933937278976,neutral,0.4290963134178086
1295706934792904704,negative,0.0005207109971164184
1295706938739765248,negative,0.0002950035274722003
1295706939083706370,negative,0.29354048216691747
1295706939616305153,negative,0.000326797086342554
1295706939708538882,neutral,0.4215559435071324
1295706939800911874,negative,0.1902468900431735
1295706941843480577,negative,0.12601313751072224
1295706942036488193,negative,0.0004119488152453723
1295706942925467650,negative,0.00029953140034274817
1295706944217534469,negative,0.019901934905204827
1295706946117365761,negative,0.0012115498855216368
1295706946243371008,negative,0.00013522885927330479
1295706946423738368,negative,0.019901934905204827
1295706947216384002,negative,0.0005960794063345932
1295706947333894147,positive,0.7757378803001985
1295706947375726592,negative,0.0005237791596226494
1295706947568705536,neutral,0.35916597548300166
1295706948525002752,neutral,0.3448789537043245
1295706948608962560,negative,0.02057919185075484
1295706948898304001,negative,2.425891155294188e-10
1295706948998922250,negative,5.987705051938571e-06
1295706950446002176,negative,3.5251394537042995e-05
1295706950504652805,negative,8.418688190818232e-05
1295706950844461056,negative,0.05766997850400092
1295706951029075968,neutral,0.43492002157381665
1295706951079395328,negative,0.12601313751072224
1295706951167414277,negative,0.0012115498855216368
1295706951805030405,negative,0.009665812810696924
1295706952199266305,negative,2.4255184925491827e-07
1295706952228634626,negative,0.12601313751072224
1295706952941608960,positive,0.9477995601449292
1295706955693150209,negative,0.03957686157108606
1295706955831562240,negative,0.317955616456911
1295706955898589184,negative,0.0013422869196148164
1295706956154511361,negative,0.007858118452541136
1295706956720672768,negative,0.00015346569853918462
1295706956783656962,neutral,0.573929091560978
1295706956854951936,positive,0.8379334693979041
1295706957022715904,negative,0.02898847986758094
1295706959333797888,negative,3.350084424761656e-05
1295706959635677184,negative,0.051006876849169186
1295706960084586498,negative,0.12601313751072224
1295706960537571330,positive,0.9583410813028536
1295706960671776768,negative,0.001150404241661264
1295706960931823621,negative,0.07669892622009124
1295706961258962944,negative,6.98531992232342e-06
1295706963016323072,negative,0.00011920047949049027
1295706963037175809,negative,0.0003240564475689779
1295706963163189250,negative,0.17775680830642215
1295706963322470403,negative,2.7576915926557836e-05
1295706963490242560,negative,0.007910986248062897
1295706963804815360,negative,3.4951788433263457e-07
1295706963892994050,negative,0.3020135550609068
1295706963997790208,positive,0.8421846598781492
1295706964593451008,negative,0.019901934905204827
1295706965067399169,neutral,0.4995905058547249
1295706965163859969,negative,0.00025733117830987323
1295706965285494786,negative,0.0003339388543091272
1295706967319683072,negative,0.00023404244564836986
1295706967357480960,negative,8.418688190818232e-05
1295706968095633408,negative,0.04268449053750011
1295706968707993601,negative,0.10278276105331553
1295706971291521025,negative,0.004558700104150853
1295706971350466562,negative,0.08301289864159057
1295706972633935873,negative,0.0007609252713222884
1295706972789125121,negative,0.027603312507859953
1295706972877139970,negative,0.02419074607315579
1295706973145649153,neutral,0.41903556269510045
1295706973363671041,negative,0.003468117622586134
1295706973363724289,negative,0.12601313751072224
1295706974085091329,negative,0.00011371886963053537
1295706974169030656,negative,0.0005207109971164184
1295706975934840832,neutral,0.502078848952195
1295706976035516418,positive,0.9985653413002014
1295706976165474304,negative,0.2382669582645585
1295706976291258368,negative,0.0004930985307503336
1295706977407062017,negative,0.0006492966760736756
1295706977700589576,negative,0.028208455738822923
1295706977889406976,negative,0.0035045495257637616
1295706977985875969,negative,0.23549606811423218
1295706979508326400,negative,0.14099950263116018
1295706979898404864,negative,0.00027466383740083733
1295706979965575168,negative,0.03135431427877863
1295706980137480192,negative,0.3259054042899628
1295706981244850181,neutral,0.6537474969498027
1295706983715282945,negative,6.6646093625941615e-09
1295706983841107968,negative,0.12601313751072224
1295706984092782592,negative,0.08007641557858117
1295706984700956677,negative,0.03669135265188776
1295706984830902273,negative,0.12509390426846356
1295706985032228864,negative,3.750265800303984e-05
1295706985225166849,neutral,0.44602609278401834
1295706985699192832,negative,0.0004344037037609479
1295706985908838403,negative,0.13966947833738833
1295706988014448640,negative,0.031987158336843326
1295706988186423299,negative,0.014640049545214298
1295706988605734915,positive,0.9918791209297642
1295706988756766721,negative,0.006201192931730067
1295706989155299329,negative,0.041759171076040845
1295706989352357889,negative,0.07137795979180471
1295706992577785859,negative,0.05209359829144388
1295706992766484480,negative,0.0007923567652039523
1295706992837885953,negative,0.12601313751072224
1295706992959459329,negative,0.12601313751072224
1295706992976199686,negative,7.120794266808529e-05
1295706993156673538,negative,1.0455569159893783e-05
1295706993966055427,negative,0.08524408374204993
1295706994456907777,negative,0.29299925625964
1295706994591125505,negative,0.25879552433914155
1295706996524691456,negative,0.12601313751072224
1295706996730204165,negative,0.0019158725673376557
1295706997304811521,negative,0.019901934905204827
1295706997304827905,negative,3.750265800303984e-05
1295706998105931777,negative,0.12601313751072224
1295706998143623168,negative,0.1631879671044134
1295706998181367808,negative,0.012798558204724825
1295706998697267201,negative,0.08007641557858117
1295706998747668481,negative,3.410927996450831e-05
1295707000505065475,negative,0.2918578085955789
1295707000656060417,negative,2.393880817938718e-12
1295707001109053441,negative,0.00242993672238449
1295707001973084161,negative,0.001665267067893361
1295707002153443328,positive,0.9976217713888793
1295707002375671809,negative,3.898944310440219e-05
1295707002669342720,negative,0.005105476252448527
1295707003017400325,negative,0.00022824862617855718
1295707005089349634,positive,0.9696083469795036
1295707005139771392,negative,0.14134167714666668
1295707005357760512,negative,0.09484427304746174
1295707005680783366,negative,0.00016397948959518302
1295707005714407427,negative,0.14134167714666668
1295707006276427782,neutral,0.5239385488325896
1295707006712643592,negative,7.0782621176749186e-06
1295707006796529665,negative,2.296892977635243e-06
1295707006989479936,negative,0.0005207109971164184
1295707007178158081,negative,0.0015296629038924695
1295707007203315713,neutral,0.46364466503952073
1295707009577345024,negative,2.1899446261716942e-10
1295707009615044608,neutral,0.5452176908939108
1295707009808048128,negative,1.6395967586671367e-05
1295707010512621575,neutral,0.49789225920557484
1295707010617479168,negative,0.0006060433741125896
1295707010701373441,positive,0.6634765676318548
1295707011108278272,negative,2.8715893406618425e-05
1295707011527606277,negative,0.01325874942621394
1295707013381533698,negative,0.0012323228312725249
1295707013930942465,neutral,0.5700949742195746
1295707013993893890,positive,0.6998978141349389
1295707014061056001,neutral,0.5475385610968239
1295707014186840064,negative,0.30901247272107496
1295707014405017600,negative,0.00028696207194974194
1295692849795801090,negative,2.45642443957112e-12
1295692850789789697,negative,0.01301559573288228
1295692850999459841,negative,0.042242737428898516
1295692853356777473,positive,0.7587084448634892
1295692855017709568,negative,0.03957686157108606
1295692855827202048,negative,0.0002676475954483508
1295692857265750018,negative,0.06139047517585535
1295692859514007552,negative,0.0007220003189797342
1295692860126363650,negative,0.006838267576499318
1295692861762162693,negative,0.08382484378713348
1295692861833388032,negative,0.026712610815796057
1295692862634557440,negative,0.016393079289107666
1295692869286666241,negative,0.004174596288945426
1295692870381375488,negative,0.21347858127001013
1295692871039942656,negative,0.03957686157108606
1295692871761367040,negative,0.09604608166740844
1295692873082363912,negative,0.00010105005016432953
1295692875620143104,negative,0.03957686157108606
1295692877176217600,neutral,0.5673971260133672
1295692878941958146,negative,0.2426199675183989
1295692882414895107,negative,0.03957686157108606
1295692882960158721,negative,0.10892672760764215
1295692883161264129,negative,0.1262356314098118
1295692884419772420,negative,0.0006420653646235958
1295692886349172738,negative,0.0005003820658617559
1295692891378061312,negative,0.016393079289107666
1295692893504647172,negative,0.01187539733212953
1295692893911494657,neutral,0.4412034357541848
1295692894473531393,negative,1.3904925335326128e-08
1295692894481907712,negative,0.00010105005016432953
1295692894603550720,negative,0.0005207109971164184
1295692895488544770,negative,0.014304629878391512
1295692897011011584,negative,0.07961545357583005
1295692897430495234,negative,0.00019531622822837471
1295692899057913857,negative,4.814579886112316e-05
1295692900324519936,negative,0.13449786664433144
1295692900882362370,negative,0.019012268028978783
1295692902492930050,negative,0.017174881593094216
1295692904267165696,neutral,0.3961917588154321
1295692909061246978,negative,0.007701554906241651
1295692915616948227,negative,0.09116861264378451
1295692918980784128,negative,1.5292910396447926e-08
1295692920281092096,positive,0.8455232175069249
1295692921933639680,negative,0.0015715222625375632
1295692922361466880,negative,0.004626417854201934
1295692922625589255,neutral,0.47658277132422894
1295692922927620096,negative,0.0012261384072672855
1295692922952785920,positive,0.6810012622152647
1295692923061907457,negative,0.024663918495200072
1295692923728789504,negative,0.02480442498529155
1295692926270550016,positive,0.9973650369537395
1295692926354415617,negative,0.11526384599213464
1295692927272996864,negative,0.13449786664433144
1295692931182059521,negative,0.00013555120578751933
1295692940753408006,negative,0.00432973159051788
1295692944150863881,negative,7.709840875320148e-06
1295692944922615809,negative,0.026961066069776947
1295692945220349953,negative,0.0012261384072672855
1295692945723662339,negative,0.06139047517585535
1295692948596830213,negative,0.03957686157108606
1295692948613537792,negative,0.0009431882245075504
1295692952908505088,negative,0.016674209555223224
1295692957748809730,negative,0.0793004912566736
1295692961850757120,negative,0.07072695367446254
1295692962471575553,negative,0.0015040087191998972
1295692969849364481,negative,0.006100314913498225
1295692970901958656,negative,0.0002676475954483508
1295692971317157889,negative,0.2920458978982144
1295692972550430721,negative,0.2426199675183989
1295692976098889728,negative,0.03957686157108606
1295692976186957824,negative,0.018543034810829147
1295692978510602245,negative,0.01325874942621394
1295692980897157121,positive,0.6721553852967019
1295692981350141954,negative,0.005896694021044543
1295692982373490688,negative,0.03957686157108606
1295692987612246017,negative,0.006100314913498225
1295692992003690499,neutral,0.65290992444825
1295692992716709896,negative,5.533777043564758e-06
1295692992762847238,positive,0.9225669633991789
1295692993555554307,negative,0.0009309096130113586
1295692995547758593,negative,0.19662962663108208
1295692995589791744,neutral,0.40446895096750374
1295692998513221632,negative,0.05324658050293806
1295692999222087680,positive,0.9973650369537395
1295693004305502208,negative,0.04268449053750011
1295693011519787009,positive,0.6634808066654354
1295693014552190977,negative,0.17113543204253126
1295693014720024576,negative,0.008273530858537945
1295693015240105988,negative,0.031393895097719345
1295693015449833474,negative,0.051006876849169186
1295693017756696577,negative,0.039675902044418065
1295693023234359297,negative,0.07961509684300629
1295693024153001984,negative,0.051006876849169186
1295693025193074689,negative,0.001173295898542348
1295693026740797441,negative,0.014905447712904824
1295693030494744576,positive,0.931630015900521
1295693035762782208,neutral,0.4412034357541848
1295693040204554240,negative,0.007174118764223606
1295693040238170112,negative,0.0934534138794208
1295693040984760320,neutral,0.49077241002739685
1295693045770395655,negative,0.11531720581921368
1295693045795622913,negative,0.06318615365090959
1295693046009520131,negative,1.1814969078220095e-09
1295693047393669120,positive,0.6634808066654354
1295693049297870850,negative,0.11819745128520144
1295693051839631362,negative,0.0005207109971164184
1295693053852823552,negative,0.039675902044418065
1295693058005184513,negative,1.1661179317261425e-05
1295693058051198977,negative,0.048107305798159465
1295693058843934720,negative,0.0007016945596290431
1295693060592947200,negative,0.0718358858922714
1295693060630872066,negative,0.00023530437211488536
1295693062199443457,negative,0.0005003820658617559
1295693066746187778,negative,0.0074543887530357155
1295693067815657472,negative,0.016674209555223224
1295693069040451584,negative,0.014162992454384139
1295693070227378177,positive,0.6634808066654354
1295693077315817472,negative,6.73193021127789e-05
1295693083892486144,negative,0.00010105005016432953
1295693085113032704,negative,0.017734580445853527
1295693085268205568,neutral,0.4740134798084637
1295693085427544069,negative,0.008615296412856396
1295693090397839361,negative,8.746180137525105e-05
1295693092662771712,negative,0.016393079289107666
1295693092675129344,negative,0.09953838153023874
1295693093551906818,negative,0.051006876849169186
1295693093858050048,negative,0.051726124046076294
1295693095506522112,neutral,0.37974374089722374
1295693096378945538,negative,3.0439707664671607e-05
1295693097087705088,positive,0.6634808066654354
1295693097234575360,neutral,0.5002075749378297
1295693097922433028,negative,0.03957686157108606
1295693100933877760,negative,0.03043218624417957
1295693104452907010,negative,0.024152130020127942
1295693107829395456,negative,0.018414127310332408
1295693110425640962,negative,0.07961509684300629
1295693114984849408,negative,0.016393079289107666
1295693120487731200,negative,0.0002725305551936254
1295693121049763842,negative,0.014640049545214298
1295693122677157889,negative,0.07920208696601297
1295693125663547392,neutral,0.49789225920557484
1295693125760036866,negative,0.14663503670783323
1295693134924587011,negative,0.0003431812537381522
1295693135658524673,negative,0.021588800805963336
1295693136229027840,negative,0.024888170940219626
1295693138577809408,negative,0.015084107752750493
1295693138997268486,negative,0.00041150730963594484
1295693141639667714,negative,0.15331241043057187
1295693142419808257,negative,0.0022758800623845464
1295693143589912577,negative,0.04505628578148248
1295693145892626440,negative,0.0005207109971164184
1295693146710515712,negative,0.0007750748805802907
1295693147457171458,negative,0.24445934004001377
1295693149323624450,negative,0.10526319886508102
1295693150028169218,negative,0.21651339263655675
1295693152561627136,neutral,0.6428280417408092
1295693156617539589,neutral,0.4412034357541848
1295693156793692160,negative,0.004346223592228677
1295693158232330240,negative,0.002148033413021909
1295693159083773954,negative,0.07574144661667324
1295693160534937606,negative,0.0005207109971164184
1295693161822670848,neutral,0.5390926194679104
1295693162795741184,negative,0.01951099937806397
1295693164477657088,negative,0.005637837274293634
1295693166243459075,negative,0.07051582183482207
1295693166360891392,negative,0.13872550801969175
1295693170487906304,negative,0.007461233439279354
1295693173130493952,negative,0.013236820630048576
1295693173902192642,negative,0.00011706970378355754
1295693174652862464,negative,0.0004521562330346947
1295693174703194112,neutral,0.4203848373692247
1295693175437303808,negative,0.008825569428999919
1295693176708177920,negative,0.018658546034309553
1295693176892805121,negative,4.130991777030722e-05
1295693177836515329,negative,3.0419103269068906e-05
1295693178029379585,negative,0.10508175095523316
1295693186128646144,neutral,0.551077815994506
1295693186619318273,negative,0.2638067063431891
1295693187772817408,negative,0.0056769473717805325
1295693189576359936,negative,0.06139047517585535
1295693189945397248,neutral,0.42398790842046286
1295693191279149057,negative,0.1153037211548654
1295693191350550534,negative,0.051006876849169186
1295693191577042945,neutral,0.38748957515851246
1295693191946080261,negative,0.23105349268460842
1295693192252227584,neutral,0.3392446208357608
1295693193355419653,negative,0.171710774568401
1295693193472880640,negative,0.017174881593094216
1295693193841868802,negative,0.046469346473162094
1295693194714382338,negative,0.016674209555223224
1295693196173946881,negative,0.051006876849169186
1295693197109272585,negative,0.029474526788880285
1295693197415456768,negative,0.016393079289107666
1295693199193681925,negative,0.11887281031159908
1295693199739170816,negative,0.017174881593094216
1295693202490642432,negative,0.025383154012361304
1295693204025741313,neutral,0.33804931607271116
1295693206278070274,negative,0.09116861264378451
1295693208710713345,negative,0.0023185423629550304
1295693209725808640,neutral,0.5673971260133672
1295693210191384582,negative,0.004631627283949271
1295693211227152384,positive,0.9472442468565652
1295693211688742912,positive,0.6792494575444393
1295693212007436290,negative,0.00010105005016432953
1295693217116061700,negative,8.927824018157378e-06
1295693217271341056,negative,0.06080062466503836
1295693218659663872,negative,0.006201192931730067
1295693219460718594,negative,0.06264410557268828
1295693220907831296,negative,0.11526384599213464
1295693221285298177,negative,0.014905447712904824
1295693223160160256,negative,0.30258417025922885
1295693224150028288,negative,0.0037831347396664787
1295693226612076545,neutral,0.3327887111056961
1295693233452986368,negative,7.20743345913928e-05
1295693233872416768,negative,3.0439707664671607e-05
1295693236804222976,negative,0.06318615365090959
1295693240147103744,negative,0.03957686157108606
1295693240725835777,negative,0.004346223592228677
1295693243124981762,negative,1.8174172655127428e-05
1295693243427033095,negative,6.0880798353042644e-05
1295693246421753858,negative,0.09009804582745631
1295693246971207680,negative,0.025151244995946932
1295693247625428992,negative,0.10403763131614979
1295693250184073219,negative,0.00979668392583278
1295693250934853632,negative,0.0009309096130113586
1295693251161268228,negative,0.17689191296336348
1295693252591521792,negative,8.927824018157378e-06
1295693255036854272,negative,0.06623623747198233
1295693255405965312,negative,0.004280114626471995
1295693257083514881,negative,0.007813320877544345
1295693258199269381,negative,8.927824018157378e-06
1295693262741807104,negative,0.051006876849169186
1295693262989275136,negative,5.315002505943193e-05
1295693265933668352,neutral,0.4991449545710481
1295693266105630721,negative,0.0017904607679381465
1295693270648082432,negative,9.49978680255034e-06
1295693272044777476,negative,0.0005003820658617559
1295693274041245697,negative,0.016393079289107666
1295693274406100992,negative,0.051006876849169186
1295693275303743488,negative,0.01325874942621394
1295693276427759618,negative,0.007461233439279354
1295693276570439681,negative,0.004346223592228677
1295693276729749509,negative,4.814579886112316e-05
1295693277593849856,negative,0.03957686157108606
1295693282207502336,negative,2.294768839264343e-05
1295693285533650946,positive,0.6634808066654354
1295693289048416257,negative,0.03329967069360357
1295693291770580992,negative,0.013987069436984672
1295693292802314240,negative,0.010640051287479033
1295693298292662277,negative,0.009999830043203784
1295693298456240128,neutral,0.5815287733030765
1295693299983036416,negative,0.22418380853995465
1295693300763111424,neutral,0.6005701271226023
1295693302700945409,negative,0.028232206404810306
1295693302847635458,negative,0.00043267043156444956
1295693303099412482,negative,0.0005207109971164184
1295693303829143552,negative,0.016393079289107666
1295693308023496704,negative,0.30531022540914704
1295693308451328000,negative,0.006100314913498225
1295693308954644482,negative,0.09604608166740844
1295693308967124992,neutral,0.3764818993197732
1295693309596381184,positive,0.9931197463134209
1295693309894172672,negative,0.0002362839713359226
1295693313366986752,negative,0.004346223592228677
1295693315313147904,negative,0.0005207109971164184
1295693315501940737,negative,0.12425477878701648
1295693316823154689,positive,0.6792494575444393
1295693317246799875,positive,0.9568809016349838
1295693319843061767,positive,0.6792494575444393
1295693324045754368,negative,0.24591360657746328
1295693325119508484,negative,0.00010105005016432953
1295693325371158529,negative,0.15814967988239612
1295693326222528514,negative,0.03957686157108606
1295693326298099712,negative,0.011501213529853274
1295693327422103560,neutral,0.43730152367818537
1295693330949591042,negative,4.169541059454128e-05
1295693333755559938,negative,0.014236697872426797
1295693337127792642,negative,0.009200262530411557
1295693340583825409,negative,0.00019531622822837471
1295693343909990401,negative,0.0005207109971164184
1295693344195125249,negative,0.04505628578148248
1295693352759894016,negative,0.24963339457830638
1295693355616210944,negative,0.01325874942621394
1295693356199219203,negative,8.048486612579072e-07
1295693356266389509,negative,0.1805827127761289
1295693357482745856,negative,0.13186919957289805
1295693357725945858,negative,0.007502812774993814
1295693359290494978,negative,0.05637237317617986
1295693363467792384,negative,0.0002676475954483508
1295693364256530432,positive,0.6792494575444393
1295693365816762370,negative,0.10526319886508102
1295693370384429057,negative,0.017174881593094216
1295693370510147585,positive,0.9118049193492904
1295693376080302082,negative,0.03127101923784089
1295693376273223681,negative,0.06318615365090959
1295693377401282560,negative,6.054642035645992e-05
1295693381209915392,negative,9.530994732429014e-15
1295693381465710592,negative,1.0897877118015637e-05
1295693382405296128,negative,0.018383685446471502
1295693383994953730,negative,0.014640049545214298
1295693386742214657,negative,1.8019459201729215e-05
1295693387669082119,negative,0.04669997777467555
1295693388449185798,negative,0.004084114521403623
1295693393348239360,positive,0.6792494575444393
1295693396493950976,negative,0.06318615365090959
1295693396858867715,positive,0.6634808066654354
1295693397555019778,negative,0.000932170685600768
1295693399773843457,negative,0.0002991866506728594
1295693402244296704,negative,2.5840930318075018e-05
1295693414911152129,negative,0.01325874942621394
1295693414974083073,neutral,0.49789225920557484
1295693415355621377,negative,4.169541059454128e-05
1295693415493931009,negative,0.00852227027618223
1295693416098144256,negative,0.00010105005016432953
1295693418237132800,negative,0.00010105005016432953
1295693419407446018,negative,0.016034754408762036
1295693421538168833,neutral,0.5564719649958574
1295693422108573697,negative,4.169541059454128e-05
1295693424235094017,neutral,0.3499352441185855
1295693425732444161,negative,0.010857793836175886
1295693425795358722,negative,0.03043218624417957
1295693425992503297,negative,0.00324728390130873
1295693426663587840,negative,0.0011128470305908323
1295693426814582787,negative,0.0005207109971164184
1295693427829624833,negative,0.04258011744510042
1295693429360427008,negative,0.11887281031159908
1295693430081884160,negative,0.017366087277804164
1295693434804744192,negative,0.008443710401535461
1295693436088012800,negative,0.016964151784983287
1295693437484912640,neutral,0.4274047939449264
1295693440123113472,negative,8.28672699190341e-05
1295693442769653760,negative,0.01325874942621394
1295693445475053568,negative,0.0018419888403277793
1295693447828058112,positive,0.6792494575444393
1295693448226443264,negative,0.028019836831790736
1295693449128292352,negative,0.01325874942621394
1295693451741270016,negative,5.251616550937828e-12
1295693451795877890,negative,4.814579886112316e-05
1295693458145935360,negative,0.004084114521403623
1295693459450474498,negative,0.011016856198323457
1295693460113162240,negative,0.03598274896717278
1295693462856138753,negative,4.5922762298768534e-05
1295693463162322949,neutral,0.5050774437300255
1295693464223522816,positive,0.8023475604602576
1295693465594949637,negative,0.0898214713822969
1295693468048805888,negative,0.14663503670783323
1295693468690513920,negative,0.008447687767362037
1295693469340639232,negative,0.007461233439279354
1295693470900813824,negative,0.06080062466503836
1295693471337119744,negative,0.10526319886508102
1295693472117198850,negative,8.746180137525105e-05
1295693472415059968,negative,0.01325874942621394
1295693473191002113,negative,0.0005207109971164184
1295693474273136641,neutral,0.45851904812744365
1295693474503651328,negative,0.3086454298057778
1295693476936523782,neutral,0.46714958109907184
1295693478933004288,negative,0.0005003820658617559
1295693479398572032,neutral,0.611269325661898
1295693485601959936,negative,0.0037088730045077936
1295693485656465409,negative,0.004346223592228677
1295693486285619203,negative,0.011358997892183077
1295693487816552448,positive,0.8021741354223496
1295693496725233666,negative,0.06264410557268828
1295693497736089602,negative,0.09852805101149044
1295693498067357696,positive,0.6970283355032609
1295693500244254721,negative,2.2856810358661113e-08
1295693502655934470,negative,0.0001223246795014566
1295693503507423232,negative,0.0009309096130113586
1295693503989776385,negative,0.0005207109971164184
1295693505709461504,negative,0.0005207109971164184
1295693505814134784,negative,0.07260560087791351
1295693506313359360,positive,0.9931197463134209
1295693507257081856,negative,0.10526319886508102
1295693509966561280,negative,0.08130734276091187
1295693513426898945,negative,0.15814967988239612
1295693513896669184,positive,0.9529434785066283
1295693514840387584,negative,0.0005570242814114879
1295693515645767681,negative,0.0015629092287634627
1295693517189251076,negative,0.00010105005016432953
1295693517419839490,negative,0.12402096227190856
1295693518485303296,negative,0.07574144661667324
1295693519416369152,negative,3.3698318988219702e-09
1295693524491546625,negative,0.12955607843764708
1295693527012249607,negative,0.06227944565466594
1295693527117111296,positive,0.9138717406454997
1295693535371571201,negative,0.07347714951871995
1295693535740657664,negative,2.6690794020304306e-12
1295693538408255488,negative,0.0005207109971164184
1295693538647212032,negative,0.045559000689931864
1295693543063920640,negative,6.0880798353042644e-05
1295693543764262913,negative,0.007461233439279354
1295693545156808704,negative,4.0029959741753476e-05
1295693546251526144,negative,0.051006876849169186
1295693546591313922,negative,0.04268449053750011
1295693555927846913,negative,0.05324658050293806
1295693556544225281,negative,0.00020771367439552014
1295693562185748480,negative,0.0893512776474914
1295693563964071937,negative,0.0006902764301036144
1295693564777771009,negative,0.10754688309738165
1295693568061865984,negative,0.09437416427174024
1295693568141533184,negative,0.3042846374134854
1295693570347761664,negative,0.004721990896012372
1295693571299844097,negative,0.00311164279770578
1295693574034554881,negative,0.036219400787242784
1295693575561326592,negative,0.00034325132712054304
1295693575838146560,negative,0.03184689485492144
1295693576425349120,negative,7.096655689965009e-05
1295693576446369792,negative,0.0005207109971164184
1295693581945049088,negative,0.004631627283949271
1295693583605854209,negative,0.14612279679763743
1295693585875173379,negative,0.0005003820658617559
1295693586491744262,negative,0.11887281031159908
1295693588756672512,negative,0.0037088730045077936
1295693594767040514,negative,0.01325874942621394
1295693594792275969,positive,0.9960074632693179
1295693595429818372,negative,0.00147549462053074
1295693595610161152,positive,0.9545246755824294
1295693595974959105,negative,0.00010105005016432953
1295693600924356609,positive,0.8438037279628701
1295693602685935616,negative,5.533777043564758e-06
1295693606666350594,negative,0.007350164552641147
1295693608054665216,negative,0.008443710401535461
1295693608113385472,neutral,0.4507454498615163
1295693611464634368,negative,0.051006876849169186
1295693612362211328,negative,0.1495602088423534
1295693615608594439,negative,4.5922762298768534e-05
1295693617634443265,negative,0.00023530437211488536
1295693618737545216,positive,0.988146327244435
1295693620545228800,negative,0.21241003757468702
1295693621237362689,negative,0.006100314913498225
1295693627843321860,negative,4.698327158632724e-06
1295693628459962370,negative,0.2968870623191667
1295693628585672706,neutral,0.5314742687834368
1295693628891893761,negative,0.3126794095424771
1295693629617569793,negative,0.15331241043057187
1295693629713940480,negative,0.058527571783466986
1295693630993305602,negative,0.03329967069360357
1295693631605608448,negative,0.08774973242270231
1295693633270751232,negative,0.0019279314568353733
1295693633472139264,negative,3.0439707664671607e-05
1295693637515345920,negative,0.0005207109971164184
1295693640954773504,negative,0.017734580445853527
1295693640988336130,negative,0.13449786664433144
1295693642359877632,positive,0.9833149891693774
1295693642858930176,negative,0.00432973159051788
1295693643412582400,negative,2.175438441715471e-05
1295693644255698944,positive,0.9330338879463771
1295693644721266689,negative,0.017158518068754312
1295693645635448832,negative,0.299013205241305
1295693646948376576,negative,0.002400010063402119
1295693651784409089,positive,0.7500900566620539
1295693652019359749,neutral,0.4412034357541848
1295693653109874688,negative,0.004626417854201934
1295693659178967040,negative,0.006100314913498225
1295693660496027648,negative,0.05713158164933959
1295693664778432514,negative,0.051006876849169186
1295693668402290689,negative,0.051006876849169186
1295693672055529472,negative,0.24591360657746328
1295693672931971073,negative,0.004920296194390141
1295693673305378816,negative,4.49545340219575e-05
1295693676610453505,positive,0.9931197463134209
1295693677294215169,negative,0.32402890580664073
1295693683845730310,negative,0.0493346698945295
1295693685175267328,positive,0.9330338879463771
1295693686148419584,negative,0.0005207109971164184
1295693686647521282,negative,0.0006685721193915053
1295693686811103232,negative,0.006100314913498225
1295693688497152000,positive,0.9973650369537395
1295693691139612674,negative,0.026712610815796057
1295693693110845440,negative,0.01187539733212953
1295693695841427457,neutral,0.330208506834397
1295693696566996992,negative,0.0005207109971164184
1295693698680918020,negative,0.15331241043057187
1295693701650546688,negative,0.005583492140154206
1295693701990293504,negative,0.0005207109971164184
1295693705085681664,negative,0.07574144661667324
1295693705341476864,negative,0.0009309096130113586
1295693708294328321,negative,0.2968870623191667
1295693708944384002,negative,0.07574144661667324
1295693712358604805,negative,0.07458021402745403
1295693715554656257,neutral,0.44149628943356667
1295693717949394945,negative,0.006201192931730067
1295693718947692546,neutral,0.40128274068850955
1295693722609496064,negative,0.013987069436984672
1295693724081692678,negative,0.01325874942621394
1295693724924682242,positive,0.6624419550526272
1295693725541240832,negative,0.015967487018331394
1295693735486017537,positive,0.9973650369537395
1295693735624347648,positive,0.720790058269022
1295693737520136192,negative,0.00024621912790476246
1295693738937929731,negative,0.051006876849169186
1295693743308365824,negative,0.03957686157108606
1295693744516235264,negative,0.1262356314098118
1295693746399514624,negative,0.051006876849169186
1295693748026974210,negative,0.03957686157108606
1295693748651864064,negative,0.2968870623191667
1295693751390789637,negative,0.008615296412856396
1295693756876959745,negative,0.05324658050293806
1295693760383328256,negative,0.004346223592228677
1295693763134849025,negative,0.00019531622822837471
1295693766586765312,negative,0.07458021402745403
1295693767413047297,negative,0.00010105005016432953
1295693767777742849,negative,0.07357502791639914
1295693770017603587,negative,0.04268449053750011
1295693772051931136,negative,0.0005207109971164184
1295693775004565506,negative,0.19558220656827022
1295693776103575552,negative,6.119932334678592e-05
1295693780398604288,negative,0.013408494035492515
1295693781552041984,negative,0.0005207109971164184
1295693784441851904,negative,0.03957686157108606
1295693787520536576,positive,0.8283669695865506
1295693788669779971,negative,0.3062692949725709
1295693789202391040,negative,0.0009309096130113586
1295693789684801538,negative,0.03957686157108606
1295693790280323077,negative,0.06924054420465577
1295693790951374848,negative,0.13449786664433144
1295693796601212930,negative,0.02237063414310737
1295693796689293313,negative,3.0439707664671607e-05
1295693799092637697,negative,0.00010105005016432953
1295693800451563525,negative,0.0002804388342578787
1295693802183839744,negative,0.04978476461218772
1295693802687135744,negative,0.03184689485492144
1295693802771030017,negative,0.0037088730045077936
1295693804402597888,negative,0.0005207109971164184
1295693805056917505,negative,0.017734580445853527
1295693808324182017,negative,6.426554733058263e-05
1295693814913327104,negative,0.00010105005016432953
1295693819061600256,positive,0.7774429463888818
1295693821204992001,positive,0.8436949891236042
1295693821364363264,negative,0.021868553885957487
1295693825516752896,positive,0.6792494575444393
1295693825764028417,negative,0.22571658443345985
1295693830939975680,negative,0.0009309096130113586
1295693833062277123,negative,0.08135719087995276
1295693840175828992,negative,0.2597042642474346
1295693840289009664,negative,0.013987069436984672
1295693840419115008,neutral,0.6250320137984826
1295693842876977152,negative,0.00023530437211488536
1295693851395526656,positive,0.6634808066654354
1295693852842631168,negative,0.004346223592228677
1295693854889455617,neutral,0.4985928500860049
1295693855237574657,negative,0.00045487044279627086
1295693856193810438,negative,0.0023185423629550304
1295693856667848705,negative,0.00010105005016432953
1295693858248916994,negative,0.06318615365090959
1295693864024576001,negative,8.927824018157378e-06
1295693865559756802,negative,0.06239793320719184
1295693867539402755,negative,0.21651339263655675
1295693874292232202,negative,0.15331241043057187
1295693879694561285,negative,0.016964151784983287
1295693885662887938,negative,5.221815786467118e-05
1295693887235858432,negative,0.0810518857623604
1295693888645193729,negative,7.900874868746993e-05
1295693892260700160,negative,0.001583189841867743
1295693898661142528,negative,0.0005207109971164184
1295693898686365697,negative,8.927824018157378e-06
1295693899428659203,negative,0.00027251872690673817
1295693903971131395,negative,0.006100314913498225
1295693905942458374,negative,7.900874868746993e-05
1295693906294779905,neutral,0.3417120804928576
1295693908807225349,negative,0.004280114626471995
1295693909910155266,neutral,0.4730912367325815
1295693912821174272,negative,0.004146831987388474
1295693914205229056,negative,0.0006028301178168253
1295693914712739844,negative,0.004342799245922514
1295693915291561985,negative,0.2597042642474346
1295693918672224259,negative,0.07542702147993081
1295693918949040128,negative,0.0005003820658617559
1295693920953917440,negative,6.582279642731557e-07
1295693923407532032,negative,0.0026826086613876655
1295693925265616896,negative,1.8019459201729215e-05
1295693929380110338,negative,0.187088706085254
1295693930034495489,negative,0.09401991143948679
1295693930680459265,negative,0.05637237317617986
1295693936560869382,negative,0.0033581640041986946
1295693940709089286,positive,0.8804305373721178
1295693951001862144,negative,0.051006876849169186
1295693953807921152,negative,0.0008613150788924949
1295693953983893504,negative,0.00023530437211488536
1295693954952896513,neutral,0.3403391890910929
1295693955649150985,neutral,0.49077241002739685
1295693956374765568,negative,0.004146831987388474
1295693956852994048,negative,4.169541059454128e-05
1295693960447430656,negative,0.0001482934713042492
1295693961567379458,negative,0.00658277768100618
1295693963446419457,negative,0.0002676475954483508
1295693966248157185,negative,0.0013822056243511047
1295693968378925059,negative,0.001583189841867743
1295693969234497538,negative,0.001583189841867743
1295693972078309377,negative,0.0006708149625670709
1295693973823131648,negative,4.5922762298768534e-05
1295693977279172608,negative,0.10479437209940852
1295693977581162497,negative,0.004342799245922514
1295693978575286274,negative,0.15424104435543873
1295693981599371265,negative,0.00010105005016432953
1295693983855915008,negative,0.03957686157108606
1295693985021927424,negative,4.5922762298768534e-05
1295693985151885313,negative,0.0005207109971164184
1295693992240263169,negative,0.08161158602374756
1295693994249330692,negative,0.019645759031374804
1295693994652041216,negative,0.0061330667515601
1295693994882670592,negative,0.004084114521403623
1295693996153602049,negative,0.0006009954541695357
1295693999966232586,negative,8.927824018157378e-06
1295694000079478786,positive,0.8904241196117874
1295694000943501313,negative,5.047491824042373e-05
1295694003808210944,neutral,0.5673971260133672
1295694004798070787,negative,0.00013555120578751933
1295694006563803137,negative,0.06202720846858734
1295694008400977921,negative,0.004346223592228677
1295694012356145153,negative,0.05324658050293806
1295694013257916417,negative,0.08161158602374756
1295694015019524097,negative,0.31359066856531265
1295694015258677249,negative,0.051006876849169186
1295694016147849217,negative,0.026712610815796057
1295694018744115201,negative,0.07155830069095835
1295694018848882689,negative,0.01325874942621394
1295694019847225346,negative,0.05324658050293806
1295694022053441536,negative,0.1981964822210415
1295694022778945536,negative,0.00432973159051788
1295694029947129857,negative,0.30647691423800943
1295694031490560001,negative,0.006201192931730067
1295694032572686336,negative,0.05324658050293806
1295694036712460289,negative,0.11887281031159908
1295694036821516289,negative,0.009984830281161582
1295694042307743744,positive,0.9833149891693774
1295694045356806144,neutral,0.41175201798458416
1295694048041345024,negative,0.004631627283949271
1295694049844908032,negative,0.051006876849169186
1295694050650206214,negative,0.004005970593066789
1295694052084658181,negative,9.49978680255034e-06
1295694055586889730,negative,0.0009205671044129259
1295694061165322240,negative,2.1649033703454824e-05
1295694062104842240,negative,0.004146831987388474
1295694064579481601,negative,0.008443710401535461
1295694064680079361,negative,0.0005905258004506972
1295694065602908160,negative,0.051006876849169186
1295694066257100800,negative,0.0054536081025761156
1295694067213520896,negative,0.11887281031159908
1295694068115296259,negative,0.3085965896048771
1295694068538892288,negative,0.0036932407919373035
1295694070304604165,negative,0.006180617711038626
1295694072095608832,negative,0.30531022540914704
1295694072397602816,negative,0.016393079289107666
1295694073945350145,negative,0.006100314913498225
1295694074486325248,negative,0.09747947548972918
1295694075157512193,positive,0.6792494575444393
1295694079192334336,negative,0.004346223592228677
1295694082011025415,negative,0.051006876849169186
1295694082317135872,negative,0.0009309096130113586
1295694083583815680,neutral,0.5136446707795853
1295694083852251136,positive,0.9998172880243945
1295694084523393025,negative,0.0005207109971164184
1295694085215461376,negative,0.024152130020127942
1295694088222670851,negative,0.0015629092287634627
1295694091313909768,positive,0.9973650369537395
1295694092660334592,negative,0.14849610888243478
1295694093893488640,negative,0.0005207109971164184
1295694095902478336,negative,0.026712610815796057
1295694096137322497,positive,0.9118049193492904
1295694099287281665,negative,0.004342799245922514
1295694099731959808,negative,0.12775632899510955
1295694101585825792,negative,0.051006876849169186
1295694101602537473,negative,0.016393079289107666
1295694103276068864,negative,0.2597042642474346
1295694104169512965,negative,0.04490497581770695
1295694106321199106,negative,0.06318615365090959
1295694108363759616,negative,0.03761773277025448
1295694118874644480,negative,0.004346223592228677
1295694122108571648,negative,0.005583492140154206
1295694122548854785,negative,0.00858669141042499
1295694122909671425,negative,6.61017865828404e-05
1295694124658700288,negative,0.015354616219361824
1295694126416039936,negative,0.0006420653646235958
1295694128177709056,negative,0.031393895097719345
1295694131956678659,neutral,0.33655133500602386
1295694133630251008,negative,0.014640049545214298
1295694134393569280,neutral,0.38771289788091756
1295694134712434696,positive,0.9973650369537395
1295694137824550917,negative,0.00010105005016432953
1295694141750468608,negative,0.051006876849169186
1295694149371531264,negative,0.0006420653646235958
1295694151623860225,neutral,0.4740134798084637
1295694151778996224,negative,0.01520039634523802
1295694153192529925,negative,0.17023887657047992
1295694156178903040,negative,1.8019459201729215e-05
1295694160129929218,positive,0.9999994888527254
1295694161799249925,negative,0.047772381381734674
1295694163216945157,negative,0.2597042642474346
1295694166152949761,negative,0.0037088730045077936
1295694167830601729,positive,0.8799143624527516
1295694168937893888,negative,0.0005003820658617559
1295694171144167424,negative,0.11598652435928548
1295694173337718784,negative,0.05324658050293806
1295694175070027776,negative,0.00731573362635095
1295694175858495492,negative,0.006201192931730067
1295694179595681792,negative,4.1141178238752663e-07
1295694180992286721,negative,0.0005207109971164184
1295694182024183808,neutral,0.48038420429752
1295694184964337668,negative,0.00020771367439552014
1295694188743405575,negative,6.0880798353042644e-05
1295694189976576002,negative,0.04527665282732278
1295694195995430915,negative,2.873863627977758e-07
1295694196964306949,neutral,0.4575574633417399
1295694199631892480,negative,0.04978476461218772
1295694199715749893,negative,0.01325874942621394
1295694199891939328,negative,0.004346223592228677
1295694201250750464,negative,0.0009309096130113586
1295694201347334147,negative,0.0009309096130113586
1295694203884888067,negative,0.03329967069360357
1295694204354560002,negative,0.17096146389946368
1295694204719570945,negative,0.15814967988239612
1295694208234397696,negative,0.1262356314098118
1295694209597542400,negative,0.04203372467201153
1295694212537520131,negative,0.001583189841867743
1295694214865420289,neutral,0.5118605533127536
1295694216446828545,positive,0.9999994888527254
1295694218288074754,negative,0.03957686157108606
1295694222469865473,negative,0.21021711587454064
1295694226181754880,negative,0.014162992454384139
1295694227075215360,negative,0.005105476252448527
1295694229864407040,negative,0.03557240674186846
1295694231575638016,neutral,0.4478889398505506
1295694232078999553,negative,0.00025355614570348064
1295694236055220229,negative,0.004342799245922514
1295694239637045250,negative,0.03329967069360357
1295694240475942912,negative,0.11699281319052396
1295694240786403330,negative,0.032346400374048005
1295694240912232448,negative,0.03184689485492144
1295694243579801611,negative,3.3698318988219702e-09
1295694244221345794,negative,0.00011706970378355754
1295694245211365379,negative,0.19391337486428933
1295694247857881088,negative,0.00024621912790476246
1295694249191768064,negative,0.026712610815796057
1295694249279848448,negative,0.0009309096130113586
1295694250320035840,neutral,0.5564719649958574
1295694250676494338,neutral,0.4332388422326355
1295694259287449601,negative,1.7977485178442721e-09
1295694262873595904,negative,0.04811903951899525
1295694265809612800,negative,0.028232206404810306
1295694266296143874,negative,0.004146831987388474
1295694268087009281,negative,0.0002676475954483508
1295694270582546432,negative,0.005438622061292542
1295694271857786880,negative,0.07574144661667324
1295694275640844290,negative,0.0005207109971164184
1295694277402595328,negative,0.0002676475954483508
1295694278451109889,negative,0.0004930985307503336
1295694279030046726,negative,0.004721990896012372
1295694279231365121,positive,0.6792494575444393
1295694279671775232,neutral,0.37740684444137357
1295694280485478403,negative,0.00027251872690673817
1295694282049957889,negative,0.05637237317617986
1295694288098131968,negative,9.424580995030787e-07
1295694288161054721,negative,0.09639245680447654
1295694289251504133,negative,0.0212324942196335
1295694293890412544,negative,0.00045487044279627086
1295694297887657986,negative,0.299013205241305
1295694298235772929,negative,0.06924054420465577
1295694298483232768,negative,8.048486612579072e-07
1295694302719377409,negative,0.11887281031159908
1295694305185730560,negative,0.131417371222323
1295694305890316289,negative,0.05324658050293806
1295694309157740544,negative,0.21021711587454064
1295694309963059200,negative,0.004084114521403623
1295694310743191554,negative,0.05637237317617986
1295694327549775873,positive,0.9999994888527254
1295694329441386497,positive,0.9999994888527254
1295694334684209154,negative,0.000746484809441845
1295694335477002240,negative,0.00011706970378355754
1295694336005480448,positive,0.6624419550526272
1295694336055812096,negative,0.07051582183482207
1295694338773712899,neutral,0.5673971260133672
1295694341168599041,negative,0.006915445711236483
1295694343693651969,positive,0.863814643834973
1295694345283280896,negative,0.017970796455310016
1295694345564233728,negative,0.03598274896717278
1295694346998751233,negative,0.004346223592228677
1295694351490625536,negative,0.007461233439279354
1295694351889203201,negative,0.1480389365607454
1295694353181093888,negative,0.005583492140154206
1295694353265037313,negative,0.0002725305551936254
1295694356322557952,negative,0.09528013541942278
1295694361192259584,negative,0.00011706970378355754
1295694364518293504,negative,0.013058853043038788
1295694364908412930,negative,0.0596022782808238
1295694367840034816,negative,0.00010105005016432953
1295694369446596608,negative,0.00018953436674931933
1295694371837313025,negative,0.031393895097719345
1295694373498355712,negative,0.007723769237115648
1295694374005809154,negative,0.03957686157108606
1295694374089551872,negative,0.00010105005016432953
1295694377830891522,neutral,0.6099473899642476
1295694378036592641,negative,0.0005207109971164184
1295694378955149312,negative,0.0008342711206689588
1295694380960030721,negative,0.008737640694890879
1295694381278810116,negative,0.3255532335324797
1295694383765958657,negative,0.01325874942621394
1295694386802470914,negative,0.004346223592228677
1295694388354523136,neutral,0.5673971260133672
1295694389138927618,negative,0.01960275923427289
1295694389583523840,positive,0.9948041820076556
1295694391919640576,negative,0.004346223592228677
1295694393631035392,negative,0.16654516546570913
1295694396332089346,negative,0.004229988542135572
1295694396860530688,positive,0.9986804808282069
1295694397393317888,negative,0.0005207109971164184
1295694400681541633,negative,0.007907492518993177
1295694400958406658,neutral,0.45304808936779223
1295694402011234304,negative,0.0050406580803434445
1295694405433778177,negative,0.009610757000980939
1295694405672882176,negative,3.0439707664671607e-05
1295694407996518401,negative,0.0001482934713042492
1295694409191759872,positive,0.7900375115026742
1295694411343462403,negative,0.033593822112337114
1295694411377016832,negative,0.0004930985307503336
1295694413239386112,negative,2.5244697460842974e-05
1295694413843378176,negative,0.017174881593094216
1295694414006890497,negative,0.0005207109971164184
1295694414048886786,positive,0.8023475604602576
1295694417458651136,negative,0.0001473202236910617
1295694417525956609,negative,0.0011382360564339917
1295694418083631105,negative,0.1678514969558148
1295694421476999168,neutral,0.34454538368933296
1295694422575898626,positive,0.9999994888527254
1295694424249425920,negative,0.03957686157108606
1295694425557958658,negative,3.9094797206945845e-06
1295694427600625666,negative,0.000983268113229962
1295694430289223680,positive,0.8438037279628701
1295694432516427777,negative,0.057254082056919973
1295694432549953538,negative,0.013550317088520898
1295694432554160131,neutral,0.6564541695231213
1295694432650629120,negative,0.00939958302141144
1295694432659017728,negative,0.08356609270484394
1295694432704978944,negative,0.0741477510520514
1295694432751280134,negative,0.1808482412859558
1295694432965136385,negative,0.17897843598741808
1295694433850142721,negative,0.0019818169123709756
1295694436345798657,positive,0.9999994888527254
1295694436534489089,negative,0.001143595028598612
1295694437985771520,negative,0.2597042642474346
1295694438438776834,negative,0.04978476461218772
1295694441035046914,negative,0.04505628578148248
1295694443178229767,negative,0.0002676624271692566
1295694444025585664,positive,0.9999994888527254
1295694447473090560,negative,0.0013822056243511047
1295694447586373632,negative,0.06941109438780661
1295694448475742208,negative,3.8289321851927216e-05
1295694450979725312,negative,0.03957686157108606
1295694451013226497,negative,0.00010105005016432953
1295694451785043968,positive,0.904138511872035
1295694452124798976,negative,6.0880798353042644e-05
1295694452510646272,neutral,0.5699837676600974
1295694453026557952,negative,0.005583492140154206
1295694454909796352,negative,0.005105476252448527
1295694457975771139,negative,0.24769262548571583
1295694458290417664,negative,0.0007750748805802907
1295694459804561409,neutral,0.3660802534628771
1295694460844736513,negative,0.04527665282732278
1295694462526554118,negative,0.005583492140154206
1295694462707007488,neutral,0.5812686412973945
1295694463289954305,negative,0.038995141652036554
1295694464376344577,positive,0.8023475604602576
1295694466624495617,negative,0.00023530437211488536
1295694467975057408,negative,0.0510407580913792
1295694468574846976,negative,0.0005320888898788379
1295694469514366976,negative,0.14663503670783323
1295694469988319233,negative,0.004033523303736708
1295694471217254400,negative,0.10575745813622417
1295694472215502850,negative,0.016393079289107666
1295694474606075904,negative,0.10572105888026466
1295694475264765952,negative,0.15278377500164908
1295694475956756480,negative,0.1808482412859558
1295694476804083713,negative,0.11887281031159908
1295694480595542017,negative,0.00010105005016432953
1295694483888181252,negative,0.019251955365517923
1295694486073475072,positive,0.9973650369537395
1295694486891384833,negative,0.00039260033879576304
1295694487059128320,negative,0.04274870898572828
1295694488510304264,positive,0.8941348699144863
1295694488871014400,neutral,0.5913545905229565
1295694489558945792,negative,0.00043704594907065903
1295694492327174144,neutral,0.5050774437300255
1295694498710855681,negative,0.04258011744510042
1295694500606742535,negative,0.05174342583998807
1295694500812267523,negative,0.004346223592228677
1295694502955556864,negative,0.23095778616400425
1295694504603852802,negative,0.07871903272170686
1295694506663305216,negative,0.016479784670435295
1295694508735303680,negative,0.1354452255024282
1295694511046381575,neutral,0.6023909594831941
1295694511188959232,positive,0.8023475604602576
1295694513802027008,negative,0.03957686157108606
1295694515622293505,negative,0.004631627283949271
1295694519346880512,negative,0.10336993343039566
1295694520085106688,positive,0.7447308862251805
1295694520571564032,negative,0.0012144458666461507
1295694521989238789,negative,0.03001219436296953
1295694523490881538,negative,0.007140640566602396
1295694526275878912,positive,0.6792494575444393
1295694533716586497,negative,0.042242737428898516
1295694537638260736,negative,0.04137605284192735
1295694538003152903,negative,0.07162066540347119
1295694541035577345,negative,4.495599945417633e-06
1295694542419746817,negative,0.008122850489839005
1295694543384444928,negative,0.0015830832955515991
1295694546349764610,negative,0.0037088730045077936
1295694548505591808,negative,0.004084114521403623
1295694549759778820,negative,0.0052926419093482025
1295694551143927808,neutral,0.3626477752508602
1295694551403892736,negative,0.21021711587454064
1295694554855768065,negative,1.0382234112676026e-05
1295694556437127169,negative,0.00011067629989272572
1295694557561196544,negative,0.00012901161969126377
1295694558655729664,negative,0.01325874942621394
1295694559712890881,positive,0.6792494575444393
1295694562216812544,negative,0.03184689485492144
1295694569787527168,negative,0.017174881593094216
1295694575378497537,negative,0.13186919957289805
1295694575605096454,neutral,0.4412034357541848
1295694576292974594,negative,0.0052926419093482025
1295694579111530496,negative,0.0005207109971164184
1295694580185272320,negative,0.017734580445853527
1295694581615464448,positive,0.9960074632693179
1295694584153100294,negative,0.051006876849169186
1295694584979296256,negative,0.016393079289107666
1295694589941227521,negative,0.02367898803049946
1295694590473797632,neutral,0.5870027293395403
1295694590532616192,neutral,0.4614648136660915
1295694590905810945,negative,0.004593184355443902
1295694591224496128,negative,7.900874868746993e-05
1295694591669284864,negative,0.004631627283949271
1295694593099550720,negative,0.05324658050293806
1295694593774825478,negative,0.0962285081166008
1295694599521030144,negative,0.00010105005016432953
1295694600896761858,negative,0.01325874942621394
1295694602289152000,negative,0.037169146813580495
1295694604386394112,neutral,0.4607716544033316
1295694606697365504,negative,0.15331241043057187
1295694607242723329,negative,0.0024937937618248005
1295694609054666753,negative,3.5074934000494655e-06
1295694611571236864,negative,0.0005207109971164184
1295694614482092033,negative,0.03001219436296953
1295694622858121217,negative,0.08575598553937062
1295694624070279174,negative,0.016479784670435295
1295694624506478592,negative,0.017861872542573768
1295694630877638656,negative,0.00432973159051788
1295694635092803589,negative,7.900874868746993e-05
1295694635688505345,negative,0.13449786664433144
1295694637055774721,negative,0.14998774495929412
1295694639173963776,negative,0.0005207109971164184
1295694642697195521,negative,0.004084114521403623
1295694644676833281,negative,0.25532699878966847
1295694645515694080,negative,0.006201192931730067
1295694650603429889,negative,0.008514990689875546
1295694651001909248,positive,0.7230090520313516
1295694652016857088,negative,0.05500454113490127
1295694653577023488,negative,0.00010105005016432953
1295694655611441152,negative,0.016479784670435295
1295694656907378690,positive,0.7486554075845797
1295694662355673088,negative,0.04978476461218772
1295694662796181508,negative,4.814579886112316e-05
1295694664356560896,negative,0.0962348084370183
1295694666155855873,negative,0.006201192931730067
1295694668940943364,negative,0.03127101923784089
1295694669624619009,negative,0.008832673167730024
1295694673604943872,negative,0.25123127397984907
1295694677073698816,negative,0.00432973159051788
1295694678373826560,negative,0.004346223592228677
1295694680949166083,negative,0.013054472707536402
1295694680957616129,negative,0.22217979330947316
1295694685177028614,negative,0.04268449053750011
1295694686259154949,neutral,0.46127768308170247
1295694690830909442,negative,3.0439707664671607e-05
1295694692122796034,negative,0.01325874942621394
1295694698443612160,negative,0.11468860129063574
1295694698913374209,negative,0.03957686157108606
1295694700440178694,negative,0.016964151784983287
1295694702205902850,negative,0.00010105005016432953
1295694703749406720,negative,0.016393079289107666
1295694704831606784,negative,0.27425012790115766
1295694705125187584,negative,0.0041696792247360726
1295694706391818241,negative,0.05637237317617986
1295694706890944518,negative,0.01325874942621394
1295694709936062464,negative,0.01325874942621394
1295694711307612160,positive,0.6974564459763901
1295694715778674690,neutral,0.3813540664132179
1295694719402606594,negative,0.15814967988239612
1295694721092923394,negative,0.03128057036812266
1295694722208595968,negative,0.04978476461218772
1295694722883883008,negative,0.2597042642474346
1295694727132647426,neutral,0.4332388422326355
1295694728936202241,negative,0.03395763312625065
1295694730374914049,neutral,0.4575574633417399
1295694734652997634,negative,0.08095474620657347
1295694736926412800,negative,0.06080062466503836
1295694739925274630,negative,0.001583189841867743
1295694741804396545,negative,0.00011706970378355754
1295694743075278848,negative,0.03957686157108606
1295694744161591298,negative,0.018199052326185933
1295694745369554944,negative,0.026712610815796057
1295694746409676802,negative,0.017890597979076387
1295694747093405696,positive,0.9494782762681133
1295694747474984968,negative,0.004084114521403623
1295694750499078146,negative,0.29647844649928845
1295694753464541185,negative,0.008015312106638238
1295694754668257281,positive,0.859093326996013
1295694754907410433,negative,3.0439707664671607e-05
1295694758518632449,negative,0.057254082056919973
1295694758996836353,negative,0.0001513010543284753
1295694760112513026,negative,0.051006876849169186
1295694764487200770,negative,0.17897843598741808
1295694764826865664,neutral,0.5118605533127536
1295694767263756288,negative,0.06227944565466594
1295694769759358976,negative,0.1336899589780028
1295694771349004293,negative,0.15814967988239612
1295694774524141569,negative,7.900874868746993e-05
1295694776029851649,negative,0.03957686157108606
1295694776411463681,negative,0.00432973159051788
1295694778148028416,negative,0.00010105005016432953
1295694780429668353,negative,0.03329967069360357
1295694781541167105,neutral,0.4434110417940897
1295694782266736640,negative,0.03483307538077289
1295694782552055815,negative,0.004020997316013414
1295694783583748101,negative,0.06318615365090959
1295694787895533569,negative,0.016393079289107666
1295694789053165577,negative,0.00021210195153011996
1295694789241962496,positive,0.9960074632693179
1295694791322357761,positive,0.6792494575444393
1295694792102420483,negative,0.0005003820658617559
1295694795319521280,neutral,0.39373332280730516
1295694795407609857,negative,0.03329967069360357
1295694797525536768,negative,0.00010105005016432953
1295694798041407490,negative,1.3172070075965035e-05
1295694798876282881,negative,0.0005207109971164184
1295694799765471232,negative,0.00019531622822837471
1295694800541437952,negative,0.004346223592228677
1295694801057325057,negative,0.1480389365607454
1295694801258635264,negative,0.01325874942621394
1295694802202308610,negative,0.014162992454384139
1295694803750080514,negative,0.051006876849169186
1295694808133050368,negative,0.21651339263655675
1295694808174997505,positive,0.999925232654859
1295694809873743874,negative,0.27425012790115766
1295694811236904961,neutral,0.41193474847754386
1295694812872613888,negative,0.21241003757468702
1295694819180781573,negative,0.1728240751676475
1295694819340087296,negative,0.1631879671044134
1295694819625439239,negative,0.05324658050293806
1295694820690731010,negative,0.08344377490750333
1295694821466791937,negative,0.002115846181567623
1295694821735071746,negative,0.15101102200237757
1295694826793574401,negative,1.4386062893563338e-07
1295694829112963074,neutral,0.5087664448549469
1295694830786486278,negative,4.901046805973468e-06
1295694833005334530,negative,0.0005207109971164184
1295694836796923906,negative,0.09707443863182369
1295694838093021186,positive,0.6786838886027308
1295694839464566784,negative,0.10403763131614979
1295694841473576961,negative,0.00010105005016432953
1295694844019580928,negative,0.13901655109535174
1295694844875231239,neutral,0.551077815994506
1295694845109968896,negative,0.1262356314098118
1295694845122674689,negative,0.051006876849169186
1295694845328207872,negative,0.00030444540412434274
1295694851556737024,negative,0.0005003820658617559
1295694851565133824,neutral,0.4614648136660915
1295694854752735232,negative,6.876024870083388e-05
1295694856526987265,negative,0.12696103736392927
1295694859571994624,negative,0.0009645445931260158
1295694862998818816,negative,0.1150546181279459
1295694863258787841,negative,0.00023530437211488536
1295694863363649537,negative,0.006038868002611049
1295694867868377088,negative,0.0005207109971164184
1295694868530987009,negative,3.790652267274124e-06
1295694873522319361,negative,0.03957686157108606
1295694875854278656,negative,6.736894268972308e-20
1295694875963293696,positive,0.9833149891693774
1295694877632663553,negative,0.001815960932074224
1295694883479576577,negative,0.0005207109971164184
1295694885945847808,neutral,0.4740134798084637
1295694886478503937,negative,0.005583492140154206
1295694887254458368,negative,0.0009624723597913061
1295694890156859392,negative,2.873863627977758e-07
1295694890941263878,negative,1.3778308214917325e-06
1295694892245684224,negative,0.05324658050293806
1295694892522508295,negative,0.03957686157108606
1295694894422528000,negative,0.029932077107346473
1295694897119461376,negative,3.0439707664671607e-05
1295694897786298369,negative,4.076064505897428e-06
1295694899149496322,negative,0.04268449053750011
1295694900785287169,negative,0.03957686157108606
1295694902358085632,positive,0.9960074632693179
1295694903331164161,negative,0.004346223592228677
1295694903809323008,negative,0.06227944565466594
1295694904929247234,negative,0.016479784670435295
1295694905675841538,negative,0.0005207109971164184
1295694905893892097,negative,0.0002940610510143099
1295694906355318787,negative,0.0005207109971164184
1295694907114430464,negative,0.0011434932295396399
1295694912080535552,negative,0.0007787964342113387
1295694912776744960,negative,0.1808482412859558
1295694914781667329,negative,0.0015629092287634627
1295694917730172932,negative,0.004342799245922514
1295694921131794432,negative,0.06318615365090959
1295694922046152704,negative,0.017412105792106496
1295694923551911937,negative,0.06227944565466594
1295694924067856384,negative,0.023375664249609268
1295694929419739136,negative,0.15331241043057187
1295694932804608000,negative,0.28241190182802434
1295694932850728962,negative,0.03598274896717278
1295694933047812096,neutral,0.38771289788091756
1295694933077172226,negative,0.00011706970378355754
1295694935417552898,negative,0.01325874942621394
1295694935912517632,negative,0.05963214018808648
1295694936059203592,negative,2.8829759691030245e-05
1295694937640534020,negative,0.004346223592228677
1295694938538156032,negative,0.060879400970169514
1295694941587484672,negative,8.17894349172368e-07
1295694941675491334,negative,0.16356022819751603
1295694945010044928,negative,0.20637741904472007
1295694946738077696,negative,0.15331241043057187
1295694947526615041,negative,0.08095474620657347
1295694948579319808,positive,0.9877003275848012
1295694948898144256,negative,0.0020740548300591803
1295694951557341184,negative,0.13449786664433144
1295694952312315910,negative,0.15331241043057187
1295694952823955456,positive,0.6792494575444393
1295694955655172096,negative,0.13449786664433144
1295694956292710401,negative,0.19662962663108208
1295694958117163008,negative,2.2929190085160591e-07
1295694958561841152,negative,0.20039568222665155
1295694960461832192,negative,0.017174881593094216
1295694965813714945,negative,0.0005207109971164184
1295694966325424129,neutral,0.4740134798084637
1295694969471209473,negative,0.01934710979194813
1295694970050019328,negative,0.0005905258004506972
1295694970440028162,negative,9.49978680255034e-06
1295694975531966465,negative,0.20550218165383943
1295694977826271232,negative,0.05237361032820424
1295694980376219648,negative,0.00011706970378355754
1295694981534027778,negative,0.012814756564749712
1295694982280601600,positive,0.6792494575444393
1295694983614337024,negative,0.0005003820658617559
1295694985082404864,negative,0.008443710401535461
1295694985719947266,negative,0.1147983681217298
1295694987666034689,negative,0.21651339263655675
1295694987678691329,negative,0.02367865651795017
1295694993995239424,negative,0.01721911225374875
1295694994477654016,negative,0.05129525726450566
1295694994737639425,negative,0.019668421448735866
1295694999854755841,negative,0.21651339263655675
1295695000718790657,negative,0.18119979279192724
1295695001016586244,negative,0.01325874942621394
1295695002169991174,negative,0.06318615365090959
1295695010172739584,negative,0.03957686157108606
1295695012336939015,negative,0.27425012790115766
1295695013746216966,negative,0.051006876849169186
1295695023372144640,negative,0.028387754637568395
1295695026773794821,negative,0.0005003820658617559
1295695027751059456,negative,0.1262356314098118
1295695028564754432,negative,0.004229988542135572
1295695029181321216,negative,4.347247307212461e-08
1295696494956249099,negative,0.06227944565466594
1295696496109719553,negative,0.004631627283949271
1295696501243551745,negative,0.00011427797378912559
1295696501784666112,negative,0.07162066540347119
1295696503873449986,negative,0.024480773107790368
1295696504984932355,negative,0.0659667216204169
1295696505232334848,negative,0.051006876849169186
1295696506067079168,positive,0.879045798667481
1295696507577016322,negative,0.016964151784983287
1295696508105490434,negative,0.28834416450020467
1295696508415705088,negative,3.261011371578806e-06
1295696508646563841,negative,0.004346223592228677
1295696509976051715,negative,0.016393079289107666
1295696510261366786,positive,0.831650297189053
1295696510366240770,positive,0.6786838886027308
1295696515256721408,negative,0.008443710401535461
1295696515361648640,negative,8.927824018157378e-06
1295696518360576000,negative,3.13606594226469e-05
1295696524312293378,negative,0.24591360657746328
1295696525713117184,negative,0.07051582183482207
1295696525780307968,negative,0.1808482412859558
1295696526690390017,negative,0.11141432215134044
1295696530146557953,negative,0.00010105005016432953
1295696530981232640,positive,0.6792494575444393
1295696534743453698,negative,0.028232206404810306
1295696535913730049,positive,0.8904241196117874
1295696539881529346,negative,0.1080314881033488
1295696541991284741,neutral,0.5149132317335908
1295696543593398272,negative,0.05324658050293806
1295696544109408259,negative,0.0001482934713042492
1295696546684641280,neutral,0.4575574633417399
1295696546911199232,positive,0.9565152504663487
1295696548106559488,neutral,0.3567596259843145
1295696548693770240,negative,0.0005207109971164184
1295696550652305408,negative,0.1080314881033488
1295696551013163009,negative,0.00010105005016432953
1295696551160025088,neutral,0.5118605533127536
1295696556075683846,negative,0.004631627283949271
1295696556138442754,neutral,0.4740134798084637
1295696557958991872,negative,0.029932077107346473
1295696558307061761,negative,0.14663503670783323
1295696559783309312,negative,0.00010105005016432953
1295696559888306176,negative,5.655271907293968e-06
1295696560446156800,negative,0.0006579395315122602
1295696566607663104,negative,8.364107136114707e-05
1295696566691430401,negative,0.005618293847443026
1295696568079671296,negative,6.0880798353042644e-05
1295696571103940610,negative,0.0009214081837085659
1295696574648135680,negative,0.0021360075888314212
1295696576455876609,negative,0.15317405554575128
1295696577982533632,negative,3.589265219575501e-06
1295696578871779330,negative,0.0007750748805802907
1295696580629192704,negative,4.147120890928156e-05
1295696582357200896,negative,0.03957686157108606
1295696584076939264,negative,0.00045043075667246696
1295696584081113095,negative,0.14150261258471838
1295696584211079168,positive,0.6624419550526272
1295696585037418496,positive,0.9998639034999872
1295696585913819137,positive,0.8739147088639977
1295696586534723589,negative,0.1336690851601187
1295696587784626178,negative,0.1336690851601187
1295696589936263169,negative,0.01325874942621394
1295696590829576193,positive,0.8980829479366119
1295696593958600704,negative,0.0001482934713042492
1295696596982800385,negative,0.28114818517277385
1295696610400391170,negative,0.0005803789980735407
1295696613411893248,negative,0.0016070043655946435
1295696614573649925,negative,0.017174881593094216
1295696619367735296,negative,0.31359066856531265
1295696621594910724,negative,0.03957686157108606
1295696622211469312,negative,0.0030070470523664906
1295696622228144128,negative,0.11713079422661642
1295696622559559680,negative,0.01661503369708779
1295696622890909696,negative,0.014831435678587654
1295696630440763395,negative,0.3266123976931018
1295696631468351488,negative,0.040888868787943074
1295696632391110656,negative,0.001268955107455683
1295696635671064578,negative,0.004084114521403623
1295696637277413376,negative,0.042242737428898516
1295696637839409153,negative,0.05003217778524483
1295696645741588480,positive,0.9557024474351281
1295696646643290112,negative,0.0005207109971164184
1295696651210887169,negative,9.702682992911723e-05
1295696655476559882,negative,0.017174881593094216
1295696656860688389,negative,0.0769833895051728
1295696657401749504,neutral,0.44515666723971453
1295696658278359040,negative,0.07387917408818065
1295696660631293952,negative,0.003650499542029309
1295696661876965376,negative,0.06988429029043594
1295696662627856389,neutral,0.4291992031111039
1295696663252697089,negative,0.017174881593094216
1295696665731620870,negative,0.11325690716020959
1295696679660912640,negative,0.0659667216204169
1295696680029958145,negative,0.06227944565466594
1295696681191825409,negative,0.0015279979606158424
1295696681741299712,neutral,0.5781374782041273
1295696682685026306,negative,0.0009309096130113586
1295696683737677825,negative,0.012236083427738314
1295696684077527046,negative,1.5354659965041457e-05
1295696684475912192,negative,0.05324658050293806
1295696688569622533,negative,0.01000674705826472
1295696689286848512,negative,0.15331241043057187
1295696690515775490,positive,0.9999124344416247
1295696690738069506,negative,0.014680187541276389
1295696692474454016,negative,0.004084114521403623
1295696694194188293,neutral,0.3519088509504407
1295696698845597696,positive,0.6634808066654354
1295696701102206978,negative,0.15317405554575128
1295696702574297088,negative,0.1404598041233996
1295696703438434304,negative,0.00029053726915828746
1295696704566710273,neutral,0.3331649605206095
1295696706470907904,negative,0.05324658050293806
1295696707448184836,negative,0.05774420246377149
1295696708144369665,negative,0.015539614345574314
1295696709482315776,negative,0.0030070470523664906
1295696709583097857,negative,0.016393079289107666
1295696712850386946,negative,4.169541059454128e-05
1295696715844947968,negative,0.0005705267075494926
1295696716101017602,negative,1.388586403682844e-09
1295696716986028032,negative,0.058527571783466986
1295696717346680833,positive,0.991062129177019
1295696720320397313,negative,0.00010105005016432953
1295696720664428544,positive,0.9323470820788472
1295696723298463745,negative,0.016479784670435295
1295696724032454656,negative,0.004346223592228677
1295696726641213441,negative,0.0019818169123709756
1295696726674649089,negative,0.00010105005016432953
1295696730533646337,negative,0.025257929958267193
1295696731234013185,negative,0.1808482412859558
1295696733851324419,negative,0.15183065614925254
1295696734929195009,negative,3.840041363993878e-08
1295696735604547584,neutral,0.629788524132007
1295696737940779009,negative,0.21610826664864163
1295696740952297473,negative,0.0001482934713042492
1295696741862461440,negative,0.058527571783466986
1295696744701923333,negative,0.0022603806903117025
1295696746048303104,negative,4.749338566166752e-05
1295696747780542470,positive,0.9350529932984578
1295696750511104000,negative,0.0005207109971164184
1295696751177936899,negative,3.13606594226469e-05
1295696755036741633,negative,0.010136859770313087
1295696755451985923,negative,0.005583492140154206
1295696759629414400,positive,0.9583410813028536
1295696762187976710,negative,0.028123939632754513
1295696763123269632,negative,0.012107502224219689
1295696763517624320,negative,0.001507994898302021
1295696765342101505,negative,0.023375664249609268
1295696765354758147,positive,0.8023475604602576
1295696767414042625,negative,0.03957686157108606
1295696769586782209,negative,0.0005207109971164184
1295696770870255616,negative,0.014680187541276389
1295696774347333632,negative,0.04137605284192735
1295696777840955393,negative,0.25319671074400807
1295696779002941445,negative,0.0005207109971164184
1295696779007201285,negative,0.1624822564138482
1295696779208527873,negative,0.05324658050293806
1295696779476901888,negative,0.05324658050293806
1295696781465051136,negative,0.00010105005016432953
1295696782803050496,neutral,0.35536642448877886
1295696783214022656,negative,0.0014409105154055998
1295696783998410758,negative,0.017174881593094216
1295696784690479104,negative,1.2573228593675386e-05
1295696785999048706,negative,0.03957686157108606
1295696787681038338,negative,3.0439707664671607e-05
1295696788612153344,negative,3.13606594226469e-05
1295696789459410944,negative,3.0439707664671607e-05
1295696792529571840,negative,0.0005207109971164184
1295696796036083713,negative,0.02367865651795017
1295696796623265792,negative,0.05774420246377149
1295696797856391169,negative,0.051006876849169186
1295696801266376706,negative,0.13872550801969175
1295696801333379075,negative,0.1821364550976095
1295696801983418368,positive,0.9960925760645892
1295696802994413579,negative,0.0005207109971164184
1295696804714033154,negative,0.051006876849169186
1295696805267636224,negative,0.00011706970378355754
1295696806517628930,negative,0.1457931913862442
1295696807943712770,positive,0.875362035095293
1295696810569277440,negative,7.272814692476181e-06
1295696812049862657,neutral,0.4814216422911448
1295696813555625986,negative,0.001731147860242722
1295696819398287360,positive,0.7486554075845797
1295696822405562368,positive,0.7486554075845797
1295696822892138496,negative,0.016393079289107666
1295696825652060163,negative,0.05324658050293806
1295696828676165638,negative,0.11869482520189704
1295696832299823104,negative,0.00010105005016432953
1295696836699852801,negative,0.13449786664433144
1295696837677060097,negative,0.0030742501701317274
1295696841292615680,negative,0.003952111195386317
1295696841636544513,negative,0.07387917408818065
1295696842320224256,negative,4.814579886112316e-05
1295696844849319936,negative,0.0015279979606158424
1295696845793001474,negative,0.025734879620538165
1295696847382761472,negative,0.005583492140154206
1295696851748913152,negative,0.11887281031159908
1295696852692733952,neutral,0.3519088509504407
1295696857407148035,negative,0.05183654559000022
1295696858417901570,negative,4.169541059454128e-05
1295696858950651905,positive,0.9849064905966559
1295696859009359872,negative,3.0439707664671607e-05
1295696859449655297,negative,0.012107502224219689
1295696860267646976,negative,0.08260092612623576
1295696861500706816,negative,0.053089773588044696
1295696862406537216,negative,0.02037894889807071
1295696864424136704,negative,0.00010105005016432953
1295696865854402565,negative,2.2707405771596792e-05
1295696867980910594,negative,0.058527571783466986
1295696873139908608,negative,0.00011706970378355754
1295696873546608640,positive,0.8317249088473047
1295696873890689025,negative,0.05324658050293806
1295696877262905346,negative,0.008251585388142984
1295696878022144001,positive,0.6634808066654354
1295696878290505733,neutral,0.4740134798084637
1295696878957481990,negative,0.01325874942621394
1295696884665851906,negative,0.28834416450020467
1295696885395660800,negative,0.06394581802959366
1295696885399904256,negative,0.006100314913498225
1295696886091792390,negative,0.007701554906241651
1295696887052460037,negative,2.028777579217194e-06
1295696888675672064,negative,0.03477891491735291
1295696888679866369,negative,0.00327112189937471
1295696888834990080,negative,0.07395783118461632
1295696893058703360,negative,0.006915445711236483
1295696895655006214,negative,0.20821467350639583
1295696895734579201,negative,0.03527439191576069
1295696900432244737,negative,0.0005207109971164184
1295696907709419524,negative,0.1080314881033488
1295696909676445696,negative,0.07773244850287866
1295696910028865539,negative,0.00027251872690673817
1295696911823966208,negative,0.004631627283949271
1295696916009963520,negative,0.18188830462275835
1295696916211044352,negative,0.01520039634523802
1295696917767303168,negative,0.0659667216204169
1295696918471901185,negative,0.14642325433029185
1295696919692554240,negative,0.14028859062183738
1295696922007699458,negative,0.11093106529178222
1295696923890982912,negative,0.009708107541823597
1295696930790670337,negative,0.058527571783466986
1295696935698018304,negative,5.154371811465112e-06
1295696936561979393,positive,0.8857603644735851
1295696937195364352,negative,0.04274870898572828
1295696937740652544,negative,7.616004026250374e-05
1295696939061858304,negative,0.0005207109971164184
1295696939741253634,negative,0.00011577523797769195
1295696941825904640,negative,0.0014829224691846822
1295696942014529537,negative,0.00347901285492786
1295696946028519424,positive,0.9812606377004303
1295696946527698944,negative,0.11644894312212112
1295696948750622720,negative,0.017174881593094216
1295696949170012162,negative,0.31336242185112667
1295696949228732417,negative,1.1734224476871854e-06
1295696949283176448,negative,0.00032650680318876204
1295696949488705538,negative,0.10354240299286552
1295696949836804096,neutral,0.48072119828510484
1295696950877184002,negative,0.06318615365090959
1295696954870071296,negative,0.058527571783466986
1295696954899550211,negative,0.001582111341113122
1295696955356712963,negative,0.002077586084755773
1295696961639768068,negative,0.0005207109971164184
1295696963510435841,negative,1.2861574313822617e-05
1295696963573342210,negative,0.002181227082957553
1295696964403761152,negative,0.0068741575062516245
1295696964517072901,negative,0.014640049545214298
1295696966131867650,negative,6.088535754055398e-05
1295696966744039424,negative,0.14150261258471838
1295696980124082176,negative,7.080362621707969e-06
1295696983471075328,negative,0.031393895097719345
1295696984561639425,negative,0.058527571783466986
1295696988466491392,negative,0.02367865651795017
1295696991209623554,neutral,0.49789225920557484
1295696992010674176,negative,0.07574144661667324
1295696993176690689,negative,0.051006876849169186
1295696993277419521,negative,0.004346223592228677
1295696994380288000,negative,7.900874868746993e-05
1295696997106819079,negative,0.00010105005016432953
1295697001049403398,negative,0.006100314913498225
1295697001812824067,positive,0.8023475604602576
1295697006548189185,negative,0.06318615365090959
1295697007361904640,negative,0.0002676475954483508
1295697010339778560,negative,0.02367865651795017
1295697011262525441,negative,0.023375664249609268
1295697012994772992,positive,0.8739147088639977
1295697016429961223,negative,8.406386431606291e-08
1295697016492904450,positive,0.6792494575444393
1295697017734410240,neutral,0.4177150103521846
1295697017986060289,negative,0.002402613566181369
1295697018753626114,negative,0.06851745602725533
1295697020376752129,negative,0.03957686157108606
1295697021056294914,negative,0.00022420243675677732
1295697021135921152,positive,0.999658444393289
1295697024243900425,neutral,0.40563738538026817
1295697024247971840,negative,0.00010105005016432953
1295697026378878976,negative,0.1059060321435776
1295697028513751040,negative,0.004631627283949271
1295697031269437440,negative,0.28834416450020467
1295697031898574849,negative,0.007851543549751063
1295697032020209665,neutral,0.396678307022593
1295697032129261569,negative,0.14849610888243478
1295697037216931849,negative,0.17272995424043855
1295697039465086976,positive,0.8011388974278848
1295697039712571393,negative,0.007154047846534516
1295697040211693569,negative,0.01325874942621394
1295697046339497984,negative,0.030645485316294407
1295697046641315840,negative,2.420978815209308e-08
1295697046712852480,negative,0.00019730025518830796
1295697052878483456,negative,0.0793004912566736
1295697061120290817,negative,0.0002725305551936254
1295697062173061120,negative,0.01021730787635008
1295697063968202753,negative,0.006201192931730067
1295697067323600896,negative,0.01325874942621394
1295697068783218688,neutral,0.5118605533127536
1295697074596519936,neutral,0.47520803039431037
1295697078530777090,negative,0.006993310642513334
1295697082695798784,negative,0.014162992454384139
1295697084344160256,negative,0.058527571783466986
1295697085002657793,negative,0.03329967069360357
1295697087066185728,negative,0.00023047083285471104
1295697088077078528,negative,0.008615296412856396
1295697088353886209,negative,0.00010105005016432953
1295697094091649026,negative,0.012635600115458955
1295697097350578178,negative,0.13525490667202433
1295697098273415169,negative,0.0026859905871418404
1295697103365251073,negative,0.06318615365090959
1295697104057270277,negative,0.08607640500967878
1295697105084911620,negative,0.06131137282633007
1295697108532695040,neutral,0.5118605533127536
1295697109317029888,negative,0.0018663903236924395
1295697110831108096,negative,0.024152130020127942
1295697111564967937,negative,0.06248913718489207
1295697113171533824,positive,0.9999913560971392
1295697113641299968,negative,0.03001219436296953
1295697114543132672,negative,0.2920458978982144
1295697120532586497,negative,0.03957686157108606
1295697124483620864,negative,0.023064874833902654
1295697125213380609,negative,0.2426199675183989
1295697127146950662,negative,0.24081627254952076
1295697130250797058,negative,4.814579886112316e-05
1295697130565390336,negative,0.06377054157198513
1295697133434273792,negative,0.006675367160252005
1295697134013030401,negative,0.004346223592228677
1295697136085065729,negative,0.05774420246377149
1295697143236382720,negative,0.012107502224219689
1295697143676768256,negative,0.0003136892478963506
1295697146323382272,neutral,0.5118605533127536
1295697148730904576,negative,0.028349687854266756
1295697149666222080,negative,0.010089105571150645
1295697154300956678,negative,0.1631863198309694
1295697155605303298,negative,0.00010105005016432953
1295697155966066688,negative,9.715776437015816e-07
1295697156700020737,negative,0.017174881593094216
1295697157962575872,negative,0.04019457655793549
1295697160487546880,negative,0.09434012812870322
1295697160810504193,negative,0.2645094566977108
1295697163415162880,negative,0.0015279979606158424
1295697165357023232,negative,0.28834416450020467
1295697165608800256,negative,0.03957686157108606
1295697166791475206,negative,0.03879285512807114
1295697168410476544,negative,0.034454747414299706
1295697170625159169,negative,0.039980667243821606
1295697171623403520,negative,0.03923264596525096
1295697172671987714,neutral,0.5614152023143125
1295697173066194944,negative,0.0037088730045077936
1295697178355216385,negative,0.05324658050293806
1295697178363600896,negative,0.0005003820658617559
1295697179445788672,negative,0.00014704185888429552
1295697182624972800,negative,0.007124396210423041
1295697183715594241,negative,0.03477891491735291
1295697187322712066,negative,0.0287826708099417
1295697187603714048,negative,0.04137605284192735
1295697188304105472,positive,0.8055046390279716
1295697195048603652,negative,0.03218774656513438
1295697196751499264,negative,0.012107502224219689
1295697197498019841,negative,0.005583492140154206
1295697197753864192,negative,0.0007609252713222884
1295697199683305472,negative,0.03957686157108606
1295697199930716163,negative,0.06227944565466594
1295697206339567617,positive,0.8997246519229046
1295697206876536833,negative,0.21021711587454064
1295697209489592320,neutral,0.4651066092464331
1295697209934192640,negative,1.0404796049284156e-05
1295697210198372352,negative,0.06902206976821215
1295697211917991937,negative,0.004631627283949271
1295697213956468738,negative,0.028195200388921312
1295697216053473282,neutral,0.608451036139416
1295697217160990722,negative,0.054822153596434636
1295697218519928832,negative,0.0030070470523664906
1295697219690074113,negative,0.001206291773054535
1295697221720178688,negative,0.25532699878966847
1295697223150440449,negative,0.051006876849169186
1295697224345817090,negative,0.055657370910052024
1295697225528442880,negative,5.096233828403365e-05
1295697225679609856,neutral,0.5673971260133672
1295697227114074115,negative,0.15317405554575128
1295697227805945858,neutral,0.3403391890910929
1295697232130453504,negative,0.03957686157108606
1295697232658931713,negative,0.0005207109971164184
1295697232826642432,negative,0.1080314881033488
1295697233376169984,negative,0.2426199675183989
1295697235150282762,negative,0.03957686157108606
1295697235322208256,negative,0.00010105005016432953
1295697239596302343,negative,0.010089105571150645
1295697244910268418,negative,0.058527571783466986
1295697245036335105,neutral,0.37385987128375847
1295697248639234050,neutral,0.5733388204720533
1295697254226038784,negative,0.08161158602374756
1295697254708281345,negative,0.03957686157108606
1295697255295524864,neutral,0.38771289788091756
1295697257002684418,neutral,0.4412034357541848
1295697259905114112,negative,0.01190690741240942
1295697265223438338,negative,0.03957686157108606
1295697265600999427,negative,0.0009309096130113586
1295697267287117824,negative,0.1404598041233996
1295697268054597633,negative,0.05324658050293806
1295697269820456960,negative,0.09604608166740844
1295697271061991426,negative,0.058527571783466986
1295697271074500614,negative,0.15814241701701626
1295697272865423361,negative,0.03957686157108606
1295697274861912064,negative,0.058527571783466986
1295697276556333057,negative,0.00010105005016432953
1295697277139521537,negative,0.1758366948485248
1295697277605076992,neutral,0.4412034357541848
1295697279643537413,negative,3.940279234833951e-08
1295697280121606145,negative,0.03700175107257115
1295697280310431745,negative,0.03957686157108606
1295697280536846337,negative,0.00034325132712054304
1295697285540646919,negative,0.06377054157198513
1295697286761189376,negative,5.047491824042373e-05
1295697289512660998,negative,5.5432156996232375e-14
1295697294965211139,negative,0.15317405554575128
1295697295795683329,negative,0.045386486328793774
1295697296869535744,negative,0.13776726567992748
1295697301109956608,negative,1.2278549695649495e-10
1295697301176975360,neutral,0.4575574633417399
1295697302452080641,negative,0.004593184355443902
1295697302510800898,neutral,0.33349159758603203
1295697308970094598,negative,0.00012785600370673214
1295697309049729024,negative,0.002224133155463178
1295697310186442753,negative,0.011857658462982208
1295697311167918081,negative,2.7940686167154485e-07
1295697317413224448,negative,0.008988546687532102
1295697319208394752,negative,0.051006876849169186
1295697321498419200,negative,0.06318615365090959
1295697322496724997,negative,0.017174881593094216
1295697324317048832,negative,0.00023530437211488536
1295697324816183296,negative,0.0022278677470928005
1295697326007361536,negative,0.09604608166740844
1295697326753959936,neutral,0.4158427461454882
1295697328398110724,negative,0.0005207109971164184
1295697329568256001,negative,6.0880798353042644e-05
1295697330411384832,negative,0.003327808199691714
1295697331308974080,negative,9.844110545864803e-06
1295697333267636227,negative,0.058527571783466986
1295697333796196353,positive,0.9973650369537395
1295697335209558016,negative,0.008588636918510046
1295697339244523526,negative,0.0016070043655946435
1295697341001789442,negative,0.00010105005016432953
1295697342293671936,negative,0.00010105005016432953
1295697346802733056,positive,0.7199654687295113
1295697348497203200,negative,0.006100314913498225
1295697348690051075,neutral,0.5565984461747681
1295697351412256768,negative,0.007461233439279354
1295697351580024833,negative,0.0005207109971164184
1295697353006030848,neutral,0.5495922250151081
1295697353723318272,negative,0.0030339349338909362
1295697353954013186,negative,0.016479784670435295
1295697354780270592,negative,0.015114988563143843
1295697355187027969,negative,0.03218774656513438
1295697357619765255,negative,0.0005207109971164184
1295697358865539073,negative,0.11629162664324498
1295697361767997441,positive,0.9939877319874237
1295697361885376515,negative,0.006100314913498225
1295697366373347328,negative,0.012465609988913601
1295697366658486272,positive,0.9512361468256038
1295697366775865345,negative,0.058527571783466986
1295697367367405568,negative,0.11739975053020729
1295697368562700288,negative,0.058527571783466986
1295697372312477697,negative,0.0009645445931260158
1295697372593487872,negative,0.01325874942621394
1295697375353159680,positive,0.9973650369537395
1295697378234818560,negative,0.016393079289107666
1295697379706855426,negative,0.1262356314098118
1295697382349447169,negative,0.01325874942621394
1295697383850901506,negative,0.016393079289107666
1295697385289650176,neutral,0.5603415668882513
1295697385625137152,negative,0.1212211082670757
1295697391136518149,positive,0.8684047921792646
1295697392117981184,negative,0.21294860233798724
1295697392713572353,negative,0.00010105005016432953
1295697393992826881,negative,0.023375664249609268
1295697395884359682,negative,0.019112482686156413
1295697398254178315,negative,0.28834416450020467
1295697400045146112,positive,0.9973650369537395
1295697401878056960,negative,0.09841608613610829
1295697403501215744,negative,0.1080314881033488
1295697405250351110,negative,6.083497777558611e-07
1295697405292290048,negative,0.01115694294570261
1295697406055653376,negative,0.22382289530178512
1295697407167135746,negative,0.058527571783466986
1295697410216398848,positive,0.9960074632693179
1295697411185283072,positive,0.7199654687295113
1295697415903772672,negative,0.03329967069360357
1295697417908760578,negative,0.1533235426053813
1295697418055553024,negative,0.004232387174114293
1295697423080337408,negative,0.0060746930244620625
1295697424384655360,negative,0.00019531622822837471
1295697432043560960,negative,0.30468564240347606
1295697433289207815,neutral,0.37036122308484193
1295697434664992771,negative,0.0023185423629550304
1295697434887290885,negative,0.051006876849169186
1295697435361251330,negative,0.014680187541276389
1295697435692539904,negative,0.051006876849169186
1295697436069867521,negative,0.0009309096130113586
1295697436237856768,negative,0.0009309096130113586
1295697437609402375,negative,0.006100314913498225
1295697439417081857,positive,0.9960760401223716
1295697442244100096,negative,0.11887281031159908
1295697442604830721,negative,0.29288468192280337
1295697443779219457,negative,0.05003217778524483
1295697447407296512,negative,0.0005207109971164184
1295697449244397569,negative,6.0880798353042644e-05
1295697449374355456,negative,0.0005207109971164184
1295697449990979584,negative,0.08260092612623576
1295697452650070016,negative,0.11075036449917953
1295697455330320390,negative,0.1267881828813961
1295697457834270726,negative,0.014680187541276389
1295697460308987907,negative,8.17894349172368e-07
1295697464205418496,negative,8.927824018157378e-06
1295697465677615104,positive,0.9894274347947795
1295697466248003585,neutral,0.45934702882137796
1295697467682557952,negative,0.004604355736617307
1295697468919775232,negative,0.04137605284192735
1295697469016354816,neutral,0.34848625425505475
1295697470035570688,neutral,0.5118605533127536
1295697471805546498,negative,0.0002846670726451426
1295697472220733440,negative,0.15814241701701626
1295697472468258817,negative,0.0005003820658617559
1295697473202200577,negative,0.0015279979606158424
1295697476532539392,negative,0.06661668940255293
1295697476876472322,negative,0.00010105005016432953
1295697480382906368,negative,0.2466733466699979
1295697483067199488,negative,0.01661503369708779
1295697484694552581,negative,0.06318615365090959
1295697489799139334,negative,0.0030724052107963416
1295697490520530948,negative,0.14874255225714836
1295697491397160960,negative,0.21271986619575364
1295697491514535937,negative,0.0020726264190641247
1295697494148550657,negative,0.024748727619951488
1295697495159382018,neutral,0.6070072186720937
1295697496782536706,negative,6.813095405686135e-06
1295697497164320768,negative,0.058527571783466986
1295697503069908992,negative,4.169541059454128e-05
1295697504235851780,negative,0.00848574920037782
1295697504290234369,negative,0.16102526123781008
1295697507704549377,negative,0.00025904746119073126
1295697509512290306,negative,8.927824018157378e-06
1295697509948547073,neutral,0.5053820789876073
1295697510321786884,negative,0.0029273809616833443
1295697511408193537,positive,0.9960760401223716
1295697515518529537,negative,0.28834416450020467
1295697515686383616,negative,0.0006708149625670709
1295697516747526151,negative,0.06868509247246225
1295697519083687937,positive,0.7287657096028504
1295697522657296384,neutral,0.6520269161852486
1295697523072479232,negative,1.2861574313822617e-05
1295697526159560704,negative,0.00010105005016432953
1295697526537039872,negative,0.014680187541276389
1295697527254274049,negative,0.017174881593094216
1295697527921160194,negative,0.20697535994750335
1295697530030895106,negative,8.874667261226555e-14
1295697530391531520,negative,0.007124396210423041
1295697530479620096,negative,0.01325874942621394
1295697530735464448,negative,0.004346223592228677
1295697532182568961,negative,0.015005561617879472
1295697533642186752,negative,0.019459024936578813
1295697535324041216,negative,0.058527571783466986
1295697536557240321,positive,0.9972523236788144
1295697539241586689,negative,2.7940686167154485e-07
1295697539635740672,negative,0.014236697872426797
1295697541074489344,negative,0.03957686157108606
1295697543343595520,negative,0.00019851015813620367
1295697547797901312,negative,0.008060461906141368
1295697548305457153,negative,0.0021903299138908085
1295697549614030849,neutral,0.3477380692060057
1295697551258275840,negative,0.008443710401535461
1295697551614791682,negative,0.0006298019175691372
1295697553204424706,negative,2.834277135322269e-05
1295697553464467457,negative,0.0009324057146232065
1295697554265448450,negative,0.058527571783466986
1295697554601119745,positive,0.6634808066654354
1295697556895404034,negative,0.007684866326336843
1295697558904418304,negative,0.00010105005016432953
1295697565422411777,negative,0.04505628578148248
1295697566441635840,negative,0.010113815134571876
1295697566496182272,negative,6.0880798353042644e-05
1295697567444074496,negative,0.07387917408818065
1295697569046237184,neutral,0.4991449545710481
1295697569088233473,positive,0.6792494575444393
1295697573886517255,negative,0.21289411933572927
1295697575652319235,negative,1.3591462409197694e-11
1295697576134684673,negative,0.01325874942621394
1295697576444993536,neutral,0.4740134798084637
1295697577216802817,negative,0.03218774656513438
1295697578328305668,negative,0.026712610815796057
1295697583466307589,negative,0.05324658050293806
1295697584024104962,negative,0.14705043975624846
1295697585873793025,neutral,0.49789225920557484
1295697586792300544,negative,6.900932414018666e-06
1295697586905587714,negative,6.0880798353042644e-05
1295697587530391552,negative,0.05924646053970407
1295697590999293952,negative,0.05774420246377149
1295697591729037313,negative,0.01187539733212953
1295697595222892544,negative,0.0005207109971164184
1295697596846149633,negative,3.13606594226469e-05
1295697597227847682,negative,0.004005970593066789
1295697600365002752,negative,0.051006876849169186
1295697602999091201,negative,0.017174881593094216
1295697604999884803,negative,2.028777579217194e-06
1295697605645737990,negative,0.03957686157108606
1295697605704507392,negative,1.5504344345320037e-12
1295697608242008064,negative,3.0419103269068906e-05
1295697610561540097,negative,0.0005207109971164184
1295697611014406145,negative,6.119932334678592e-05
1295697612708950016,positive,0.9960760401223716
1295697614407643136,negative,0.17897843598741808
1295697614856478721,negative,0.011852514488031093
1295697615787524097,positive,0.9998639034999872
1295697621454131200,negative,0.014680187541276389
1295697621684690947,negative,0.09908154183316549
1295697624264302593,negative,0.3266123976931018
1295697626986405888,negative,0.00024621912790476246
1295697627909152768,negative,0.003806270935331589
1295697628550897667,neutral,0.3650158396528556
1295697628710211584,negative,0.0005207109971164184
1295697629737869312,negative,0.20039568222665155
1295697630362836993,negative,0.015005561617879472
1295697632548061186,negative,0.0004853517346703502
1295697633860702208,negative,0.00010105005016432953
1295697642404683777,negative,0.00010105005016432953
1295697642920587265,negative,0.10711004547537673
1295697644325609473,negative,0.058527571783466986
1295697649669214208,negative,0.13496975568265573
1295697651682476033,negative,0.06227944565466594
1295697658582097920,negative,0.054674025885239654
1295697660398182402,negative,0.04619604945824532
1295697661740363777,negative,0.006100314913498225
1295697663736807424,negative,0.004084114521403623
1295697665246801920,negative,0.022115659308646483
1295697667465580544,negative,0.051006876849169186
1295697668015095809,negative,0.014680187541276389
1295697668359020544,negative,0.07767214368396072
1295697668522430465,negative,0.06318615365090959
1295697670405750784,negative,0.013698781538909998
1295697675757563907,negative,0.05151310432687011
1295697676747579392,negative,0.007701554906241651
1295697676936327171,negative,0.00041407922449933224
1295697677628383232,negative,0.06227944565466594
1295697678316306433,negative,0.06318615365090959
1295697679784321033,negative,0.00023530437211488536
1295697681868820480,negative,0.0015279979606158424
1295697684846837760,negative,0.0003136892478963506
1295697687111704579,negative,4.5194958551647075e-05
1295697688688640000,negative,0.09747947548972918
1295697689544359937,negative,0.030297918578977616
1295697690228076546,negative,6.4908292605959506e-09
1295697691217985541,negative,0.0005842490658950549
1295697694078439424,negative,0.0009309096130113586
1295697694133039104,negative,0.0019083577691288089
1295697697115185153,negative,0.039675902044418065
1295697699719786497,negative,0.012849439395608548
1295697701540175872,positive,0.9960760401223716
1295697702194483200,negative,0.04137605284192735
1295697705474371584,negative,0.0005207109971164184
1295697708712431616,negative,0.15676689573964434
1295697709282795520,negative,0.051006876849169186
1295697710037848064,negative,0.03957686157108606
1295697710310449153,negative,0.09437416427174024
1295697710415306755,negative,0.05774420246377149
1295697711853907968,neutral,0.5118605533127536
1295697712051097601,negative,0.1404598041233996
1295697713724522496,positive,0.9415490323822007
1295697713917497345,negative,0.005520807239228727
1295697714630418432,negative,0.058527571783466986
1295697715570057217,negative,0.07709056536894555
1295697723530915841,negative,0.14150261258471838
1295697723778269184,negative,0.03957686157108606
1295697725909078016,negative,0.0005207109971164184
1295697726152282112,negative,0.01325874942621394
1295697726512955392,neutral,0.33103316860979615
1295697733878153217,negative,0.11167929344462832
1295697734800945152,negative,0.07767214368396072
1295697736373854209,negative,0.00010105005016432953
1295697737623777280,negative,0.01325874942621394
1295697738223493120,negative,0.17550848501061417
1295697741033635842,negative,6.663113028738936e-06
1295697741289488384,negative,0.0041559272873506895
1295697741809700865,negative,0.00019531622822837471
1295697742724050945,negative,0.06318615365090959
1295697742954725376,negative,0.14663503670783323
1295697743038554118,negative,3.589265219575501e-06
1295697745412415488,negative,0.00010105005016432953
1295697745597145088,negative,0.0005207109971164184
1295697746322653187,negative,0.11598652435928548
1295697748654686210,neutral,0.3886752128244143
1295697753654403073,positive,0.9960074632693179
1295697756397481984,negative,0.007701554906241651
1295697757668286464,negative,0.006100314913498225
1295697760180744192,negative,0.004280114626471995
1295697760788897792,negative,1.0921308939225619e-09
1295697761669718017,negative,0.0009645445931260158
1295697768422481920,negative,0.06063954619834893
1295697770599403520,negative,0.0035508461955833623
1295697770754347008,negative,0.007461233439279354
1295697771119497216,negative,0.08407231940054515
1295697771165515776,negative,0.031393895097719345
1295697772981747712,negative,0.15576334158300323
1295697776089718787,negative,0.0013285576404873675
1295697776387530752,negative,0.05324658050293806
1295697777528365060,negative,0.00010105005016432953
1295697783031246848,neutral,0.46362172667166146
1295697786424430594,negative,0.016393079289107666
1295697786852253697,negative,0.008178362527209763
1295697788081254400,neutral,0.5781374782041273
1295697790580948996,negative,0.001901292813580985
1295697791180775428,negative,0.07043053013449047
1295697793378660353,negative,0.00010105005016432953
1295697796100751361,negative,0.0009324057146232065
1295697799087104005,negative,0.016674209555223224
1295697800659980288,negative,0.03218774656513438
1295697806771003392,negative,0.010149270318126952
1295697807442161665,negative,0.1336690851601187
1295697812445892608,negative,8.443558077298385e-10
1295697812638912512,negative,0.013987069436984672
1295697813741895695,negative,0.014162992454384139
1295697816371834881,negative,0.06318615365090959
1295697818477363201,negative,4.1864288419196476e-05
1295697819446239234,positive,0.9973650369537395
1295697820448690178,negative,0.09199464462601915
1295697820641566720,negative,0.15317405554575128
1295697825527934976,negative,0.016959346174896025
1295697825636835328,negative,0.058527571783466986
1295697827562233864,negative,0.01810773356783586
1295697829453856768,negative,0.06318615365090959
1295697831546826752,negative,4.9792034030357984e-06
1295697831567777793,negative,0.004346223592228677
1295697834336026625,negative,0.0008368904922885688
1295697834419814400,negative,0.0005207109971164184
1295697835388739584,negative,0.0005207109971164184
1295697836030427136,negative,0.0005207109971164184
1295697836361814016,negative,0.13578703793262686
1295697838714900485,negative,0.006288507474655124
1295697839738290179,negative,2.735984556222711e-05
1295697842921779202,negative,4.6941068762304335e-17
1295697843878072327,positive,0.9960074632693179
1295697845488672769,positive,0.9931197463134209
1295697845958344704,neutral,0.43519065845717686
1295697849515151361,neutral,0.5182280426731443
1295697851666898946,positive,0.6625368615421093
1295697853021589504,negative,0.09604608166740844
1295697853214601217,negative,0.31732489718339985
1295697853361393666,negative,0.02606747139792809
1295697853537488898,neutral,0.6008381960246936
1295697855362084864,negative,0.03218774656513438
1295697856280645632,negative,0.011930844550160316
1295697857505263616,negative,0.058896252888846264
1295697858314809345,negative,0.004146831987388474
1295697861389279232,negative,0.0002485881862493363
1295697862655959040,negative,0.016674209555223224
1295697863293403137,negative,0.04505628578148248
1295697864551813120,negative,0.0005821254812450002
1295697869639495682,negative,0.0793004912566736
1295697870516113413,positive,0.7383704667925696
1295697872223117314,negative,0.017174881593094216
1295697872944369664,negative,0.2426199675183989
1295697872982351872,negative,0.018369421647996993
1295697873724727298,negative,0.267724977833825
1295697874194505729,neutral,0.3499352441185855
1295697875415052288,negative,0.31732489718339985
1295697878199996416,negative,0.0005003820658617559
1295697880297218048,negative,0.051006876849169186
1295697885682634758,neutral,0.5118605533127536
1295697886043308034,negative,0.005386600141262913
1295697887880413186,negative,0.007124396210423041
1295697888702537729,negative,0.00010105005016432953
1295697890933903361,negative,0.05324658050293806
1295697891026251776,negative,0.05324658050293806
1295697892846587904,negative,0.04505628578148248
1295697895593840640,negative,0.0005207109971164184
1295697898387025920,negative,0.309880783017753
1295697898534064128,negative,0.2560164897392721
1295697898613678080,negative,0.0024979161019236472
1295697900358504448,negative,0.010149270318126952
1295697900681535488,negative,1.2861574313822617e-05
1295697902380167170,negative,0.014680187541276389
1295697902459904001,negative,0.13764629421609226
1295697902581538816,negative,0.04137605284192735
1295697903344918534,negative,0.00011706970378355754
1295697903604977664,negative,0.01704154687151063
1295697904565473285,negative,0.00018617888700069854
1295697904666136576,negative,0.2645094566977108
1295697906167615489,neutral,0.44515666723971453
1295697906268286976,negative,0.014680187541276389
1295697906989764614,negative,0.004631627283949271
1295697908709437442,negative,0.15814241701701626
1295697909413969926,positive,0.9968418844677825
1295697909703483399,negative,0.0019135434568780193
1295697910689157120,negative,0.15317405554575128
1295697914149376001,positive,0.9973650369537395
1295697917475512322,negative,0.05324658050293806
1295697918670839810,negative,0.007915959377316288
1295697920164007936,negative,4.848529125079356e-09
1295697924618420225,negative,3.0439707664671607e-05
1295697927499845638,negative,0.006201192931730067
1295697927936106497,negative,0.0725958272443779
1295697928867127297,negative,0.06227944565466594
1295697929181761538,neutral,0.5033617608764305
1295697930066759688,negative,0.13776726567992748
1295697931836821504,negative,0.11167929344462832
1295697932449206273,negative,0.13776726567992748
1295697936781803522,negative,0.017890597979076387
1295697940493864961,negative,0.09953838153023874
1295697942825836550,negative,0.13449786664433144
1295697946185523200,negative,4.169541059454128e-05
1295697946235637761,negative,0.11698464995749418
1295697948907646976,negative,0.14849610888243478
1295697949318696962,negative,0.04937217151865177
1295697951659102208,negative,0.17057897982462247
1295697953945001985,negative,0.001071925652579372
1295697955291303937,negative,1.2861574313822617e-05
1295697955694030850,negative,0.32384984700024066
1295697955811295232,negative,0.013190365251013298
1295697955844915200,negative,4.731932841227009e-10
1295697955878588420,negative,0.10896289556595878
1295697955916148736,negative,0.004456191616393328
1295697956041920513,negative,0.0002485881862493363
1295697973469380609,negative,0.00022368076285318638
1295697974195032064,neutral,0.46058426166199706
1295697974610231298,negative,0.004882119948109928
1295697981916798977,negative,0.015369510975826815
1295697983498072064,negative,0.00012738424385984462
1295697983850373120,negative,0.07767214368396072
1295697986035625985,negative,0.014455031980262451
1295697989667880960,negative,0.057254082056919973
1295697989906968583,negative,0.03957686157108606
1295697993383866369,negative,0.01036404100534384
1295697994420019200,negative,0.04978476461218772
1295697995346870273,negative,0.00010105005016432953
1295697995359543296,negative,0.0015279979606158424
1295697996932358144,negative,0.28834416450020467
1295697997410586624,negative,0.005151385154652528
1295697998547234816,negative,0.02589425357917706
1295697999121743874,neutral,0.44515666723971453
1295697999415382018,negative,3.0439707664671607e-05
1295698001671925762,negative,0.025151244995946932
1295698003160895489,negative,0.016964151784983287
1295698003270029312,negative,8.406386431606291e-08
1295698004779970560,negative,0.00021671473916723183
1295698005555908608,negative,0.14932531461067441
1295698008982663168,negative,0.2041476266044856
1295698011620880389,negative,0.012756050113173068
1295698015940939777,negative,0.0024979161019236472
1295698017413033984,negative,0.2920458978982144
1295698020475035648,negative,0.014640049545214298
1295698022127620097,negative,0.06377054157198513
1295698022899359746,negative,0.018199052326185933
1295698023109070848,negative,0.030412545260908617
1295698025831178241,negative,0.11713079422661642
1295698029622767618,negative,0.017174881593094216
1295698032340672512,negative,0.02367865651795017
1295698032852381696,negative,0.0016070043655946435
1295698034668507136,negative,6.0880798353042644e-05
1295698036748943362,negative,0.006201192931730067
1295698037130526720,negative,0.03957686157108606
1295698039512989696,negative,0.007174118764223606
1295698043266793473,negative,4.9792034030357984e-06
1295698044013477888,negative,0.13776726567992748
1295698044302827522,negative,0.00010105005016432953
1295698044466470920,negative,0.051006876849169186
1295698044751667201,positive,0.7199654687295113
1295698044826992640,negative,0.0016070043655946435
1295698053953880064,negative,0.01608218502806947
1295698056873160708,negative,0.03957686157108606
1295698057380724742,negative,5.06074444654498e-12
1295698057435242496,negative,0.03957686157108606
1295698058194358273,negative,0.017137255967422774
1295698058538356738,neutral,0.3734886429250822
1295698058953601026,negative,0.27508958989797305
1295698059628810240,negative,0.03957686157108606
1295698059893133313,negative,0.00434300526405367
1295698062006841344,negative,0.05324658050293806
1295698063328268288,negative,0.00010105005016432953
1295698066192904199,negative,0.12063602423148853
1295698067275087873,negative,0.21651339263655675
1295698068080340992,negative,0.029112736887490484
1295698068248166407,negative,0.28834416450020467
1295698068772401162,negative,0.01563255569943108
1295698071154757632,negative,0.01325874942621394
1295698072186621952,negative,0.057254082056919973
1295698074325651456,negative,3.0439707664671607e-05
1295698074849947649,negative,0.0011095009066412473
1295698074891964416,negative,0.03957686157108606
1295698074938085377,negative,0.03957686157108606
1295698074946473984,negative,1.3179802669829522e-05
1295698075919450113,negative,8.362607858458516e-05
1295698076510887937,negative,8.406386431606291e-08
1295698077026783234,negative,0.15814967988239612
1295698079082057728,negative,0.00550185226282419
1295698080025600004,negative,0.0019279314568353733
1295698081590079489,negative,0.02758033977181551
1295698083813240837,negative,0.2029615144872654
1295698085834874880,negative,0.0005003820658617559
1295698088678404102,negative,0.037099243400016
1295698089194352642,positive,0.831650297189053
1295698089253244929,negative,0.009086931261795272
1295698090175926272,negative,0.22060580157182338
1295698090758873093,negative,0.058527571783466986
1295698090947731461,negative,0.19826725503629733
1295698092961005568,negative,0.03957686157108606
1295698100233875458,negative,0.0962348084370183
1295698103501303809,negative,0.011972364269779384
1295698105271296000,neutral,0.4740134798084637
1295698105841541120,negative,8.406386431606291e-08
1295698106911260672,negative,0.005567922240650884
1295698107662041088,negative,0.058527571783466986
1295698110212186115,negative,0.026570773238029182
1295698113550843907,negative,1.0449271346234639e-09
1295698115983486977,negative,0.0009324057146232065
1295698117761826816,positive,0.8247486915736592
1295698120563666944,negative,0.24888301568591675
1295698123084488706,negative,0.03483697438843464
1295698123898134529,negative,1.744154839205254e-05
1295698124791353344,negative,0.00010105005016432953
1295698126934769665,negative,0.007124396210423041
1295698128482566149,negative,0.051006876849169186
1295698129443004417,negative,0.010179730765267538
1295698130244182017,negative,0.2168088315887305
1295698132425203712,negative,0.13449786664433144
1295698133176004608,negative,0.25532699878966847
1295698133733855232,negative,0.03829650228475051
1295698134035845121,negative,0.0005003820658617559
1295698135063437312,negative,0.06318615365090959
1295698138062376960,negative,0.0810518857623604
1295698139551326208,negative,0.03957686157108606
1295698141476524032,negative,0.0022972801046284067
1295698144190111745,negative,0.299013205241305
1295698147264598016,negative,0.1060341471135541
1295698147889610752,negative,0.06027610817740375
1295698148774608898,negative,7.88771867555722e-06
1295698151643516928,negative,0.0005003820658617559
1295698153417527297,negative,0.002310923080159144
1295698153438695425,negative,6.379389218829304e-08
1295698153967104000,positive,0.9071251711606904
1295698155691020288,negative,0.06074659887692753
1295698156735344645,negative,0.007350164552641147
1295698158186528768,negative,0.016479784670435295
1295698160325742594,negative,0.019247789852002792
1295698179057475585,negative,0.04137605284192735
1295698179065774080,negative,0.0015279979606158424
1295698180093378560,neutral,0.6423358391037124
1295698181863485441,negative,4.901046805973468e-06
1295698185193758721,neutral,0.4958094886200482
1295698185462194183,negative,0.017174881593094216
1295698188494675968,positive,0.9984457057003434
1295698189585178627,negative,0.1287704924361468
1295698190834884610,negative,0.0005207109971164184
1295698191875215360,negative,0.12355790632600333
1295698191883665413,positive,0.9138717406454997
1295698192554774528,negative,3.0439707664671607e-05
1295698196988125185,negative,0.014956883344929048
1295698199445995520,negative,8.927824018157378e-06
1295698199576018944,negative,0.04128210136015999
1295698201849323520,negative,0.03043218624417957
1295698202222567426,negative,0.0002676475954483508
1295698202612637698,negative,0.03957686157108606
1295698203346599937,neutral,0.4177150103521846
1295698204554600449,negative,0.17897843598741808
1295698206437842944,negative,0.06808258726477745
1295698207419269121,negative,0.029676669243026886
1295698209365528576,negative,9.010631493467754e-07
1295698211580137472,negative,0.05924646053970407
1295698212062466050,negative,4.731932841227009e-10
1295698212716675073,negative,0.2597042642474346
1295698216307036160,neutral,0.44543033320840086
1295698218400067586,negative,0.03957686157108606
1295698220740468738,neutral,0.44543033320840086
1295698221050757120,negative,0.006708249572082561
1295698223097679874,negative,0.2560164897392721
1295698223982616579,negative,3.0439707664671607e-05
1295698224142004224,negative,0.03329967069360357
1295698224712384513,negative,0.00015967437828002886
1295698226713174016,positive,0.9857672649082079
1295698226826416130,negative,0.31732489718339985
1295698227757494273,negative,0.004631627283949271
1295698233528913921,negative,0.02589425357917706
1295698237102358533,negative,0.002683037454135553
1295698242001395713,negative,0.028472231686926166
1295698244715126785,negative,0.15814967988239612
1295698245507784704,negative,0.00011706970378355754
1295698247726620674,positive,0.9877003275848012
1295698251283337219,negative,0.13496975568265573
1295698251501449216,neutral,0.49789225920557484
1295698251761561606,negative,0.0002485881862493363
1295698252105428992,negative,6.0880798353042644e-05
1295698252801675266,neutral,0.3414038599697658
1295698256777928705,negative,0.01325874942621394
1295698257558016000,negative,0.007701554906241651
1295698259005120514,negative,4.131083302215788e-06
1295698260112416768,negative,0.008907439205346996
1295698262234730496,negative,0.16520986905231105
1295698262817742849,negative,0.04258011744510042
1295698263798996992,positive,0.8163958720773945
1295698264281538561,negative,0.0003192004268430372
1295698266810650630,negative,0.0005207109971164184
1295698267603427328,negative,7.900874868746993e-05
1295698268299632645,negative,0.028290565578201855
1295698269063073795,neutral,0.414213836540413
1295698269947994112,positive,0.7906586281519077
1295698270241665025,negative,0.05324658050293806
1295698272158441473,neutral,0.6423358391037124
1295698273420939265,negative,0.030645485316294407
1295698275295666178,negative,0.00010105005016432953
1295698279372644353,negative,0.030412545260908617
1295698282195357697,negative,1.7892294469607313e-06
1295698283030089732,negative,0.017970796455310016
1295698284238053376,negative,0.019112482686156413
1295698284334452736,negative,0.299013205241305
1295698284422598657,negative,0.03957686157108606
1295698284980457472,negative,0.05924646053970407
1295698285999656960,negative,0.0008515434462514723
1295698286615990272,negative,0.058527571783466986
1295698287165607942,positive,0.9583410813028536
1295698287555678208,negative,0.00011706970378355754
1295698288033837056,negative,0.0003519638731397254
1295698289954783233,negative,0.00259770304070649
1295698291339010048,negative,0.017174881593094216
1295698293104742400,negative,2.0038257241150632e-05
1295698293452832769,negative,0.03957686157108606
1295698293675249665,negative,3.0439707664671607e-05
1295698294472089601,negative,0.28114818517277385
1295698294539259904,negative,0.04137605284192735
1295698294635716609,negative,0.0826378334987464
1295698299387875328,negative,0.004631627283949271
1295698299417223169,negative,0.13449786664433144
1295698305121488896,negative,0.06597678231586267
1295698307923218433,negative,0.012346131880150546
1295698311270162433,negative,0.06318615365090959
1295698317775720448,positive,0.6721553852967019
1295698317784092675,negative,0.0005207109971164184
1295698318975090688,negative,0.0005225331247661066
1295698319201755138,negative,0.28834416450020467
1295698320007069696,negative,0.004146831987388474
1295698320720039936,negative,0.00019155716702816964
1295698327833661447,negative,0.0005207109971164184
1295698328861081601,neutral,0.5591576525831619
1295698329079148544,negative,0.012814756564749712
1295698330752888839,negative,0.24888301568591675
1295698331956649985,negative,0.0006062006084940076
1295698332422217728,negative,0.029932077107346473
1295698332451577856,negative,0.1262356314098118
1295698337803448327,negative,0.24081627254952076
1295698338801684482,negative,0.0009523254789268912
1295698341133725696,positive,0.9801368058165055
1295698342748524546,negative,0.0005207109971164184
1295698343436394496,negative,4.012901913463918e-07
1295698343440654336,negative,0.03218774656513438
1295698347068731397,negative,2.5880802883425974e-08
1295698352986824706,negative,0.0005207109971164184
1295698355394420736,positive,0.9936216975027322
1295698355604066305,neutral,0.4814216422911448
1295698360356286472,neutral,0.6107424578822099
1295698365569814539,positive,0.99621296047372
1295698367335587840,negative,0.007174118764223606
1295698368023453696,negative,0.0005207109971164184
1295698369004941312,negative,0.040183813735095775
1295698370187743233,negative,6.61017865828404e-05
1295698372263845894,negative,4.814579886112316e-05
1295698375204048898,negative,0.13496975568265573
1295698376281985027,positive,0.9960074632693179
1295698377791987712,negative,0.00041407922449933224
1295698378261778432,negative,0.023045918321645913
1295698384536444935,negative,0.00024621912790476246
1295698385278828544,negative,0.0015279979606158424
1295698390689419264,positive,0.7500900566620539
1295698392119738369,positive,0.9857672649082079
1295698392186867712,negative,0.058527571783466986
1295698394124558336,negative,0.04978476461218772
1295698394296573952,negative,0.07051582183482207
1295698396481822721,negative,5.0275905704963445e-08
1295698401217085440,negative,0.24739875157141242
1295698402165039104,negative,0.1808482412859558
1295698406971789313,negative,0.0011932448869651758
1295698409542672385,negative,0.017174881593094216
1295698410310443011,negative,0.006201192931730067
1295698416807424001,negative,0.0009309096130113586
1295698417134571525,negative,0.0793004912566736
1295698417662951436,negative,0.05324658050293806
1295698417776197632,positive,0.9433162397983009
1295698419021905922,negative,0.07767214368396072
1295698422104764416,negative,0.001206291773054535
1295698423434432512,negative,0.13578703793262686
1295698430019411968,negative,0.03957686157108606
1295698431319650308,negative,0.08161158602374756
1295698432796110851,neutral,0.4730912367325815
1295698439058194432,negative,0.006201192931730067
1295698439808774144,negative,0.058527571783466986
1295698439955783682,negative,0.32384984700024066
1295698440819822594,negative,0.004280114626471995
1295698441637711872,negative,0.05324658050293806
1295698443579662336,negative,4.169541059454128e-05
1295698448545492995,negative,0.028290565578201855
1295698448717676545,negative,0.09466446766323154
1295698451448180736,neutral,0.5495922250151081
1295698452995878912,negative,0.016479784670435295
1295698453109055490,negative,0.007124396210423041
1295698454233190401,negative,0.06318615365090959
1295698456670015491,negative,0.058527571783466986
1295698456925872128,negative,0.010179730765267538
1295698459148734467,negative,0.058527571783466986
1295698459220008962,negative,0.08467181435203253
1295698461715763200,negative,0.023493914738191658
1295698464064577537,negative,0.0009202312892946305
1295698466073714689,negative,0.0026615222241288157
1295698468468592646,negative,0.026712610815796057
1295698469441724416,negative,0.003529315246576821
1295698472369299456,negative,0.030273009223634344
1295698475745763329,negative,0.008890547484272546
1295698476152619008,positive,0.9931197463134209
1295698476873977856,negative,0.19847594147881722
1295698478677610496,negative,3.0439707664671607e-05
1295698479377985537,negative,0.0015279979606158424
1295698482150375424,negative,0.014692100903482533
1295698483861753863,neutral,0.5583306626522775
1295698484759322626,negative,0.06914534747153478
1295698486432800774,negative,0.00020030712079394
1295698486986448896,negative,0.012644927397157883
1295698490018930688,negative,0.008890547484272546
1295698490367135746,negative,0.004146831987388474
1295698492351012864,negative,0.000384735963575268
1295698493756133376,neutral,0.3688120122074838
1295698494116765697,negative,6.0880798353042644e-05
1295698494762766338,negative,0.006100314913498225
1295698495190573056,negative,0.00010105005016432953
1295698496067117058,negative,0.0006708149625670709
1295698497900023808,negative,0.04469343971307661
1295698499296731138,positive,0.9877003275848012
1295698500294934528,positive,0.9724231389863242
1295698500504686592,negative,9.775729961893897e-05
1295698501557293056,neutral,0.3926228499780846
1295698503386181633,negative,0.025524418173639186
1295698507349843968,negative,0.02347720471286959
1295698511330148352,negative,0.28834416450020467
1295698511393173504,negative,0.14061766269574938
1295698515788812288,neutral,0.5053820789876073
1295698515960762368,negative,0.0002804388342578787
1295698517017624576,negative,0.008443710401535461
1295698517424508928,negative,0.29676789564387285
1295698517848195072,neutral,0.37794552882106114
1295698520591282178,negative,0.03329967069360357
1295698522201903105,negative,0.12355790632600333
1295698527058833409,negative,0.31732489718339985
1295698529357307906,negative,0.0015246370887942833
1295698529390923777,negative,0.030412545260908617
1295698530523320321,negative,0.03957686157108606
1295698533694214144,negative,0.010142463236671184
1295698535200051200,negative,0.04723671232094118
1295698554619453440,negative,8.983932902091932e-06
1295698555286556672,negative,0.28114818517277385
1295698555722768385,negative,0.03829650228475051
1295698557341708290,positive,0.9935678314987284
1295698557761183750,negative,0.11887281031159908
1295698557991825411,negative,9.435082482545401e-07
1295698559103389697,negative,0.00011706970378355754
1295698562974715905,negative,0.03957686157108606
1295698563121455104,positive,0.8466079003903352
1295698564903993347,neutral,0.49789225920557484
1295698567873667073,negative,0.20411727432945465
1295698570113425408,negative,0.016674209555223224
1295698570436390912,negative,0.05324658050293806
1295698571577221121,negative,0.0009309096130113586
1295698572487385088,negative,0.31732489718339985
1295698577390526465,negative,0.01325874942621394
1295698579386970114,negative,0.0007607739565608204
1295698580322291714,negative,0.004631627283949271
1295698581995880448,negative,0.02959739943929172
1295698585242263552,negative,0.051006876849169186
1295698589692440576,neutral,0.4814216422911448
1295698590573240321,negative,0.03957686157108606
1295698591374356480,negative,0.1981964822210415
1295698594306064387,negative,0.03957686157108606
1295698595505680385,negative,0.04505628578148248
1295698600891158529,negative,0.05324658050293806
1295698602946441216,negative,0.0009309096130113586
1295698605408423936,positive,0.8247486915736592
1295698605723066368,negative,0.20222318947617154
1295698607048450050,negative,0.0002485881862493363
1295698607178473473,negative,0.05174342583998807
1295698607769780225,negative,0.04274870898572828
1295698613549572096,negative,0.058527571783466986
1295698617395744768,negative,0.004631627283949271
1295698618016563202,negative,0.0037088730045077936
1295698619157405696,negative,0.05324658050293806
1295698623951515648,positive,0.9460852912475907
1295698625629237249,negative,0.03001219436296953
1295698628087107584,neutral,0.5118605533127536
1295698629466832896,negative,0.00010105005016432953
1295698629982916609,negative,0.14849610888243478
1295698630024859648,negative,0.07920208696601297
1295698634281902085,negative,0.0005207109971164184
1295698635980713986,negative,0.006794325420278862
1295698637822074880,negative,3.0439707664671607e-05
1295698641231974402,negative,0.0011872790471398047
1295698644595859461,negative,0.0725958272443779
1295698645187211264,negative,0.15331241043057187
1295698645522808833,positive,0.8229285039618472
1295698645816229896,negative,0.00286072706270966
1295698648383270912,negative,3.13606594226469e-05
1295698649947811841,negative,9.292293399781645e-06
1295698652606926852,neutral,0.39846391252391167
1295698653017931776,positive,0.9814958748931865
1295698654074941449,negative,1.744154839205254e-05
1295698654347632641,positive,0.9627304474132464
1295698656541188097,negative,6.60817539553219e-06
1295698658634104838,negative,0.2745999383430773
1295698665017942021,negative,0.015114988563143843
1295698667962236928,negative,0.01325874942621394
1295698668738228224,negative,0.3293949234343781
1295698670390841344,negative,1.0372377649992076e-07
1295698671670038528,negative,0.007461233439279354
1295698674664824832,negative,0.009519586546924306
1295698678158635008,negative,0.0008259963047226997
1295698678372544513,negative,0.029407810387683052
1295698679106609154,negative,6.0880798353042644e-05
1295698680897470465,negative,0.12355790632600333
1295698682168463360,negative,0.007154047846534516
1295698684118794241,negative,0.0016453026649386646
1295698687113359360,positive,0.8023475604602576
1295698689273540608,negative,0.03465287113788446
1295698689789394944,negative,0.051006876849169186
1295698690204741634,positive,0.9948041820076556
1295698691450441728,positive,0.9804244454961873
1295698691991449600,negative,0.04137605284192735
1295698692201119746,negative,0.006100314913498225
1295698692293513217,negative,0.03001219436296953
1295698694554161152,negative,0.14150261258471838
1295698696127025152,positive,0.9064919646455261
1295698698463305729,positive,0.9026714948547595
1295698698547146752,negative,0.00022420243675677732
1295698698727456768,neutral,0.611269325661898
1295698701638422528,negative,0.03329967069360357
1295698704750518272,negative,0.0005207109971164184
1295698705715265538,negative,0.14046915708987295
1295698706667372546,negative,0.007701554906241651
1295698707325825029,negative,0.00010105005016432953
1295698707640463365,negative,0.05018400610695864
1295698708424806400,negative,0.04527665282732278
1295698710555435008,negative,0.0015279979606158424
1295698710903619585,positive,0.9705720884635586
1295698711574609922,negative,0.004405983551560181
1295698713122353154,negative,0.0023708035300545917
1295698715479625728,negative,0.0003684262062910489
1295698716884701185,negative,0.0009645445931260158
1295698726581927937,negative,3.0439707664671607e-05
1295698727357874176,negative,0.040119896398724916
1295698750690791425,negative,0.012107502224219689
1295698752821436417,neutral,0.4332388422326355
1295698754646007809,negative,0.004342799245922514
1295698756013379584,neutral,0.5033617608764305
1295698763449864193,positive,0.9931197463134209
1295698765270196227,negative,0.040119896398724916
1295698765396021254,negative,0.03957686157108606
1295698768755662853,positive,0.9205312121649398
1295698777257455617,negative,0.02367865651795017
1295698780722012164,negative,0.00010105005016432953
1295698783775358981,negative,0.0005207109971164184
1295698789383249920,negative,0.0001482934713042492
1295698793246134272,negative,0.0005207109971164184
1295698796375154689,positive,0.8283669695865506
1295698798510067714,negative,0.009086931261795272
1295698799126552581,negative,0.3155603002461237
1295698800296763392,negative,0.015114988563143843
1295698804948312067,negative,0.018199052326185933
1295698805644496896,negative,0.0005323422053991073
1295698806365880324,negative,1.3172070075965035e-05
1295698808375058432,negative,0.08260092612623576
1295698815476011008,negative,0.005105476252448527
1295698815647875081,negative,5.059024734247718e-06
1295698815887052800,negative,0.006201192931730067
1295698815908020224,negative,7.371706857593792e-05
1295698816344174593,negative,4.984616664366972e-05
1295698818613354496,negative,0.014162992454384139
1295698818625941504,neutral,0.3496300564021785
1295698822077853696,negative,0.08161158602374756
1295698822312669184,negative,0.17057897982462247
1295698823201816583,negative,0.00010105005016432953
1295698824833437697,negative,0.03700175107257115
1295698826225954817,negative,0.04937217151865177
1295698829338202112,negative,0.05324658050293806
1295698829715660802,negative,0.0002772568145186744
1295698837475135488,negative,0.023375664249609268
1295698837957484545,negative,0.051006876849169186
1295698838079115265,neutral,0.396906797210789
1295698838838292481,negative,0.005093462589235467
1295698839211573248,negative,0.01325874942621394
1295698841715511298,negative,0.03218774656513438
1295698842436931584,negative,2.735984556222711e-05
1295698843338706944,negative,0.3045024688943347
1295698844018188301,neutral,0.4293266706022498
1295698850502631424,negative,8.927824018157378e-06
1295698850708062209,negative,0.00010105005016432953
1295698850792058880,negative,0.000253058869872319
1295698851605741576,positive,0.7157920997375848
1295698852104876033,negative,0.06924054420465577
1295698852763168769,negative,0.0011448453359097532
1295698855099498497,negative,0.2008585393769695
1295698856399732738,negative,0.21231103555475753
1295698857742000128,negative,0.05324658050293806
1295698860057276422,negative,0.05324658050293806
1295698867816718338,negative,0.03957686157108606
1295698868001275905,negative,0.009086931261795272
1295698869498585088,negative,0.29691860350361654
1295698872744935425,negative,0.1805827127761289
1295698872837300225,negative,0.0016937836582820189
1295698874317844485,negative,0.11598652435928548
1295698875345440768,positive,0.9804244454961873
1295698876675117060,negative,0.017174881593094216
1295698877128073217,negative,0.0150808933072609
1295698880294723586,negative,4.814579886112316e-05
1295698880781332480,negative,8.406386431606291e-08
1295698881276268550,negative,0.2677651204054746
1295698881456545792,negative,0.017174881593094216
1295698882987536386,positive,0.9705720884635586
1295698883583107072,negative,0.058527571783466986
1295698884237373450,negative,0.0034154642629940124
1295698884551991298,negative,0.027490362136297408
1295698885961232385,negative,0.15331241043057187
1295698888020566017,negative,0.00010105005016432953
1295698888326864898,negative,0.07387917408818065
1295698890134564864,negative,0.11809429742624333
1295698890289819648,neutral,0.4740134798084637
1295698891673870339,negative,0.00011706970378355754
1295698893108391938,negative,0.3045024688943347
1295698893150334978,negative,0.12458076596715235
1295698897181061121,negative,0.3045024688943347
1295698899244646400,negative,0.007701554906241651
1295698900825890816,negative,1.3778308214917325e-06
1295698902847492096,neutral,0.4740134798084637
1295698903073988608,negative,0.0020740548300591803
1295698905372516352,negative,3.0439707664671607e-05
1295698905707970561,negative,0.08467181435203253
1295698906261655553,negative,0.018199052326185933
1295698907167563782,negative,0.040694933183021344
1295698908656656389,negative,0.03957686157108606
1295698911617785857,negative,0.058527571783466986
1295698912557268994,negative,0.08467181435203253
1295698914209943552,negative,0.03957686157108606
1295701977435910148,neutral,0.3952503370862852
1295701978526429184,neutral,0.5275558805461147
1295701979877052417,negative,7.403329055053898e-05
1295701982410231808,negative,0.12197124397122686
1295701982452183040,negative,0.02058565526414173
1295701982460686337,negative,7.285918214128971e-05
1295701982552891393,negative,0.017366087277804164
1295701982552952838,negative,0.10433390378342754
1295701982561341441,negative,0.17776912296083106
1295701987225460736,negative,7.814947270673758e-06
1295701989779804164,neutral,0.34848625425505475
1295701990073303041,negative,0.06318615365090959
1295701990295711745,neutral,0.5136446707795853
1295701992988446720,positive,0.998378399886525
1295701994351538176,negative,0.26238875636251957
1295701994586419200,negative,0.03424677648972107
1295701995278471170,negative,0.006100314913498225
1295701995807006722,negative,0.22023259696793873
1295701997094678531,negative,0.004631627283949271
1295701998336184322,negative,0.006441773888255812
1295701998684299265,negative,0.051006876849169186
1295702000315895811,negative,0.0004930985307503336
1295702002291232768,negative,0.00010105005016432953
1295702003323109381,neutral,0.5923587972161434
1295702005470629889,negative,0.00010105005016432953
1295702006263427072,negative,0.20486086843677537
1295702014509408256,negative,0.005204545305367479
1295702014769455104,negative,0.004556139161304214
1295702016870748162,negative,0.03424677648972107
1295702018183503873,negative,0.00010105005016432953
1295702023481044994,negative,0.04137605284192735
1295702024156258307,positive,0.8690103078686926
1295702026723172354,negative,0.0117750990323347
1295702027666956288,neutral,0.5790187530098205
1295702029843800064,negative,0.0016027177158708132
1295702032972763142,positive,0.995102546474844
1295702033060843520,negative,2.0315055861961381e-07
1295702034356883462,positive,0.6634808066654354
1295702035568959488,negative,3.0439707664671607e-05
1295702038597316609,positive,0.9130252124652847
1295702038878150656,negative,0.001544134217589443
1295702039146749952,negative,0.18996734859540432
1295702040937746433,negative,0.058527571783466986
1295702045505261571,negative,0.004346223592228677
1295702046784577536,negative,0.014162992454384139
1295702047648550914,negative,0.004346223592228677
1295702048277766153,negative,2.5760858789739414e-07
1295702049695436800,negative,0.00011706970378355754
1295702053692542976,negative,0.00010105005016432953
1295702056632713219,negative,0.05324658050293806
1295702058310434818,negative,0.0005207109971164184
1295702061946937350,neutral,0.44892546047659243
1295702062383140865,negative,0.18235646134165717
1295702065197481985,negative,0.0005207109971164184
1295702065893662720,negative,0.00010105005016432953
1295702066279710720,negative,0.24057465761443877
1295702067353354241,negative,3.5400976099361305e-08
1295702067617697793,negative,0.15814967988239612
1295702069681192960,positive,0.8050357591492134
1295702070461444098,negative,0.14046915708987295
1295702073695260673,negative,0.03957686157108606
1295702074382905345,negative,0.13590374305013114
1295702075427389440,negative,0.004819764353423451
1295702081890910208,negative,3.0439707664671607e-05
1295702083400863751,negative,0.28834416450020467
1295702083421769728,negative,0.0005207109971164184
1295702084571082754,negative,0.06962527293804434
1295702085703475202,negative,0.0038961697290101193
1295702085963517952,negative,0.03424677648972107
1295702085984452610,negative,0.09677130584558659
1295702090787033088,negative,0.008072112019313165
1295702092649308161,negative,0.035192660066653024
1295702096109547522,positive,0.9973650369537395
1295702096394821632,negative,0.016867045148167746
1295702099771248645,negative,0.03957686157108606
1295702105659932672,negative,0.12355790632600333
1295702106402414593,negative,0.0005207109971164184
1295702107752988672,positive,0.8050357591492134
1295702108596064257,negative,0.006201192931730067
1295702110672216064,neutral,0.5460151952517951
1295702114002440194,negative,3.277663550698484e-06
1295702114795163650,negative,0.15814967988239612
1295702116196061184,negative,0.0009725346252930457
1295702118817566720,negative,0.05324658050293806
1295702119668948992,negative,0.216175930299806
1295702124085616640,negative,0.0050554820656111615
1295702130834145283,negative,0.0962348084370183
1295702135695462400,positive,0.8438037279628701
1295702136077066240,negative,0.11901250335264775
1295702137708707841,negative,0.01934710979194813
1295702140070100993,negative,4.169541059454128e-05
1295702140221042690,negative,2.841370956553674e-06
1295702140716032001,negative,0.15928979447025324
1295702140980269056,negative,0.005452027887614909
1295702143215828992,neutral,0.46127768308170247
1295702143752638466,neutral,0.48728019602140255
1295702144717291520,neutral,0.4033702508780281
1295702153038901249,positive,0.6624419550526272
1295702157153492994,negative,0.06988429029043594
1295702159015714816,negative,0.01424290722706815
1295702159389085696,negative,0.0029273809616833443
1295702159447789570,neutral,0.612827542805504
1295702159946919937,negative,0.02589425357917706
1295702160743768065,negative,0.03424677648972107
1295702161104478210,positive,0.7500900566620539
1295702161259671552,negative,7.998344415847947e-09
1295702163088343040,negative,0.05324658050293806
1295702164090871810,negative,0.03957686157108606
1295702165105905664,negative,0.22382289530178512
1295702169744740354,negative,0.039427104768422275
1295702174685634560,negative,0.060782983235212175
1295702175134482433,negative,0.05324658050293806
1295702175243546629,negative,0.0006708149625670709
1295702176342433800,negative,0.00026539966795947493
1295702177026052096,negative,3.0439707664671607e-05
1295702177906860033,neutral,0.5365446328358433
1295702187629146113,negative,0.0006429075520634192
1295702189231546368,negative,0.004083421009840023
1295702191207059457,positive,0.7000390307234068
1295702191316115456,negative,0.00010105005016432953
1295702198035386368,positive,0.9804244454961873
1295702202309386242,negative,0.08260092612623576
1295702206780497921,positive,0.8232994967684804
1295702208244326402,negative,2.9902198272232734e-06
1295702208324009984,negative,2.301678584176666e-13
1295702208474906627,negative,0.004631627283949271
1295702211486507008,positive,0.8873517157965705
1295702211926937600,negative,0.2560164897392721
1295702214757974016,negative,0.025383154012361304
1295702215441756160,negative,0.0011095009066412473
1295702218981679104,negative,0.00010703950659689496
1295702219019489280,negative,0.03957686157108606
1295702221162766339,negative,0.06027610817740375
1295702222010032130,neutral,0.4434110417940897
1295702222488178689,negative,4.169541059454128e-05
1295702223264129024,negative,0.26238875636251957
1295702226246217729,negative,0.051006876849169186
1295702228611858437,negative,0.03424677648972107
1295702231627563008,negative,0.06988429029043594
1295702233749901312,negative,0.03424677648972107
1295702234664251395,negative,0.06318615365090959
1295702235314257924,negative,0.048757162055139025
1295702235393986560,negative,0.00034325132712054304
1295702235565953024,negative,0.0005207109971164184
1295702237092753409,negative,0.30039595013784837
1295702238698995712,negative,0.00718933961057912
1295702239768608768,negative,0.16286633109028645
1295702241068888065,negative,0.07270591234575756
1295702241995890691,positive,0.7500900566620539
1295702243321290753,negative,0.0006028301178168253
1295702246550835202,negative,0.004631627283949271
1295702248497061888,negative,0.0005453436541195426
1295702249176530944,negative,0.0004267975968463798
1295702252183789568,negative,0.03424677648972107
1295702252989161472,negative,0.000700577350116875
1295702253517656065,neutral,0.5766609801397096
1295702256709443584,negative,0.09437416427174024
1295702257099571200,negative,0.0038961697290101193
1295702260006223873,negative,0.0793004912566736
1295702260572467200,neutral,0.5916112457409908
1295702263391027201,neutral,0.3414038599697658
1295702263760130048,negative,0.0024979161019236472
1295702264120774656,positive,0.9705008478929346
1295702266532462594,negative,0.026712610815796057
1295702267249795072,negative,0.03329967069360357
1295702270357778433,negative,0.05637237317617986
1295702274732429312,negative,0.01424290722706815
1295702279245500416,negative,0.10826601554847334
1295702284454821888,negative,0.0024366895307146104
1295702284492591106,negative,0.0021405650132123887
1295702284828061698,negative,0.03424677648972107
1295702286824505344,negative,3.0439707664671607e-05
1295702289169002496,neutral,0.629051956551404
1295702290104553472,negative,0.20335025070716847
1295702292419825666,negative,0.011813022344410291
1295702293363544069,negative,0.004631627283949271
1295702294814765057,negative,4.169541059454128e-05
1295702295162826752,positive,0.9657483121350827
1295702298463817728,negative,7.900874868746993e-05
1295702301353676801,negative,0.03957686157108606
1295702303912136707,positive,0.8991953394385023
1295702305405317120,negative,0.030645485316294407
1295702306856620032,positive,0.9804244454961873
1295702309985378304,negative,0.02967548026975696
1295702311399034882,negative,0.03957686157108606
1295702311482859521,positive,0.6850012168422819
1295702316977401860,negative,0.021085439293556735
1295702321163309057,negative,8.983932902091932e-06
1295702322077732865,negative,0.2715433944393375
1295702323667361793,negative,0.04887889205048961
1295702326288818178,negative,0.015075775353368353
1295702328897687554,negative,0.00010105005016432953
1295702330348908544,negative,0.00021671473916723183
1295702330524999681,negative,0.07270591234575756
1295702333784051713,negative,1.2725348445518517e-05
1295702334828314626,negative,0.07270591234575756
1295702339718983683,negative,0.10491110392668983
1295702342071988224,negative,0.19650846305521544
1295702342382362625,negative,1.1543040769032338e-05
1295702343141515264,negative,0.03424677648972107
1295702343326011392,negative,0.05190196214935489
1295702385856151552,negative,0.04887889205048961
1295702386720350210,negative,0.0013240075066829964
1295702387018014727,negative,0.11531720581921368
1295702387131158529,negative,0.11791842103449147
1295702387362070528,negative,0.03957686157108606
1295702389010432001,negative,6.123010504650005e-06
1295702392672002049,negative,0.007174118764223606
1295702395595501568,negative,0.021325735940539464
1295702395813605380,neutral,0.5885216974759996
1295702399605186560,negative,0.03424677648972107
1295702399651385346,negative,0.03957686157108606
1295702399714308097,negative,0.019251955365517923
1295702401752719361,positive,0.9973650369537395
1295702402889375747,neutral,0.4985928500860049
1295702402922881027,negative,0.03345254746742283
1295702403212283906,negative,0.0005207109971164184
1295702407322701824,negative,0.00010105005016432953
1295702407343677440,positive,0.6602183782564147
1295702408857780225,negative,0.054822153596434636
1295702409977778176,negative,0.0005207109971164184
1295702411009495042,negative,0.0005207109971164184
1295702411571413000,negative,0.00010105005016432953
1295702412607533056,negative,0.03424677648972107
1295702412968300545,positive,0.8438037279628701
1295702413995921415,negative,0.014692100903482533
1295702415799353344,negative,8.275189622430138e-09
1295702421881094144,negative,0.03957686157108606
1295702423122653185,negative,0.03957686157108606
1295702423995064320,negative,0.0010812266657807704
1295702428587823105,negative,0.01424290722706815
1295702429703589890,neutral,0.4575574633417399
1295702430345244674,negative,0.024152130020127942
1295702430638800897,negative,4.5922762298768534e-05
1295702430995419136,negative,0.10344528633905983
1295702431003746308,negative,0.0040425414539528295
1295702433306476544,negative,0.01424290722706815
1295702435336523776,negative,6.119932334678592e-05
1295702435466444802,negative,0.15331241043057187
1295702438616469504,negative,0.005452027887614909
1295702440382287872,negative,0.29327276917896616
1295702440877187072,negative,0.00026120416251448024
1295702443167305733,negative,0.01325874942621394
1295702445960638465,negative,0.016674209555223224
1295702446166204417,negative,0.03957686157108606
1295702448603095040,negative,0.004139388705274514
1295702449517363201,negative,0.016674209555223224
1295702450637348871,negative,0.09618224774355452
1295702450876317700,negative,0.07270591234575756
1295702453023903745,negative,0.11887281031159908
1295702454655492097,negative,0.1914825547800131
1295702454730928128,negative,0.03184689485492144
1295702455087439872,negative,0.06988429029043594
1295702458308722689,negative,0.0018763071406893098
1295702458803597312,negative,0.001583189841867743
1295702459604766722,negative,0.03424677648972107
1295702464025505793,negative,0.2672430911693565
1295702466831540225,negative,0.038330164007866596
1295702467980787712,negative,0.00010105005016432953
1295702468391768064,negative,0.00032453478192371715
1295702470228955138,negative,0.04887889205048961
1295702470925197314,negative,0.2582511194931266
1295702471231320066,negative,0.0033732906857155158
1295702475069108225,negative,0.03424677648972107
1295702476876926976,negative,0.01810773356783586
1295702477111726083,negative,0.03424677648972107
1295702486280540160,negative,0.007701554906241651
1295702486347653121,negative,0.03957686157108606
1295702487089864705,negative,1.6627891570511343e-06
1295702488042147840,negative,0.03424677648972107
1295702488788557826,negative,0.13564360817314908
1295702489224929281,negative,0.05324658050293806
1295702490185371648,negative,0.006201878322349085
1295702490428694528,negative,0.13444702951795837
1295702491380830210,negative,0.002721325096246616
1295702492882391040,negative,0.058527571783466986
1295702492966277121,negative,0.06998477233461779
1295702494459330560,negative,4.749338566166752e-05
1295702495935725579,positive,0.6634808066654354
1295702504366383111,negative,0.007701554906241651
1295702505276485634,negative,0.07270591234575756
1295702505293135872,negative,0.056050381419244635
1295702506392051719,negative,0.00010105005016432953
1295702506840838144,neutral,0.5297571159627419
1295702508673929217,negative,0.1080314881033488
1295702509198114818,negative,0.01187539733212953
1295702511307948032,negative,0.07767214368396072
1295702511660216321,negative,0.03698094237651565
1295702511681249280,negative,0.07270591234575756
1295702512532586496,negative,0.007701554906241651
1295702514021683200,negative,0.09935278785600588
1295702515774656512,negative,0.10858056358842402
1295702516227858432,negative,0.299013205241305
1295702517146411009,neutral,0.4575574633417399
1295702517221793793,negative,0.00023530437211488536
1295702523320455171,negative,3.0439707664671607e-05
1295702523421106177,negative,0.07270591234575756
1295702526080286720,negative,0.05324658050293806
1295702526281617409,negative,0.00010105005016432953
1295702528047435781,negative,1.5588783303000313e-10
1295702528672374790,positive,0.8318615781602878
1295702529444065283,negative,0.051006876849169186
1295702532564623363,negative,0.0011644006514748605
1295702532602437632,negative,0.009519505335820817
1295702533260881921,negative,0.05324658050293806
1295702537639731200,negative,6.1146723193864115e-06
1295702538256355330,negative,0.03424677648972107
1295702539829227523,negative,3.0439707664671607e-05
1295702541104275456,neutral,0.5673971260133672
1295702541355888640,negative,0.051006876849169186
1295702542056333313,neutral,0.3317529789493844
1295702542106714113,negative,0.05774420246377149
1295702543029370880,negative,0.03957686157108606
1295702543419486209,negative,0.04811903951899525
1295702546187780097,neutral,0.4033702508780281
1295702551640379393,negative,6.514452594671531e-05
1295702552391102464,negative,0.07270591234575756
1295702557394964481,negative,0.15317405554575128
1295702558607106051,negative,0.27266371982416004
1295702559689256960,negative,0.00021671473916723183
1295702565804548096,negative,0.04344417466732126
1295702568526647297,negative,0.007701554906241651
1295702571345227779,neutral,0.49183469028296756
1295702572825825280,negative,0.03184689485492144
1295702573165543424,negative,0.07270591234575756
1295702577678561281,negative,0.004631627283949271
1295702578458759169,negative,0.2672430911693565
1295702580954378241,negative,0.04137605284192735
1295702587073867778,negative,0.03957686157108606
1295702587753345024,negative,0.27266371982416004
1295702589976322049,negative,0.01833092812287377
1295702591364620290,negative,0.16222325440888194
1295702592241238016,negative,0.13176527658604123
1295702593264586755,negative,0.0011153219291604906
1295702593273044994,negative,0.07270591234575756
1295702593973477379,negative,4.788589600170631e-05
1295702594015436800,negative,0.03329967069360357
1295702596775223297,negative,0.1457931913862442
1295702597261766656,negative,0.11353775723843532
1295702597316349952,negative,0.03957686157108606
1295702597807017984,negative,0.16356022819751603
1295702599950368770,positive,0.9999796519663281
1295702602135592960,negative,3.3698318988219702e-09
1295702603582435329,positive,0.8690103078686926
1295702603720994818,negative,8.654521529698486e-05
1295702605340057600,negative,0.007701554906241651
1295702606799675399,negative,0.00011986949991922733
1295702608917798912,negative,0.00041407922449933224
1295702609425240064,negative,0.2560164897392721
1295702609714720768,negative,0.025257929958267193
1295702611283386375,negative,0.03329967069360357
1295702611635703809,negative,0.014162992454384139
1295702612248088578,negative,0.27266371982416004
1295702613720281089,negative,0.06988429029043594
1295702615276376066,negative,0.0005705267075494926
1295702615548862466,negative,0.07270591234575756
1295702616673058816,negative,0.058527571783466986
1295702618677948416,negative,0.275639177686177
1295702618791120897,negative,0.0011540833334014614
1295702619520983040,negative,0.007701554906241651
1295702621932707840,negative,0.17775680830642215
1295702623291682817,positive,0.8050357591492134
1295702623639818242,negative,0.07270591234575756
1295702630312955909,negative,0.07270591234575756
1295702631000805377,negative,0.1580829242590925
1295702631076298753,negative,0.03345254746742283
1295702633320153088,negative,0.07270591234575756
1295702633576042496,negative,0.004405983551560181
1295702636621176832,negative,0.2041476266044856
1295702637426483202,negative,0.00041407922449933224
1295702640836435969,positive,0.9857672649082079
1295702642417717248,neutral,0.5177346628168886
1295702643499839490,negative,4.788589600170631e-05
1295702643638013952,negative,2.175230684462877e-06
1295702645232074752,positive,0.7576684768753745
1295702647220113408,negative,0.2672430911693565
1295702647778025472,negative,8.76068696072578e-06
1295702653494755329,negative,0.03424677648972107
1295702653595537408,negative,0.08656846801736241
1295702656879648770,negative,0.07269730280300223
1295702656959291393,negative,0.05962718294572116
1295702658637078534,negative,0.009118806431389438
1295702658888728578,negative,0.03424677648972107
1295702661283614720,negative,0.07270591234575756
1295702662940430337,negative,0.0005207109971164184
1295702664286736384,negative,0.01661503369708779
1295702665213640704,negative,0.006219809158248545
1295702669668089857,negative,0.06704774671246584
1295702670028746759,negative,0.2672430911693565
1295702671098368000,negative,0.07270591234575756
1295702672130146304,negative,0.0023185423629550304
1295702672666963968,negative,0.03424677648972107
1295702675733073921,negative,0.0005207109971164184
1295702676618063872,negative,0.07270591234575756
1295702678438318080,negative,0.019369896895798135
1295702678631264259,neutral,0.5315534514659949
1295702683609903104,negative,0.17775680830642215
1295702684184576000,negative,0.00434300526405367
1295702686587932672,negative,0.0005207109971164184
1295702687745548294,negative,0.08607640500967878
1295702688852774912,negative,0.030321283467732354
1295702689242726401,negative,0.07270591234575756
1295702689842515970,negative,0.006100314913498225
1295702690593411073,negative,0.00010105005016432953
1295702690597658624,negative,0.08467181435203253
1295702690727636993,negative,0.05324658050293806
1295702692124405760,negative,0.002524527320692467
1295702692426330113,negative,0.17775680830642215
1295702695517597697,negative,0.051006876849169186
1295702697342046208,positive,0.9877003275848012
1295702699753844736,negative,0.03424677648972107
1295702699837730816,negative,0.004362682390664294
1295702702513692672,negative,4.169541059454128e-05
1295702703008514048,negative,0.12703079801528697
1295702706376413184,negative,0.09889605864603755
1295702707714621443,negative,5.028375240132977e-06
1295702707718717440,negative,0.02845985323905757
1295702707844665344,negative,0.0010818630694673405
1295702709190918145,negative,0.003977657918573474
1295702710336061440,negative,0.012042094004785316
1295702711355289601,negative,0.004033523303736708
1295702711539847168,negative,0.0007750748805802907
1295702712210935810,negative,0.17775680830642215
1295702714601570304,negative,0.03424677648972107
1295702718384832518,negative,0.000777437384790181
1295702720305934336,neutral,0.3831464621234274
1295702721216090112,negative,4.878182934586879e-06
1295702721459294209,negative,0.2772512134771602
1295702723099320320,negative,0.0005958591321974365
1295702725049700354,negative,0.015005561617879472
1295702726282752006,negative,0.04268449053750011
1295702754854240256,negative,0.09889605864603755
1295702754975813632,negative,0.00010105005016432953
1295702756993445888,negative,0.0007923567652039523
1295702757186338822,negative,0.0006536155611459962
1295702759744901122,negative,0.17775680830642215
1295702764887183361,negative,0.07270591234575756
1295702765046505479,negative,0.03276807075493296
1295702767110098945,negative,0.04137605284192735
1295702767382736896,negative,0.0898214713822969
1295702768192282625,negative,0.07137795979180471
1295702771287699457,negative,0.1624822564138482
1295702774114656258,negative,0.0005207109971164184
1295702776463470592,negative,0.13426366226605765
1295702778422198279,negative,0.07270591234575756
1295702778929713152,negative,6.0880798353042644e-05
1295702783669215240,negative,0.15814967988239612
1295702784273260544,negative,0.015005561617879472
1295702787725103107,negative,0.07172942413219888
1295702787846737920,negative,0.2560164897392721
1295702788232577024,negative,0.21417658836670225
1295702788480131073,neutral,0.6182218627094306
1295702790841524224,negative,0.20679555542334002
1295702791944642562,negative,0.0005207109971164184
1295702792565334016,negative,0.26238875636251957
1295702793265786881,negative,0.1195410590463671
1295702794327007233,neutral,0.4033702508780281
1295702796570898434,negative,0.0005003820658617559
1295702796751314945,positive,0.8021741354223496
1295702800823984129,positive,0.8438037279628701
1295702801742532614,positive,0.9804244454961873
1295702804200398849,negative,0.018376445187170718
1295702805634678784,negative,3.5535423851047363e-06
1295702805911609344,negative,7.655922843169598e-07
1295702806414929920,negative,0.002560833048369448
1295702806419120129,negative,0.030273009223634344
1295702806771437569,negative,0.05324658050293806
1295702807639556097,negative,0.005382606401175429
1295702807639724032,negative,0.24689318720393857
1295702807782346753,neutral,0.4814216422911448
1295702813129891846,negative,0.000991417207706187
1295702813545201664,neutral,0.3486852992903501
1295702814325440512,negative,0.024152130020127942
1295702814824554496,negative,0.17775680830642215
1295702815503978496,negative,0.017970796455310016
1295702818012246017,negative,0.14980993133181977
1295702821132800002,negative,0.07270591234575756
1295702821652688897,negative,0.07270591234575756
1295702822814654464,negative,0.17775680830642215
1295702823942991873,neutral,0.5315534514659949
1295702824010035201,negative,0.023375664249609268
1295702824337186820,negative,0.04887889205048961
1295702827080261635,negative,0.09750256409854446
1295702827357147137,negative,0.00034325132712054304
1295702827805880322,negative,0.01325874942621394
1295702830024712193,negative,0.03424677648972107
1295702830746148864,negative,0.051006876849169186
1295702832373432320,negative,0.17775680830642215
1295702834504245249,negative,0.03957686157108606
1295702834621677568,negative,0.0793004912566736
1295702837163433986,negative,0.0015279979606158424
1295702838019076096,negative,0.03957686157108606
1295702838161690626,negative,0.007174118764223606
1295702843891097601,negative,0.03424677648972107
1295702845887524869,negative,0.05324658050293806
1295702847598845953,negative,0.003952111195386317
1295702849800884229,negative,0.0005207109971164184
1295702850086023169,negative,1.4279729456142541e-07
1295702850132152320,negative,0.00010105005016432953
1295702852820664320,negative,0.03957686157108606
1295702854364286979,positive,0.9705720884635586
1295702855106560003,negative,0.03424677648972107
1295702855542870023,negative,0.048641173774364964
1295702855702241280,negative,0.05774420246377149
1295702855836487680,negative,0.2195755253789885
1295702856599773193,neutral,0.4331739442710329
1295702857216393216,negative,0.19058056811077337
1295702857337970688,negative,0.01301559573288228
1295702859313553410,negative,0.07270591234575756
1295702859451899913,negative,0.0010068814904455425
1295702859510616065,negative,0.00010105005016432953
1295702860722774019,neutral,0.5118240106231352
1295702863394541569,negative,0.05324658050293806
1295702863797248000,neutral,0.41960601926884533
1295702865961299969,positive,0.9968915763573204
1295702869560172545,negative,1.0372377649992076e-07
1295702870038392833,positive,0.7500900566620539
1295702870134792192,negative,0.00010105005016432953
1295702870705278978,negative,0.07270591234575756
1295702871321636864,negative,0.00499528002672183
1295702872408166405,negative,0.0005958591321974365
1295702872852590596,negative,0.03332549893247385
1295702876124315648,negative,0.007461233439279354
1295702876753362944,negative,0.017727716260537957
1295702877126758401,positive,0.8379334693979041
1295702878133399552,negative,0.001071925652579372
1295702878594781185,negative,0.0005207109971164184
1295702878716227584,positive,0.8508357203600186
1295702880494784512,neutral,0.4147342023902695
1295702882810040321,negative,0.17775680830642215
1295702884676440064,neutral,0.6209600508823004
1295702885133701120,neutral,0.3836005520512109
1295702893824225280,negative,0.32990409151651656
1295702894965137409,negative,0.0018235692547024485
1295702896328290305,negative,0.07270591234575756
1295702898995802113,positive,0.9400518908517387
1295702900744781824,negative,0.04887889205048961
1295702901227229186,negative,4.788589600170631e-05
1295702902531600386,neutral,0.5315534514659949
1295702902892384256,negative,0.03424677648972107
1295702904519692288,negative,0.009519586546924306
1295702904616214528,negative,0.17775680830642215
1295702905090125825,negative,0.014680187541276389
1295702909343215622,negative,0.0004930985307503336
1295702910622478336,negative,0.17775680830642215
1295702911138308096,negative,0.05376769590432677
1295702911805198336,negative,0.14017604702344794
1295702913541693440,negative,0.17775680830642215
1295702915164897280,positive,0.8023475604602576
1295702915294932992,negative,0.17775680830642215
1295702915303313409,negative,0.00010105005016432953
1295702916062380032,negative,0.0745162726190303
1295702916821594112,neutral,0.3388613195329075
1295702916834250752,positive,0.8023475604602576
1295702918025314305,negative,0.07347714951871995
1295702937398849536,neutral,0.4507454498615163
1295702938887823361,negative,0.029402151254498125
1295702939525361664,negative,4.788589600170631e-05
1295702943400943617,negative,6.143864354105239e-05
1295702944113885184,negative,0.07270591234575756
1295702945837854725,negative,0.03424677648972107
1295702948719230978,negative,9.034324551098368e-08
1295702950896177152,positive,0.9488189642934285
1295702951143645185,negative,0.23317267116295456
1295702951172898816,neutral,0.4812279960701258
1295702953538592768,negative,0.09528013541942278
1295702953878343680,negative,0.07270591234575756
1295702955849654272,negative,0.0026092470125293156
1295702956227153920,negative,0.023375664249609268
1295702956499701763,negative,0.12197124397122686
1295702958156341248,negative,0.0016070043655946435
1295702959368667137,positive,0.9968915763573204
1295702961788723202,negative,0.22060580157182338
1295702964041023492,negative,0.016964151784983287
1295702964879929345,negative,0.006100314913498225
1295702968570978304,negative,0.030008655726121675
1295702975755816962,negative,0.23317267116295456
1295702977005707264,negative,0.0010068814904455425
1295702983230001152,negative,0.07270591234575756
1295702983414624256,negative,0.062497648602797405
1295702983754342400,negative,0.0016070043655946435
1295702984714850311,negative,0.03424677648972107
1295702985280897024,negative,0.0005207109971164184
1295702985843126275,negative,5.567882473236643e-07
1295702987495661570,negative,0.00023530437211488536
1295702989034971136,negative,0.2971569503176048
1295702990502887424,negative,2.017162925931925e-08
1295702992059019266,negative,0.035069397219218146
1295702992210010117,negative,0.17775680830642215
1295702992616919040,negative,0.0032064966214290433
1295702993678082049,negative,0.03477891491735291
1295702994676256770,negative,0.011469601449363653
1295702995930406912,negative,9.292293399781645e-06
1295702999575166978,negative,0.033331939801140534
1295702999684337665,positive,0.9857900517403297
1295703002368692232,positive,0.9972523236788144
1295703003803025408,negative,0.015864732798799245
1295703004532764674,positive,0.7867757066976593
1295703006118391810,negative,4.788589600170631e-05
1295703008492367873,negative,0.039183890294726784
1295703010283331585,negative,0.001544134217589443
1295703010530689024,negative,0.0019818169123709756
1295703011482894337,negative,0.004280114626471995
1295703011604430848,negative,0.04541631091112969
1295703011944275968,negative,0.19140476490616698
1295703013684805635,negative,0.2672430911693565
1295703014158798848,negative,4.169541059454128e-05
1295703014481821697,negative,0.03957686157108606
1295703016901836802,negative,0.010113815134571876
1295703019200434177,negative,0.012236083427738314
1295703019540144129,negative,8.56488785866713e-05
1295703021062692864,negative,0.051006876849169186
1295703022044094464,positive,0.8690103078686926
1295703024975912960,negative,0.13449786664433144
1295703026833989633,positive,0.6634808066654354
1295703027093995521,positive,0.8690103078686926
1295703028356599808,negative,0.009519586546924306
1295703031498133508,negative,0.14150261258471838
1295703032823504906,negative,0.2560164897392721
1295703034119495680,negative,0.00018426564762325838
1295703036472496128,negative,0.03957686157108606
1295703036485079041,negative,0.03957686157108606
1295703038263463944,negative,0.00010105005016432953
1295703038276050944,negative,0.07564133706531022
1295703039018500097,negative,7.900874868746993e-05
1295703039983194112,negative,0.17775680830642215
1295703040104816646,negative,0.21639012912482727
1295703043472789513,negative,0.021325735940539464
1295703045880385536,negative,0.03957686157108606
1295703047541346305,negative,1.2861574313822617e-05
1295703049508397057,negative,0.0006885759276603174
1295703053182676994,negative,0.24963339457830638
1295703054352867328,neutral,0.3324231179095409
1295703054709411840,positive,0.8050357591492134
1295703054717657089,negative,1.5712217293861725e-06
1295703055518900225,positive,0.9245151347787711
1295703056169021442,negative,0.03424677648972107
1295703057003614208,neutral,0.6084224475487868
1295703059797028864,negative,0.1805827127761289
1295703061369892864,negative,0.000546729215300818
1295703061407715328,neutral,0.4847580709731795
1295703065203486728,negative,0.016674209555223224
1295703065572646913,negative,0.004346223592228677
1295703067145523200,negative,0.03424677648972107
1295703069557239808,negative,0.2672430911693565
1295703069611753473,negative,0.0006536155611459962
1295703071188811791,negative,0.00024621912790476246
1295703071545331714,negative,0.13991279622150005
1295703075802566658,neutral,0.3519088509504407
1295703076150611969,negative,0.01424290722706815
1295703077140541441,positive,0.8050357591492134
1295703077757034497,positive,0.6634808066654354
1295703081393491969,negative,0.00041407922449933224
1295703084304236545,negative,0.0007923567652039523
1295703084916715526,negative,0.16406836902599561
1295703088070905857,negative,0.07270591234575756
1295703089698287619,negative,0.00028049952451091276
1295703091711549440,negative,0.01661503369708779
1295703093045342208,negative,0.07270591234575756
1295703094613942272,negative,0.07270591234575756
1295703095108919298,negative,0.17775680830642215
1295703095150874625,negative,0.0070958994342599935
1295703095964512258,negative,0.12134150278161063
1295703096358768640,negative,0.010139005520442992
1295703097289969664,negative,0.0744184792942043
1295703098451689473,negative,0.03329967069360357
1295703101236748288,negative,2.9077282486714098e-05
1295703101689794560,negative,0.32219403794824103
1295703102021132289,negative,0.04536213793596654
1295703103296217088,negative,0.23317267116295456
1295703104294395906,neutral,0.44515666723971453
1295703104437006337,negative,7.900874868746993e-05
1295703104822939651,negative,0.0015279979606158424
1295703110409748480,neutral,0.5463468799292354
1295703151526531072,negative,0.007701554906241651
1295703153682321418,negative,7.399561970594372e-11
1295703154772848640,negative,0.06946810686369068
1295703157696339968,neutral,0.5118605533127536
1295703158958829570,negative,0.03424677648972107
1295703159038513152,negative,0.028880301642364277
1295703160531582977,negative,6.0880798353042644e-05
1295703160711835651,negative,0.00010105005016432953
1295703164960808965,negative,0.0009641562241211409
1295703165753364480,negative,0.000871387631489956
1295703166256898048,negative,0.0005207109971164184
1295703166353313793,negative,0.03788862785225292
1295703166592397313,negative,0.25329938617552805
1295703167976472577,negative,0.12756770524307184
1295703168232370177,negative,0.05324658050293806
1295703168639283200,negative,0.24814162135346976
1295703168802852864,negative,0.0004732977000845685
1295703169520095234,negative,0.16520986905231105
1295703170400714753,negative,0.001298497426976664
1295703171017342982,negative,0.05774420246377149
1295703173240426496,negative,4.169541059454128e-05
1295703173290692608,negative,0.14999565204107748
1295703175194914817,negative,0.03957686157108606
1295703180110692352,negative,0.31732489718339985
1295703186091712514,negative,0.17775680830642215
1295703187488477184,negative,0.051006876849169186
1295703189191299075,neutral,0.4147342023902695
1295703189556256768,positive,0.7522148956600053
1295703193712820227,negative,0.0009309096130113586
1295703197705744385,negative,0.06227944565466594
1295703199291183109,negative,3.3640875218122954e-05
1295703201447018497,negative,0.0010939498816846692
1295703203888205830,negative,0.04641950609166258
1295703205620350977,negative,0.005390477853324981
1295703206694133764,negative,0.1207867700008839
1295703209248526340,negative,8.927824018157378e-06
1295703213375717376,negative,0.06924054420465577
1295703214948601857,negative,0.07270591234575756
1295703219017056256,negative,1.2194082989641357e-05
1295703225291735040,negative,0.03957686157108606
1295703232661131264,negative,0.0005207109971164184
1295703235190235138,positive,0.9960074632693179
1295703236289191936,positive,0.9999882225266734
1295703236998029313,negative,0.00011706970378355754
1295703239766282240,negative,0.04536213793596654
1295703239883726848,neutral,0.3688791045404273
1295703240210894850,negative,0.011127147503708475
1295703240571531268,negative,0.029457802799308472
1295703240579973121,negative,0.010027369767560426
1295703240604966913,negative,0.005300541109841402
1295703240659496960,negative,0.005970020256066526
1295703240701546497,negative,5.5750093595811765e-05
1295703240718209025,neutral,0.5913545905229565
1295703240806408195,negative,0.047668799682274915
1295703240953167872,negative,0.03171371550910434
1295703241062154241,negative,3.26475019314001e-08
1295703241137758210,negative,3.0439707664671607e-05
1295703242672922624,positive,0.8629923951595934
1295703245969674240,negative,0.04268449053750011
1295703246586159104,negative,0.0007923567652039523
1295703247605370880,negative,0.07270591234575756
1295703247936794625,negative,0.016393079289107666
1295703250600165377,neutral,0.3705912732253172
1295703250633723904,positive,0.9998639034999872
1295703251694882816,positive,0.8577795481127755
1295703252835733505,negative,0.0007455668785162447
1295703253578059777,negative,0.18926973918673454
1295703253846458369,negative,0.011127147503708475
1295703254563721218,positive,0.9986804808282069
1295703255146790912,negative,9.892540170908172e-06
1295703255968821248,negative,0.13115630273307913
1295703256308621316,neutral,0.411594083119197
1295703259068248064,negative,0.00499528002672183
1295703259454361601,neutral,0.3366235284071847
1295703259513053187,positive,0.9705720884635586
1295703259785637888,negative,0.11713079422661642
1295703260313948163,negative,0.03332549893247385
1295703260767100930,negative,0.07270591234575756
1295703261513687043,negative,0.010113815134571876
1295703261706674178,negative,0.04618596413143186
1295703261979254785,neutral,0.39103425942138265
1295703262184853504,negative,0.19058056811077337
1295703262771978240,positive,0.8187153796663562
1295703263153594373,negative,0.00499528002672183
1295703263661129733,negative,0.00021671473916723183
1295703264214650881,negative,0.00499528002672183
1295703266052001792,negative,0.3150331176727954
1295703266328625152,negative,0.03332549893247385
1295703266370580480,negative,0.24207567319580092
1295703267104759813,negative,0.005390477853324981
1295703267889025025,negative,0.123633413751715
1295703268090208256,negative,0.03332549893247385
1295703271810764800,neutral,0.3327887111056961
1295703272389521409,negative,0.04505628578148248
1295703273131978752,negative,0.008583627463239532
1295703274327355392,negative,0.004631627283949271
1295703274767753216,negative,0.0741477510520514
1295703277099782147,negative,3.0439707664671607e-05
1295703277707894784,negative,0.02959739943929172
1295703278014038016,negative,0.0015532076164434178
1295703278060216320,negative,0.21740270652894375
1295703283084996610,negative,0.04866782195762114
1295703283215065088,negative,0.07270591234575756
1295703283877720064,neutral,0.3771686372433501
1295703284636942338,neutral,0.44243585492694903
1295703284817240064,negative,1.744154839205254e-05
1295703285765042178,negative,0.29676789564387285
1295703287510044673,negative,0.00577176324814249
1295703287916834816,negative,0.00034325132712054304
1295703289816850433,negative,0.05324658050293806
1295703295898669058,negative,0.010113815134571876
1295703296687124480,negative,0.014904739097829592
1295703300625633280,negative,0.00046092038747935505
1295703301946839041,negative,2.4731794781859325e-10
1295703302475325441,negative,0.07270591234575756
1295703330971320320,negative,4.788589600170631e-05
1295703332858859520,negative,0.018199052326185933
1295703333928423425,negative,3.0439707664671607e-05
1295703334117150720,negative,1.2861574313822617e-05
1295703335148949504,negative,0.004631627283949271
1295703339770900481,negative,0.019251955365517923
1295703340173729792,negative,0.0061330667515601
1295703340228268035,negative,0.004126274292203244
1295703342652493824,negative,0.01434100312978073
1295703344212774919,negative,0.17775680830642215
1295703346418978816,negative,0.2560164897392721
1295703350718140417,negative,0.0009309096130113586
1295703350885978112,negative,0.07270591234575756
1295703356640550914,neutral,0.5726457227482352
1295703358448316416,negative,8.994809717923342e-06
1295703360469897216,negative,0.05637237317617986
1295703360901963777,negative,0.051006876849169186
1295703362076397569,negative,0.0005207109971164184
1295703362701348865,negative,0.02347720471286959
1295703366279077894,negative,0.004631627283949271
1295703366979510272,negative,0.006100314913498225
1295703369785528328,negative,2.65850359220359e-05
1295703372507602950,negative,0.0007923567652039523
1295703372683595777,negative,0.13076817551638664
1295703377238806528,neutral,0.4575574633417399
1295703380149645314,negative,5.013388344873922e-05
1295703383995813888,negative,0.004867318553551363
1295703386474655745,negative,1.195676318618538e-08
1295703386667601920,negative,0.0002485881862493363
1295703387091218432,negative,0.00010105005016432953
1295703389972693002,negative,0.0006694397429897245
1295703390484398081,negative,0.13449786664433144
1295703391046443011,negative,0.17775680830642215
1295703391805603841,negative,6.193353836930316e-05
1295703393084858369,negative,0.004346223592228677
1295703394343170050,negative,0.15317405554575128
1295703399103713281,negative,1.1543040769032338e-05
1295703400726712320,negative,0.00027760144516609294
1295703401309839362,neutral,0.6179072019147192
1295703402400436225,negative,0.0005207109971164184
1295703403348332544,positive,0.9997424263434954
1295703403679625221,negative,1.4423608055809534e-06
1295703406338768896,negative,0.001544134217589443
1295703407580323840,negative,0.058527571783466986
1295703407681048576,negative,0.051006876849169186
1295703408108806146,negative,0.2744525977553315
1295703408515723264,negative,0.07269730280300223
1295703410637930501,positive,0.9931197463134209
1295703413540388864,neutral,0.480992991909443
1295703414819758084,negative,0.0004704218188378972
1295703415012589568,positive,0.932015867065658
1295703416493285376,positive,0.999999120022199
1295703417055326208,negative,6.0880798353042644e-05
1295703421987647489,negative,0.019251955365517923
1295703423682256898,negative,1.0860520747810629e-12
1295703423732666369,negative,0.1588795210083761
1295703424080711680,neutral,0.6179072019147192
1295703429256491008,negative,0.10336993343039566
1295703431550836736,negative,0.04258011744510042
1295703437569601537,negative,0.02589425357917706
1295703439796768769,negative,0.03329967069360357
1295703441411629058,negative,0.03957686157108606
1295703442619539457,negative,0.0007924858194624713
1295703442850222083,positive,0.932015867065658
1295703443202551811,negative,0.05324658050293806
1295703443726913537,neutral,0.4740134798084637
1295703444171501571,negative,0.05017656982950122
1295703445102616582,negative,0.04274870898572828
1295703447577202691,negative,0.0005207109971164184
1295703448676073474,negative,0.0117750990323347
1295703449217249280,neutral,0.49789225920557484
1295703449766711296,negative,0.015114988563143843
1295703451649765378,negative,0.07270591234575756
1295703453847748610,negative,0.006100314913498225
1295703454132973569,positive,0.9970126517111361
1295703454585946112,negative,0.020017900826551416
1295703455462576129,negative,0.03957686157108606
1295703459921039360,neutral,0.6543543736446674
1295703462777425920,neutral,0.5118605533127536
1295703463188475904,positive,0.932015867065658
1295703464119590914,neutral,0.5136446707795853
1295703464161550336,negative,2.6611473434121244e-09
1295703464333500419,negative,0.07270591234575756
1295703464983625728,negative,0.00010105005016432953
1295703469266022400,negative,0.2426199675183989
1295703470041960449,negative,3.13606594226469e-05
1295703473057599488,negative,0.08331346415163847
1295703473191890945,negative,0.0005207109971164184
1295703478631710720,negative,0.16643572248860447
1295703478745149444,negative,0.10736020681226079
1295703478988353536,negative,0.09437416427174024
1295703480980639744,negative,0.004631627283949271
1295703481756639232,negative,0.03715909057867789
1295703483463729154,positive,0.6885274836661365
1295703483677646850,negative,0.0006875879974825735
1295703484143206400,positive,0.9999882225266734
1295703484969422848,negative,0.01325874942621394
1295703485225336832,negative,0.07270591234575756
1295703485997031425,negative,0.22418380853995465
1295703487091793920,negative,0.03184689485492144
1295703487389618179,negative,0.03957686157108606
1295703488844922880,neutral,0.5405634059605783
1295703489289609216,negative,0.03424677648972107
1295703489662922754,negative,0.051006876849169186
1295703493911752704,negative,0.01661503369708779
1295703494041665539,negative,0.03424677648972107
1295703495190941703,positive,0.9968915763573204
1295703495337803777,negative,0.01424290722706815
1295703497070059521,negative,0.03957686157108606
1295703497246224391,negative,0.05324658050293806
1295703497682366471,positive,0.9960760401223716
1295703499813134337,negative,0.3073174783428011
1295703501578948610,negative,0.10278252818949932
1295703502786682880,negative,0.019251955365517923
1295703505630572546,positive,0.725664966497563
1295703506742108160,negative,0.019305776700423476
1295703509573292032,negative,0.03424677648972107
1295703511120908289,negative,0.004631627283949271
1295703527705186304,negative,0.01325874942621394
1295703533661151233,positive,0.9968915763573204
1295703535762513920,negative,0.00011706970378355754
1295703537243107328,negative,0.07270591234575756
1295703538002268160,negative,0.03659032535148509
1295703538421706752,negative,0.06318615365090959
1295703538719490048,negative,0.19650846305521544
1295703539923267585,negative,0.0003240564475689779
1295703545979850753,negative,0.004090149437497315
1295703548118925313,negative,6.379389218829304e-08
1295703548462858242,negative,0.005300541109841402
1295703548773244928,positive,0.6792494575444393
1295703548949344258,negative,0.058993819506916116
1295703552233541637,negative,0.0012261384072672855
1295703552476807171,negative,0.00011379540270006691
1295703555018498048,negative,0.08161158602374756
1295703556599750656,negative,0.012849439395608548
1295703556650151936,negative,0.07978495331751732
1295703562220113927,negative,0.0002966427254747981
1295703562987741185,neutral,0.34848625425505475
1295703568738070528,negative,0.2029615144872654
1295703575084044289,neutral,0.36701816181223185
1295703575574843393,negative,0.03884874141799879
1295703579605508096,negative,0.07684401437289562
1295703579676667904,negative,0.019251955365517923
1295703581161656321,neutral,0.4058344530358748
1295703582843510784,negative,0.051006876849169186
1295703583300755461,negative,0.17775680830642215
1295703586534559750,negative,2.6183446286791966e-05
1295703587033669633,negative,4.33643300132148e-06
1295703588581384193,positive,0.9833149891693774
1295703589487288322,negative,0.15167273773187454
1295703589877362688,neutral,0.5315534514659949
1295703591001391106,negative,3.0439707664671607e-05
1295703591303421956,negative,0.005105476252448527
1295703592482021376,negative,0.07270591234575756
1295703595409694720,positive,0.9999998941319375
1295703598479937536,positive,0.6721553852967019
1295703599746412544,negative,0.0009645445931260158
1295703601046851585,negative,5.438085548884659e-07
1295703601684320259,negative,0.07270591234575756
1295703605157285888,negative,0.05783321935647288
1295703608500146177,negative,0.03957686157108606
1295703609766817793,negative,0.051006876849169186
1295703609804574720,negative,0.05324658050293806
1295703610098094082,negative,0.23317267116295456
1295703611742330880,negative,0.00022158549459205267
1295703612350517248,negative,0.13449786664433144
1295703612593778691,negative,0.029381330142585933
1295703613340291077,negative,0.014162992454384139
1295703614514581504,neutral,0.5298685075723683
1295703615928184833,negative,0.03659032535148509
1295703616389513220,negative,0.05324658050293806
1295703616611848192,negative,3.5297834190586844e-05
1295703618163740674,negative,0.13449786664433144
1295703618260217856,negative,0.03957686157108606
1295703620646776833,negative,0.025257929958267193
1295703623167614976,negative,0.04245160174263814
1295703623393898496,negative,0.007174118764223606
1295703623440236547,negative,0.03957686157108606
1295703626430767104,negative,0.00010105005016432953
1295703626929799168,negative,0.10109616373456466
1295703628649566208,negative,0.13449786664433144
1295703629450694656,negative,0.20039568222665155
1295703631862398976,negative,0.0016027177158708132
1295703633619812352,negative,0.0038961697290101193
1295703635339378689,negative,0.05190196214935489
1295703636308361216,negative,0.002466537837411913
1295703636509630465,negative,0.051006876849169186
1295703639642734595,negative,0.00024621912790476246
1295703641324691456,negative,0.06377054157198513
1295703648153014273,positive,0.6634808066654354
1295703649998401536,negative,0.0016608781461550897
1295703651646730251,neutral,0.5118605533127536
1295703652024438785,negative,0.007050840617600353
1295703655736377344,negative,0.0806316904462812
1295703656797556736,negative,0.03957686157108606
1295703657464262658,negative,0.000925043004987632
1295703658890395648,positive,0.9960074632693179
1295703659670654976,negative,0.23317267116295456
1295703660454916098,negative,4.814579886112316e-05
1295703661998481408,negative,0.0014369776008505092
1295703663789387777,negative,0.2971569503176048
1295703664695353344,negative,0.04157904464073561
1295703666566078464,negative,0.017113449170613283
1295703669002862592,negative,0.0009645445931260158
1295703673847214082,negative,0.004631627283949271
1295703676057788416,negative,0.004139388705274514
1295703680331677696,negative,0.007701554906241651
1295703684068904962,neutral,0.38771289788091756
1295703684974874625,negative,2.5771891473067862e-05
1295703698266632192,negative,0.07270591234575756
1295703698396590084,negative,0.0003240564475689779
1295703698904174593,negative,0.15331241043057187
1295703700837564417,negative,0.016674209555223224
1295703701206769666,negative,0.023375664249609268
1295703704566403072,negative,0.0013593181842533894
1295703706609090564,neutral,0.33880204069752723
1295703706764300288,negative,0.1457931913862442
1295703707477250048,neutral,0.3327887111056961
1295703707842220032,negative,0.23897607896958062
1295703711373766657,negative,0.17775680830642215
1295703712745369604,negative,0.00021671473916723183
1295703713110044672,negative,0.17775680830642215
1295703716566388736,neutral,0.4873441326192723
1295703718671745024,negative,0.0016070043655946435
1295703719716298753,neutral,0.4814216422911448
1295703720500568069,positive,0.9705720884635586
1295703721247203329,negative,0.0009309096130113586
1295703721750540288,negative,0.05324658050293806
1295703724296491011,neutral,0.3324231179095409
1295703724808175622,negative,0.2560164897392721
1295703726057897984,negative,8.406386431606291e-08
1295703727916097538,negative,0.020386793843129348
1295703728704630784,positive,0.9060086743409728
1295703736690577414,negative,0.06377054157198513
1295703737680433154,negative,0.00011706970378355754
1295703737957330944,negative,0.18854684553251258
1295703739093913601,negative,3.0439707664671607e-05
1295703741094662145,negative,0.19100887337343067
1295703742902222848,negative,0.0007923567652039523
1295703744450043904,negative,0.03424677648972107
1295703744739454979,positive,0.8690103078686926
1295703747172143105,negative,0.16406836902599561
1295703747428061186,neutral,0.5448685100683756
1295703748795408385,negative,0.03957686157108606
1295703748849946629,negative,0.0005209270308561501
1295703748950536195,negative,0.07137795979180471
1295703750619860993,negative,0.10650349388225269
1295703751140016129,positive,0.9998639034999872
1295703751752404992,positive,0.900208886064935
1295703752545054720,neutral,0.44515666723971453
1295703752557633536,negative,0.17775680830642215
1295703754361073664,negative,0.24081627254952076
1295703754755506177,negative,0.0009309096130113586
1295703758182273024,negative,0.10278252818949932
1295703758408744960,negative,0.03080129182964726
1295703760753381377,negative,0.01765829064066536
1295703762753986564,negative,0.03957686157108606
1295703762867236870,negative,0.0003240564475689779
1295703764658032641,negative,0.22571658443345985
1295703766440783878,negative,0.07270591234575756
1295703768076627974,negative,0.05324658050293806
1295703768298737664,negative,0.013415967452685461
1295703771557896197,negative,0.03329967069360357
1295703775135649792,negative,0.15381631435093823
1295703777652158465,negative,0.005390477853324981
1295703778491015169,negative,0.2672430911693565
1295703778629484544,negative,1.6791384230121472e-08
1295703778814025728,negative,0.07270591234575756
1295703779619360769,negative,0.008371975499451522
1295703781162790912,negative,4.0472718740694836e-07
1295703782165184518,positive,0.9963387162423705
1295703786900553730,positive,0.9804244454961873
1295703787399712768,negative,0.24081627254952076
1295703789308194818,negative,0.05053313372771935
1295703790646165504,positive,0.961086723834492
1295703791657000962,negative,0.0005207109971164184
1295703796039987201,positive,0.8878533828519676
1295703796589502466,negative,0.003932802067874805
1295703798451785728,negative,3.0439707664671607e-05
1295703799663939585,negative,8.655680234753209e-05
1295703801077391366,negative,0.03424677648972107
1295703802104905728,negative,0.17494037764364076
1295703802352459778,negative,0.0016010048496413929
1295703802834833410,neutral,0.5505550505941735
1295703805225512961,positive,0.9462533471728181
1295703807989624832,negative,0.0002676624271692566
1295703808618704898,negative,0.17775680830642215
1295703809218547719,negative,0.03424677648972107
1295703810732589056,negative,0.05324658050293806
1295703814692110337,negative,0.03957686157108606
1295703826205495298,negative,0.0020051294093796864
1295703830101757954,positive,0.8050357591492134
1295703831175626752,negative,0.1404598041233996
1295703833503567874,negative,0.16630108546080927
1295703837936885760,negative,9.196923888637306e-06
1295703838012432384,negative,0.00033180773632020835
1295703840101216256,negative,0.023375664249609268
1295703840457732098,negative,0.17775680830642215
1295703843544727552,negative,0.028967324625841596
1295703846493327360,positive,0.6968748217673784
1295703847491387393,negative,0.00010105005016432953
1295703848489754624,neutral,0.4213104576626673
1295703856253411333,negative,3.175083303329696e-05
1295703856932847616,negative,0.167122081816534
1295703857130016769,negative,0.0014369776008505092
1295703857553715200,negative,0.0029296754229928314
1295703857734004738,neutral,0.6522682007665448
1295703858031874049,negative,0.010113815134571876
1295703858883244034,negative,0.16102526123781008
1295703858912661504,negative,6.312011889186088e-05
1295703862523895811,negative,9.844110545864803e-06
1295703866349178881,negative,1.981123190779222e-08
1295703874209296386,negative,0.00021671473916723183
1295703875094286336,negative,0.00018357298220352653
1295703881549258760,positive,0.9804244454961873
1295703881687666688,negative,1.5383532073751264e-12
1295703882497171456,negative,0.00010105005016432953
1295703882702688256,negative,0.02424331724963181
1295703885391093760,negative,0.07270591234575756
1295703886133633025,negative,0.000559856016422361
1295703887446450177,neutral,0.5118240106231352
1295703887769415684,negative,0.03424677648972107
1295703888113348608,negative,0.21593946531192237
1295703888704675841,negative,0.06376468035378331
1295703890361450496,negative,0.015055912619407454
1295703892240617479,neutral,0.3366235284071847
1295703894874521600,negative,0.014680187541276389
1295703897487618048,negative,0.00010105005016432953
1295703900507512832,positive,0.8050357591492134
1295703900755038208,negative,0.014162992454384139
1295703901031796736,negative,0.015114988563143843
1295703902306865152,negative,4.788589600170631e-05
1295703903426744320,negative,0.1618247840871683
1295703903565209600,negative,0.014005275547964236
1295703904479576064,negative,0.014162992454384139
1295703904559259648,negative,0.17775680830642215
1295703909160431616,negative,0.03483307538077289
1295703910330531841,negative,6.0880798353042644e-05
1295703912289361920,negative,6.312011889186088e-05
1295703913077919745,negative,0.17775680830642215
1295703913937514496,negative,0.004346223592228677
1295703915414118400,negative,0.10826601554847334
1295703915632234497,negative,0.0016181716962580073
1295703917238484993,negative,0.00010105005016432953
1295703917796511745,negative,0.0005047245422628721
1295703921319649282,negative,4.169541059454128e-05
1295703922804494336,positive,0.9583410813028536
1295703925702774784,positive,0.9960760401223716
1295703927158190081,negative,0.24365190781488377
1295703929209212928,negative,0.0150808933072609
1295703930752716802,negative,0.009984830281161582
1295703932627496964,negative,0.03424677648972107
1295703938071748608,negative,0.03424677648972107
1295703938633814018,neutral,0.3778067028193212
1295703939032244224,negative,0.07270591234575756
1295703939757768705,negative,0.2683783122242243
1295703943243276289,negative,0.23317267116295456
1295703944308678656,negative,0.03424677648972107
1295703944442843136,negative,7.885181684898027e-06
1295703944505827329,negative,0.0041437284089559665
1295703946477080576,negative,0.07270591234575756
1295703946800115712,negative,0.0005207109971164184
1295703950746943488,negative,0.07564133706531022
1295703952089124865,negative,0.00010105005016432953
1295703954496598018,negative,0.06227944565466594
1295703956170178560,neutral,0.33798440638867805
1295703956946132997,negative,0.03424677648972107
1295703958787432451,negative,0.1497371121674126
1295703961459200000,neutral,0.4537844029698218
1295703966593028096,negative,0.00019080342128709041
1295703968262303744,positive,0.6634808066654354
1295703968715350017,negative,0.014162992454384139
1295703970548252672,negative,6.312011889186088e-05
1295703970934075392,negative,0.08467181435203253
1295703974063083522,neutral,0.4826892854442234
1295703976885788679,negative,0.13186919957289805
1295703977062019077,positive,0.8379334693979041
1295703981864423424,negative,0.014604029080065396
1295703981965090816,negative,0.18715602007226775
1295703983122718722,negative,0.07270591234575756
1295703984980860930,negative,4.814579886112316e-05
1295703985664532480,negative,0.006520884211998777
1295703986553716737,negative,0.30133208146190726
1295703986763444224,negative,0.06227944565466594
1295703989896478721,negative,0.17775680830642215
1295703992031498241,negative,0.03957686157108606
1295703992522113024,negative,3.0439707664671607e-05
1295703995571474432,neutral,0.3326878655220355
1295703995760218118,negative,0.024355031730893734
1295703995865014273,positive,0.9998639034999872
1295703996582297600,negative,0.025257929958267193
1295703997119188995,negative,0.03957686157108606
1295703997127561217,negative,0.003097267564082019
1295703999065227264,negative,4.49545340219575e-05
1295704000503910401,positive,0.8283669695865506
1295704002894671873,negative,4.5567436035788385e-07
1295704003121221633,negative,0.024553530040987117
1295704004748546049,negative,0.24685659474727273
1295704004769415168,positive,0.6602183782564147
1295704005134426112,negative,0.07270591234575756
1295704007999201282,negative,0.00432973159051788
1295704014248710144,negative,0.13449786664433144
1295704017578975237,negative,0.047471270801179855
1295704019034415105,negative,0.05774420246377149
1295704019520892929,negative,1.3409938555758799e-05
1295704023702679552,negative,0.03957686157108606
1295704025070014464,negative,0.18715602007226775
1295704027775279104,positive,0.8997246519229046
1295704027968221184,negative,3.0439707664671607e-05
1295704036495196166,negative,0.03001219436296953
1295704039758401536,negative,0.03957686157108606
1295704041813671937,negative,0.06377054157198513
1295704045076779011,negative,1.3172070075965035e-05
1295704048444866560,positive,0.7788984846362367
1295704053708722177,negative,0.0005207109971164184
1295704080707354624,negative,4.0472718740694836e-07
1295704081244336129,negative,0.08641163461538562
1295704082875912199,negative,0.0009309096130113586
1295704085434441728,negative,0.03957686157108606
1295704085564239873,negative,0.13426366226605765
1295704088173252610,negative,0.21593946531192237
1295704088848498689,negative,0.0007923567652039523
1295704088886349825,neutral,0.5465099430427045
1295704089989386242,positive,0.9970126517111361
1295704091038035969,negative,0.27266371982416004
1295704091180568576,negative,5.2022136422417536e-05
1295704094041047047,negative,0.11712866744651064
1295704094854664194,negative,0.0347332070700925
1295704094934540289,neutral,0.4147342023902695
1295704097694375938,negative,0.24081627254952076
1295704098336133125,negative,0.13496975568265573
1295704099363717120,negative,0.04887889205048961
1295704103272751104,negative,0.03957686157108606
1295704106334650368,negative,0.024553530040987117
1295704107014139909,negative,0.014162992454384139
1295704108557570049,negative,0.0005209270308561501
1295704108901466112,positive,0.8595872992229248
1295704109933363202,negative,0.21593946531192237
1295704111841595393,negative,0.0059972583790702675
1295704112084987904,negative,0.023375664249609268
1295704113217523712,positive,0.7207440465538847
1295704114089693184,negative,0.00010105005016432953
1295704116132491270,negative,0.03329967069360357
1295704118103879686,negative,0.17775680830642215
1295704121652187138,negative,0.051006876849169186
1295704121849384962,negative,0.0005207109971164184
1295704126609854465,negative,0.020386793843129348
1295704127398465536,negative,0.08641163461538562
1295704127440392193,negative,0.039034965035688735
1295704130300805122,negative,0.03424677648972107
1295704131303178241,neutral,0.4836615648449466
1295704132444213249,negative,0.12562176187962037
1295704137255006210,negative,0.00568480060875714
1295704137489960965,negative,9.26429351915942e-05
1295704140174196741,negative,0.04137605284192735
1295704147501744134,negative,0.05237361032820424
1295704149208772610,neutral,0.5230271910277728
1295704149640781826,negative,0.005250175720696397
1295704153524772864,negative,0.24207567319580092
1295704154061639680,negative,0.0005207109971164184
1295704154502041601,negative,0.008988546687532102
1295704156993474562,negative,0.0002749211475576339
1295704157777625093,positive,0.6857373442551814
1295704161535823875,negative,3.0439707664671607e-05
1295704164631302146,negative,6.0880798353042644e-05
1295704165625335809,negative,0.05288082518322451
1295704167051296768,negative,0.17775680830642215
1295704168284528641,negative,6.312011889186088e-05
1295704168309706752,negative,0.11734130537896403
1295704168389382149,negative,0.13595140104850012
1295704169593044995,negative,0.0025242958940482224
1295704171115622400,negative,0.03957686157108606
1295704172109725702,negative,0.0037088730045077936
1295704172248039427,negative,0.17775680830642215
1295704173762285568,negative,0.03127101923784089
1295704176832520195,negative,0.09528013541942278
1295704177398751233,negative,4.169541059454128e-05
1295704178896101376,positive,0.999658444393289
1295704179554553857,negative,0.03127101923784089
1295704180334759937,negative,0.0005207109971164184
1295704181148397568,negative,0.11353775723843532
1295704181865676800,negative,0.14780129970099617
1295704183535030273,negative,0.07270591234575756
1295704184877178880,negative,0.03424677648972107
1295704187624402944,negative,0.07282449385408626
1295704188652007424,negative,0.012107502224219689
1295704189100843011,positive,0.900208886064935
1295704189528612869,negative,0.07270591234575756
1295704189960687617,negative,0.09409701498591631
1295704190602354688,neutral,0.4731621791706039
1295704193408393222,negative,0.0005209270308561501
1295704194578620417,negative,0.00021671473916723183
1295704194645721088,negative,0.1573588406908034
1295704196033974274,negative,0.06856036359529002
1295704197074046977,negative,1.092931789484712e-05
1295704197128761350,negative,0.07270591234575756
1295704200991715328,negative,0.3149734867885936
1295704201054629888,negative,0.00010105005016432953
1295704202476498944,negative,0.01424290722706815
1295704202702983169,positive,0.6634808066654354
1295704204162617344,negative,2.364347590991163e-07
1295704206599430144,negative,0.0033732906857155158
1295704208868548610,neutral,0.33793816063758536
1295704209652961280,negative,0.038330164007866596
1295704210445664256,negative,0.09446444343462
1295704210705653760,positive,0.921845249238137
1295704211628400640,negative,0.0003136892478963506
1295704212701974529,negative,0.00010105005016432953
1295704213884993537,negative,0.0005209270308561501
1295704217445957632,negative,7.915354151588635e-05
1295704218024710145,negative,0.20067892856271932
1295704218477703169,negative,0.16263851850221103
1295704219299782656,negative,0.051006876849169186
1295704220314853378,neutral,0.4740134798084637
1295704222613282817,negative,0.004139388705274514
1295704224437882880,negative,0.07270591234575756
1295704225071202306,negative,0.03278897042393937
1295704228355350533,negative,0.00018200855190998556
1295704228812513281,negative,0.05962718294572116
1295704229068386304,negative,3.0439707664671607e-05
1295704229445881857,negative,0.07270591234575756
1295704229449957376,negative,1.426164039653993e-06
1295704229953318913,negative,0.15623651717938336
1295704231765319683,negative,0.2560164897392721
1295704232885092352,negative,0.15908401199632524
1295704233577271296,negative,0.001857444897946897
1295704235368001539,negative,0.0012261384072672855
1295704239675772935,negative,0.17080619697360594
1295704240296538124,negative,0.0006388094162297595
1295704243245023232,negative,0.2309811297348151
1295704243555500032,negative,0.01951099937806397
1295704243937189888,negative,0.009231020368777472
1295704244696354816,negative,0.03957686157108606
1295704266636763144,negative,0.051294021143939904
1295704266997411842,negative,0.03957686157108606
1295704267337150464,negative,0.0005003820658617559
1295704268880609281,negative,1.535877287135799e-10
1295704269505658880,negative,0.27266371982416004
1295704269958418433,negative,0.0347332070700925
1295704269958635520,negative,1.2861574313822617e-05
1295704270520680449,negative,0.07270591234575756
1295704272374505473,negative,0.07130847240311639
1295704272483553280,negative,0.0019184097312883832
1295704273259581442,negative,6.312011889186088e-05
1295704274224189440,negative,0.0009309096130113586
1295704274673053701,negative,0.0007054019363344476
1295704279777337344,negative,0.010628233537886375
1295704279827849216,negative,0.07270591234575756
1295704281040003074,negative,0.0006028301178168253
1295704283082612736,negative,0.00010105005016432953
1295704283808174082,negative,0.003720598804376389
1295704284944896001,negative,3.0419103269068906e-05
1295704285808939010,negative,0.014640049545214298
1295704286412910593,negative,0.00010105005016432953
1295704288791007232,negative,0.07270591234575756
1295704288795164674,positive,0.6624419550526272
1295704290246483968,negative,0.07270591234575756
1295704291899056128,negative,0.051006876849169186
1295704297343197187,neutral,0.3326878655220355
1295704297469026304,negative,0.03424677648972107
1295704299394207744,negative,2.0296271541482852e-07
1295704300736450560,negative,0.05324658050293806
1295704301466259457,negative,0.07270591234575756
1295704302002925575,negative,0.00010105005016432953
1295704303584382977,negative,0.005991011037195266
1295704303596953600,negative,3.290337335658677e-05
1295704303726886913,negative,0.06318615365090959
1295704303785709569,negative,0.018305383321979635
1295704306914594817,negative,0.03957686157108606
1295704309016014848,negative,0.0007923567652039523
1295704311939452930,negative,0.03957686157108606
1295704315206803456,negative,0.000142000035448542
1295704316637073409,negative,0.07270591234575756
1295704319162028033,negative,0.0073598940686291575
1295704319958884353,negative,0.051294021143939904
1295704320470646791,negative,0.010113815134571876
1295704320948805633,negative,0.0005207109971164184
1295704323419254784,negative,0.00021671473916723183
1295704325075939330,negative,0.13679336386438362
1295704325155622912,negative,0.07270591234575756
1295704325273071617,negative,0.004405983551560181
1295704326589919232,negative,0.07270591234575756
1295704326682423297,negative,0.23317267116295456
1295704329073184768,negative,0.01365875732108672
1295704329840623617,negative,0.0006701575958388302
1295704330423734273,neutral,0.5315534514659949
1295704330616569857,negative,0.031393895097719345
1295704331442954240,negative,0.002091211954264993
1295704333179207680,negative,4.169541059454128e-05
1295704334102036483,negative,0.00016488553334347535
1295704334454448131,negative,0.10858056358842402
1295704337474355200,negative,0.08467181435203253
1295704338053181440,negative,0.03424677648972107
1295704338606821377,negative,0.000777437384790181
1295704344092979201,negative,0.016393079289107666
1295704348652175360,negative,0.07270591234575756
1295704348677279747,negative,0.058527571783466986
1295704348681539584,positive,0.8690103078686926
1295704356055126017,negative,0.2194591039100642
1295704360870129664,negative,0.0009645445931260158
1295704366180163585,neutral,0.411594083119197
1295704367786602498,negative,0.07270591234575756
1295704369904717824,negative,0.00013747776027213385
1295704370353504258,negative,0.13295211264312104
1295704370722611200,negative,1.5612549169985258e-13
1295704370848440320,negative,0.04128210136015999
1295704370986835969,negative,4.814579886112316e-05
1295704371527909378,positive,0.9931197463134209
1295704374036103168,negative,0.016393079289107666
1295704374258421761,negative,0.000235975889414923
1295704375604793344,neutral,0.44515666723971453
1295704377261535232,positive,0.6634808066654354
1295704379605938177,neutral,0.6548425590546215
1295704381208305664,negative,0.13546229491292247
1295704381703311360,negative,0.00010105005016432953
1295704383049670656,negative,0.051006876849169186
1295704385817894915,negative,0.09903127670740855
1295704387877134342,positive,0.9804244454961873
1295704389085208576,negative,0.07270591234575756
1295704391413104641,neutral,0.47721685046356366
1295704391819890688,negative,0.23317267116295456
1295704394349109252,negative,0.00023248206498676489
1295704397796855808,negative,0.0015312050216843257
1295704409486352391,positive,0.900208886064935
1295704410912362502,negative,0.06227944565466594
1295704410916626434,negative,0.0026498224645507044
1295704411348533249,negative,0.00010105005016432953
1295704416755097602,negative,6.061480746863348e-05
1295704417644228611,negative,0.07270591234575756
1295704419850387457,negative,0.04887889205048961
1295704420576104451,negative,0.12439619819171989
1295704420697743360,negative,0.30988716266203126
1295704422098636800,negative,2.6066814058639187e-05
1295704422148902913,negative,0.3045024688943347
1295704425235873793,negative,0.3045024688943347
1295704425269547008,negative,0.03957686157108606
1295704427031076864,negative,4.631371339300407e-07
1295704430344654849,negative,0.0063984127772310825
1295704452712861701,negative,0.13449786664433144
1295704453899640832,negative,0.0962348084370183
1295704458693943296,negative,0.07270591234575756
1295704461646671873,positive,0.8229285039618472
1295704462699503616,negative,0.009519586546924306
1295704463056011267,negative,0.0003797000274891349
1295704463081115648,negative,0.05324658050293806
1295704464469438464,negative,0.040683584595567354
1295704466260463617,negative,0.07664651025777428
1295704472526696449,negative,0.01661503369708779
1295704473164230660,negative,0.0005207109971164184
1295704473264959488,negative,0.09409701498591631
1295704473634045952,negative,7.900874868746993e-05
1295704475647250437,negative,0.005018691043826681
1295704475936722945,negative,0.07270591234575756
1295704479254421504,neutral,0.6435047730413717
1295704480323969026,negative,0.28834416450020467
1295704482387501057,negative,0.03957686157108606
1295704482676867072,negative,0.0007923567652039523
1295704483150860290,negative,1.974305912269836e-05
1295704483301916672,negative,0.027198082472619935
1295704483717144576,negative,0.31359066856531265
1295704486397259778,negative,0.024152130020127942
1295704487747870720,negative,0.25532699878966847
1295704488553193474,negative,0.04282973028440577
1295704488720965634,negative,0.2719538844948051
1295704488783892480,negative,5.8299288490554516e-08
1295704489366818816,negative,0.019251955365517923
1295704490218315778,neutral,0.6503763758389911
1295704490830639105,positive,0.9657483121350827
1295704491648593926,neutral,0.41945310837903
1295704492369944577,neutral,0.5614152023143125
1295704498535632896,negative,0.13449786664433144
1295704498640506880,negative,0.006201192931730067
1295704498841755648,negative,0.09355832295928251
1295704499047276547,negative,0.006618533582490199
1295704499151974400,negative,0.09499813921652682
1295704499814895617,negative,0.2560164897392721
1295704502675349505,negative,7.900874868746993e-05
1295704502801178624,negative,0.13901655109535174
1295704503484854272,neutral,0.418461221623486
1295704512112599044,positive,0.7090522855839745
1295704513307979777,negative,0.004284939513408277
1295704513806991362,positive,0.9970126517111361
1295704513848975360,negative,3.0439707664671607e-05
1295704515405127681,negative,0.014640049545214298
1295704515463782407,negative,0.2486640047527842
1295704515962900480,negative,0.07270591234575756
1295704516105506816,positive,0.9999882225266734
1295704516625653762,negative,0.25004813604462484
1295704516734513152,negative,0.04386577261147061
1295704516998832128,positive,0.9804244454961873
1295704520509579266,negative,0.0009309096130113586
1295704520618639360,negative,0.014975866457759822
1295704521071566848,negative,0.00432973159051788
1295704522501890049,positive,0.6634808066654354
1295704524515155969,negative,0.12127299822981065
1295704524888342528,negative,0.10526319886508102
1295704526419304448,positive,0.6786838886027308
1295704529179160578,negative,0.16222325440888194
1295704529514696706,negative,0.02750743806323282
1295704530152312835,negative,0.0005207109971164184
1295704530617864197,negative,0.0002348781760275613
1295704531116929024,negative,0.0874880969808828
1295704532404432896,negative,0.0347332070700925
1295704537119051780,negative,0.0013430101694565035
1295704540830892032,negative,0.015287937249860696
1295704542726807555,negative,0.06318615365090959
1295704542772854784,neutral,0.57723208060306
1295704542961700866,neutral,0.4740701450132317
1295704546669404162,negative,4.126463889653445e-06
1295704547155902465,negative,0.0023454114727733803
1295704547227086849,negative,0.0032092746953682138
1295704552029556737,negative,0.09528013541942278
1295704552273055746,negative,0.0007923567652039523
1295704552721780736,negative,0.16286633109028645
1295704554470768648,negative,0.11887281031159908
1295704556400238592,negative,1.3778308214917325e-06
1295704562393899009,negative,0.00010105005016432953
1295704563098542080,negative,7.297161720933584e-09
1295704566328184833,negative,0.2939917341316724
1295704567070576642,negative,0.23317267116295456
1295704568081383426,negative,0.004232597803656636
1295704569243217924,negative,0.0003338713411710389
1295704571503939584,negative,0.0003240564475689779
1295704573630230529,negative,0.0007377102778746687
1295704577946333186,negative,0.03957686157108606
1295704581058560000,negative,0.017890597979076387
1295704582597816321,positive,0.8050357591492134
1295704582979452929,negative,0.07270591234575756
1295704583776489474,negative,9.029988339925525e-05
1295704585827385345,positive,0.9801426302497251
1295704588629217282,negative,0.12696103736392927
1295704592307515393,negative,0.07270591234575756
1295704592680988674,negative,0.0005207109971164184
1295704592777392128,negative,0.0032092746953682138
1295704592882315266,negative,0.05539529478124668
1295704593196875777,negative,0.03957686157108606
1295704593297547265,negative,0.00019851015813620367
1295704593758932995,negative,0.06318615365090959
1295704596015394816,negative,0.0005207109971164184
1295704596401328128,negative,2.81476246032205e-06
1295704597911285762,negative,4.169541059454128e-05
1295704598183804929,negative,0.004232597803656636
1295704598393638912,negative,0.04137605284192735
1295704600176144385,negative,0.02959739943929172
1295704601044242433,negative,0.18637106860639613
1295704604718641152,negative,0.024553530040987117
1295704613937700864,negative,0.03424677648972107
1295704653993213960,negative,0.004284939513408277
1295704656375676929,negative,0.03631219737058096
1295704657491374080,negative,0.05324658050293806
1295704657512325121,negative,0.0014498945312355809
1295704658858532865,negative,0.00011706970378355754
1295704660586758144,positive,0.9804244454961873
1295704661484331009,negative,0.04268449053750011
1295704663858315265,negative,3.5789893062204047e-06
1295704667016630272,negative,1.2861574313822617e-05
1295704668321075200,negative,0.03424677648972107
1295704668870508549,negative,0.09101487096585158
1295704668895678465,negative,0.031112964769675962
1295704669319307264,negative,1.3172070075965035e-05
1295704671575773191,negative,0.0011095009066412473
1295704674989830147,negative,0.009086931261795272
1295704675073904648,negative,2.0443769322706923e-06
1295704676109885442,negative,3.444336172908698e-13
1295704678743846913,negative,0.08766105675894109
1295704680761360384,negative,0.014640049545214298
1295704681100881922,negative,0.03483697438843464
1295704684603346944,negative,0.0347332070700925
1295704684708139008,neutral,0.4737554465528978
1295704686792777728,negative,0.03874603052429525
1295704687853875200,neutral,0.5118605533127536
1295704688990576640,negative,0.17775680830642215
1295704689225486338,negative,3.3698318988219702e-09
1295704689649102848,negative,0.014330248114121003
1295704690273984512,negative,0.004405983551560181
1295704690655625217,negative,0.004346223592228677
1295704690966114305,negative,0.005520807239228727
1295704691960156160,negative,0.007701554906241651
1295704693889478657,negative,0.006787182526991037
1295704699144933376,negative,8.983932902091932e-06
1295704699946098688,negative,0.04887889205048961
1295704703490285569,negative,0.0031238208208400524
1295704703985160192,negative,0.00010105005016432953
1295704704463364097,negative,0.017948573865817767
1295704705352466432,positive,0.9931197463134209
1295704706623381504,neutral,0.49789225920557484
1295704711455289345,neutral,0.5588484806083144
1295704712084430848,negative,0.2915750520387562
1295704713246121986,negative,0.015114988563143843
1295704715012046849,negative,8.746180137525105e-05
1295704716522016768,negative,0.10116797992881271
1295704717025312768,negative,0.11353775723843532
1295704719470596097,negative,0.007790867529106645
1295704723312586757,negative,0.07270591234575756
1295704727632650241,negative,0.0074543887530357155
1295704727641038850,negative,0.04393362652322915
1295704731780866050,negative,0.2215420344214618
1295704731894124544,negative,2.2856889878711427e-07
1295704732443516929,negative,3.0439707664671607e-05
1295704736755318786,negative,0.0005207109971164184
1295704737417957376,negative,0.0009309096130113586
1295704740333051904,negative,0.10826601554847334
1295704741125726213,negative,0.00010105005016432953
1295704741553545218,negative,0.14663503670783323
1295704742807711752,neutral,0.48728019602140255
1295704742899978241,negative,0.2508291935567874
1295704743667552262,negative,0.006100314913498225
1295704748277092353,negative,0.0347332070700925
1295704749644427264,negative,0.0003519638731397254
1295704750525222919,negative,0.11468860129063574
1295704750587932674,negative,0.17999028187815244
1295704750596468739,negative,0.05408079624269633
1295704750739075074,negative,0.0013538132001392434
1295704751879921670,negative,2.6806136944205188e-08
1295704754220412928,negative,0.0009309096130113586
1295704755763896322,negative,0.03184689485492144
1295704756057518080,positive,0.9583410813028536
1295704758616023040,negative,0.07270591234575756
1295704759505227777,negative,0.01325874942621394
1295704761757507584,negative,0.0377072444063514
1295704762080530433,negative,0.028880301642364277
1295704766241103873,positive,0.9804244454961873
1295704766681554944,positive,0.9400518908517387
1295704766836887552,negative,0.1404598041233996
1295704771576262656,negative,0.18288933091575832
1295704771748388864,positive,0.9804244454961873
1295704772465451009,negative,0.2357228375952754
1295704772670939137,negative,0.020017900826551416
1295704777528152065,negative,0.07270591234575756
1295704778526339072,negative,0.08304571596285948
1295704778715148288,negative,0.014162992454384139
1295704778719350784,negative,0.05324658050293806
1295704779558203396,negative,0.024819239416902842
1295704779868512256,negative,0.07270591234575756
1295704781022003203,positive,0.9785319809413109
1295704782271848449,negative,1.3172070075965035e-05
1295704784154972160,negative,1.278615145126078e-06
1295704785266647043,negative,0.07269730280300223
1295704785270853632,neutral,0.4740134798084637
1295704790312386560,negative,0.006100314913498225
1295704791520337920,negative,4.814579886112316e-05
1295704791889436673,negative,0.019251955365517923
1295704793927897090,negative,0.00358661288016518
1295704794955472897,negative,0.0347332070700925
1295704794959474689,negative,0.005880035954859503
1295704796565917699,positive,0.6857373442551814
1295704797203619840,negative,0.104750834758147
1295704797346181120,negative,0.18715602007226775
1295704797530791937,neutral,0.5118240106231352
1295704798008926211,negative,0.07920208696601297
1295704798201872386,positive,0.8690103078686926
1295704798390620160,negative,0.08672293519537869
1295704835355029504,negative,3.0439707664671607e-05
1295704835770265601,negative,0.07175758721977642
1295704836831350784,negative,0.06988429029043594
1295704837116526593,neutral,0.6503763758389911
1295704838232322049,negative,0.09199464462601915
1295704840232996890,negative,0.0769833895051728
1295704840715239427,negative,0.0005207109971164184
1295704841847812102,negative,0.05428329644381089
1295704844007878656,negative,0.007124396210423041
1295704844783824900,negative,2.44024304013535e-05
1295704845547175936,negative,0.051006876849169186
1295704846440566785,negative,0.04904367474316235
1295704848533540865,negative,1.8136974709566263e-06
1295704849443692546,neutral,0.5118605533127536
1295704850060185604,negative,0.18715602007226775
1295704850341277697,positive,0.8690103078686926
1295704851758960645,negative,0.0718358858922714
1295704852044095494,positive,0.9857672649082079
1295704853549899776,negative,0.004346223592228677
1295704855785414656,positive,0.6634808066654354
1295704856490123265,negative,1.3172070075965035e-05
1295704864748720129,negative,1.3172070075965035e-05
1295704865386070016,negative,0.00010105005016432953
1295704866564825091,negative,0.00011706970378355754
1295704866816393217,negative,0.00010105005016432953
1295704869630861312,negative,0.00026539966795947493
1295704870868180993,neutral,0.3831464621234274
1295704871056953346,negative,0.17080619697360594
1295704872793374721,negative,0.0005207109971164184
1295704873292488704,negative,2.44024304013535e-05
1295704880284409856,negative,0.03957686157108606
1295704880364085249,negative,0.008567231175401603
1295704880456380416,negative,0.00434300526405367
1295704880569618434,negative,0.056176581370649965
1295704880850579456,negative,0.03957686157108606
1295704882138296325,negative,0.2560164897392721
1295704882591281153,negative,0.017890597979076387
1295704891579605001,negative,6.741376671972997e-05
1295704895853666306,negative,0.0005209270308561501
1295704897736912896,negative,0.07270591234575756
1295704902942052352,positive,0.6786838886027308
1295704905965899776,negative,0.004126274292203244
1295704907949977601,negative,0.0005207109971164184
1295704909535469574,negative,0.016393079289107666
1295704910734995458,negative,0.01424290722706815
1295704913532551174,negative,0.08766105675894109
1295704919794757632,negative,0.17775680830642215
1295704920323166208,negative,0.004405983551560181
1295704920558100486,negative,0.01325874942621394
1295704921749233666,negative,0.058527571783466986
1295704923917746179,neutral,0.5315534514659949
1295704924358139904,negative,0.07270591234575756
1295704931253485571,negative,0.03329967069360357
1295704931970813953,negative,0.016393079289107666
1295704934248308739,negative,0.07270591234575756
1295704934449664000,negative,0.09437416427174024
1295704937381408768,negative,0.051294021143939904
1295704938354548738,negative,1.5711544804009105e-07
1295704940711686145,negative,0.07270591234575756
1295704943530135552,negative,0.00010105005016432953
1295704946353020928,negative,8.983932902091932e-06
1295704946738892802,negative,0.006201192931730067
1295704946973777920,negative,6.0880798353042644e-05
1295704949578489858,negative,0.03483307538077289
1295704950232809472,neutral,0.5118240106231352
1295704950832586752,negative,0.04137605284192735
1295704951948218368,negative,0.07270591234575756
1295704958550016000,negative,0.03957686157108606
1295704960785620993,negative,0.20067892856271932
1295704960924033025,positive,0.8050357591492134
1295704961918140422,neutral,0.5157751682420239
1295704963553857537,positive,0.9877003275848012
1295704964736651264,negative,0.0009309096130113586
1295704969459499009,positive,0.9877003275848012
1295704973452414977,negative,0.0003240564475689779
1295704975348322306,negative,0.03957686157108606
1295704978145804288,negative,0.002172956896470841
1295704980297601025,neutral,0.4412034357541848
1295704984240226304,negative,0.006481046351442049
1295704984638562304,negative,7.014004820671347e-05
1295704985150337024,negative,0.0793004912566736
1295704987134238720,negative,0.0005207109971164184
1295704989143310338,negative,0.07270591234575756
1295704989474729984,negative,1.2377105561197577e-08
1295705014237896706,negative,0.03957686157108606
1295705014871003139,negative,0.21241003757468702
1295705016863424515,negative,0.07270591234575756
1295705018860019718,neutral,0.3952503370862852
1295705020885798912,negative,0.17775680830642215
1295705022722973697,negative,0.00434300526405367
1295705024522268674,negative,0.00011706970378355754
1295705025637908487,neutral,0.34379094724004483
1295705026183208960,negative,0.0005003820658617559
1295705029064757250,negative,0.0005003820658617559
1295705029291192321,negative,1.3172070075965035e-05
1295705031006654466,negative,0.03424677648972107
1295705031895928837,negative,0.007124396210423041
1295705034949369857,negative,0.0018005212426388266
1295705037856014336,neutral,0.4985928500860049
1295705041693806593,negative,0.03957686157108606
1295705044461981699,negative,0.06227944565466594
1295705045414092800,negative,0.06318615365090959
1295705047486144513,negative,6.88934063540412e-05
1295705048631193600,neutral,0.4412034357541848
1295705048652156928,positive,0.8050357591492134
1295705059741835272,neutral,0.6399530047542765
1295705067878678528,negative,0.025383154012361304
1295705069950849024,negative,0.07325627563336982
1295705072454840320,negative,2.2856889878711427e-07
1295705072559624192,positive,0.9705008478929346
1295705073331384320,negative,0.00010105005016432953
1295705078238793730,negative,0.0017775470987546843
1295705081547980800,neutral,0.4153373325707398
1295705083741638656,negative,0.0005488221996174546
1295705084060405765,negative,0.0005609480909458685
1295705089139781632,negative,0.040090954931868504
1295705092235165698,negative,0.0005003820658617559
1295705094495731713,negative,0.012107502224219689
1295705098266587137,negative,0.0032092746953682138
1295705101764567045,negative,0.023375664249609268
1295705103496818689,negative,0.18715602007226775
1295705103622496256,negative,0.0005003820658617559
1295705106130837504,negative,1.3172070075965035e-05
1295705110979530752,positive,0.9814958748931865
1295705111059144706,negative,0.00041407922449933224
1295705111424118784,negative,0.2952376872381886
1295705114381094912,negative,0.051006876849169186
1295705114750197766,negative,3.20476850889859e-05
1295705115710631941,negative,0.06377054157198513
1295705116587294721,negative,0.05324658050293806
1295705117065437184,neutral,0.4507454498615163
1295705121125552129,negative,0.009519586546924306
1295705122924830721,negative,0.03329967069360357
1295705122941603845,negative,0.004175267008256125
1295705123604369409,negative,0.23871696831429615
1295705123683995653,negative,0.010113815134571876
1295705126259367936,negative,0.23317267116295456
1295705129639968769,negative,0.13449786664433144
1295705132068294656,negative,0.0006536155611459962
1295705133830070273,positive,0.9705720884635586
1295705133838368769,negative,0.19058056811077337
1295705136656982018,negative,0.1837859889002491
1295705137994960896,negative,0.17775680830642215
1295705138892623872,negative,1.3172070075965035e-05
1295705140494766082,negative,0.06988429029043594
1295705140775641090,negative,0.13266039516832628
1295705140893061122,negative,0.05174342583998807
1295705141623099398,negative,0.0005003820658617559
1295705141694181376,negative,0.05174342583998807
1295705142042300418,negative,0.05174342583998807
1295705142457753602,negative,0.0721194084710156
1295705148266864641,negative,0.004442896529864062
1295705149093154817,negative,0.13295211264312104
1295705149885882369,negative,0.2645094566977108
1295705150254915585,negative,0.09528013541942278
1295705151488098304,negative,0.07270591234575756
1295705151513255936,negative,4.788589600170631e-05
1295705153866289152,negative,0.00010105005016432953
1295705155929886721,negative,0.03477891491735291
1295705160459657217,negative,0.025985619046345627
1295705160774307841,negative,0.2797811157861217
1295705162187759616,negative,0.03957686157108606
1295705162342776832,negative,0.00010105005016432953
1295705162993082368,negative,0.0005207109971164184
1295705166541475841,negative,0.2797811157861217
1295705166658895874,negative,0.0016070043655946435
1295705166918885378,neutral,0.5416133706100584
1295705169225809921,negative,0.006100314913498225
1295705170043494407,negative,0.054894621934243944
1295705170169470976,negative,0.01325874942621394
1295705170907627521,negative,0.1981964822210415
1295705171595534337,negative,0.04625168412310975
1295705175013961728,negative,0.2677651204054746
1295705205359759361,negative,0.12029406096997756
1295705205695303680,negative,0.009118806431389438
1295705207242985472,negative,0.2298214630625591
1295705208656404480,negative,0.0015532076164434178
1295705208799059968,negative,0.03483697438843464
1295705211298877441,neutral,0.5564719649958574
1295705217334423552,negative,3.3560784186270168e-06
1295705217518968834,negative,0.17775680830642215
1295705221268754433,negative,0.0032092746953682138
1295705221461671936,negative,0.09457906564261437
1295705226071216128,negative,0.16520986905231105
1295705226398306304,negative,0.17775680830642215
1295705228084379648,negative,0.010454422520065731
1295705229095313408,negative,0.018866789198919043
1295705230697537538,negative,4.169541059454128e-05
1295705232111009792,negative,0.00022943672924207755
1295705232752685056,negative,0.20719883715158016
1295705232891162624,negative,0.03102295836158909
1295705234505969673,negative,3.3364574910482564e-05
1295705235105689600,negative,0.00010105005016432953
1295705236057858049,negative,0.2560164897392721
1295705236062052353,neutral,0.4147342023902695
1295705241938284546,neutral,0.5315534514659949
1295705242110234625,negative,0.0019818169123709756
1295705246363156480,negative,2.3576457462240817e-13
1295705246661042176,negative,0.04887889205048961
1295705247214641154,negative,0.08467181435203253
1295705249513177088,negative,0.18996734859540432
1295705251731906562,negative,0.026712610815796057
1295705253204103168,negative,0.03424677648972107
1295705258317021185,negative,4.596458933938542e-05
1295705259436847104,negative,0.051006876849169186
1295705259705327616,negative,0.1808482412859558
1295705261185925122,neutral,0.5505550505941735
1295705262393827333,negative,0.0009523254789268912
1295705264520298497,negative,0.31732489718339985
1295705264776187905,negative,0.006558388179298529
1295705265933869057,negative,0.05912793225085188
1295705267703697408,positive,0.8690103078686926
1295705268609789952,negative,0.023136330051221433
1295705270782496768,negative,0.0005207109971164184
1295705274322497538,negative,0.0003240564475689779
1295705275383644165,negative,0.01325874942621394
1295705275555614728,positive,0.8591260001378663
1295705277518491648,negative,0.1404598041233996
1295705277627600896,positive,0.6634808066654354
1295705279452057600,negative,0.07270591234575756
1295705284061560833,positive,0.6624419550526272
1295705290386690048,negative,0.07270591234575756
1295705292018196480,negative,0.0806893306188107
1295705292492218368,negative,0.051006876849169186
1295705292727083008,negative,0.03957686157108606
1295705294668996610,negative,0.27266371982416004
1295705294669058049,negative,1.8141170235442793e-07
1295705299261820928,negative,0.03957686157108606
1295705299672879104,negative,0.18715602007226775
1295705302164295680,negative,0.23317267116295456
1295705312121495554,negative,0.03593088970957428
1295705314541666304,negative,0.01520039634523802
1295705317121167361,negative,0.051006876849169186
1295705318534656006,negative,0.0015830832955515991
1295705322137559041,negative,0.08331346415163847
1295705322200477702,neutral,0.37812401456173383
1295705322229833728,negative,0.05324658050293806
1295705322464645120,negative,0.054822153596434636
1295705326201831424,negative,0.051006876849169186
1295705327577583617,neutral,0.4587791597532913
1295705328168960001,negative,0.1837859889002491
1295705330060529665,negative,0.07270591234575756
1295705331608309761,negative,0.0022828370544316487
1295705332753162245,negative,0.0347332070700925
1295705333445296129,negative,0.3045024688943347
1295705336268173312,negative,0.17775680830642215
1295705341527810049,negative,0.003886304965764524
1295705343809458176,negative,0.029730959798120966
1295705345755676672,neutral,0.6548425590546215
1295705346586091521,negative,0.12571291661009304
1295705348230258688,negative,0.01424290722706815
1295705348729442304,negative,0.03329967069360357
1295705349220171778,negative,9.439656156984236e-07
1295705352151990273,negative,0.00019531622822837471
1295705352214843394,negative,0.03075752725314475
1295705353355763712,positive,0.9479488559877834
1295705355444523008,positive,0.9999576603531877
1295705355758993409,negative,0.0005207109971164184
1295705356761530368,negative,0.00021671473916723183
1295705357235363841,negative,0.30973529465746086
1295705357403279362,neutral,0.4985928500860049
1295705357906579457,negative,0.051006876849169186
1295705387757445120,negative,0.03957686157108606
1295705388126556161,negative,0.016665005397720287
1295705388487147520,negative,0.2920458978982144
1295705390370492422,negative,0.06318615365090959
1295705392165552128,negative,0.0005207109971164184
1295705398394204165,negative,0.052663043327764454
1295705398398287872,negative,0.07920208696601297
1295705398914306049,negative,0.05324658050293806
1295705399283376129,negative,0.03957686157108606
1295705399820255233,negative,0.0005207109971164184
1295705402793955329,positive,0.9571630260212545
1295705405063073792,neutral,0.34252703593891926
1295705408150134784,negative,1.1671270716755227e-11
1295705408376647682,negative,0.07270591234575756
1295705409181954048,neutral,0.36528875150199425
1295705411593678848,negative,0.004991378819154389
1295705414449995776,negative,0.007701554906241651
1295705417142743040,negative,0.07270591234575756
1295705417285283842,negative,4.814579886112316e-05
1295705417897709570,negative,0.0007923567652039523
1295705419562852352,negative,0.0347332070700925
1295705420200210433,negative,0.0018190268658003985
1295705420749778946,negative,0.0019818169123709756
1295705424512024576,negative,0.004139388705274514
1295705427951472640,positive,0.9804244454961873
1295705429390102529,negative,0.00602248368129473
1295705433701834752,negative,0.1182000265843286
1295705433924145152,negative,0.006838267576499318
1295705437665480705,negative,4.814579886112316e-05
1295705438600732672,negative,0.27496816056572526
1295705438714044417,negative,0.009519586546924306
1295705444321841152,positive,0.848871440449506
1295705444812500993,positive,0.982950409176286
1295705446418964481,neutral,0.3886752128244143
1295705454371373057,negative,0.07270591234575756
1295705454979485697,positive,0.9526881088235517
1295705462399279105,negative,0.05324658050293806
1295705467864461312,negative,0.05324658050293806
1295705469932179457,negative,0.0023101027910052384
1295705470280388610,negative,0.0753334873908349
1295705477913944067,negative,0.13408164351665794
1295705486948478976,negative,0.08467181435203253
1295705488978395137,negative,0.054894621934243944
1295705489884549122,negative,0.07270591234575756
1295705490576596992,negative,0.042675230933097254
1295705496830316545,negative,0.014640049545214298
1295705497803399168,negative,0.08386853209054027
1295705501213298688,negative,0.13449786664433144
1295705501666357249,negative,0.04268449053750011
1295705502794616832,negative,0.00010105005016432953
1295705503801237505,negative,0.017137255967422774
1295705503960571904,negative,0.00568480060875714
1295705505369935872,negative,0.0022278677470928005
1295705505474772998,negative,3.0439707664671607e-05
1295705506758230017,negative,0.01325874942621394
1295705509224419328,negative,0.18288933091575832
1295705514421161985,negative,0.04274870898572828
1295705515964731393,neutral,0.6128763230236094
1295705516136693761,negative,0.03884874141799879
1295705517109673984,negative,0.006100314913498225
1295705517139144704,negative,0.1263578837926058
1295705518544216064,negative,1.8141170235442793e-07
1295705519940947968,negative,6.379389218829304e-08
1295705530955071491,negative,0.17775680830642215
1295705536227409927,negative,0.04040393495697268
1295705537187852288,negative,0.0005207109971164184
1295705537506619392,negative,0.22571658443345985
1295705538513297408,negative,0.00010105005016432953
1295705539331194882,negative,4.432854561091719e-05
1295705540199354369,negative,0.0004930985307503336
1295705541247995907,negative,0.19705653862754227
1295705542242050049,negative,5.677644176183718e-09
1295705542845960197,negative,0.03184689485492144
1295705543160541184,negative,0.19311307798753866
1295705545039654913,negative,0.0061321960176545605
1295705546209865728,negative,0.0009309096130113586
1295705576387813376,negative,0.014975866457759822
1295705577985839105,negative,0.07270591234575756
1295705578585686017,negative,8.276141942591934e-10
1295705579093209088,negative,0.21289411933572927
1295705579999178752,negative,0.0820853228044695
1295705582461235202,negative,0.016393079289107666
1295705584298270720,negative,0.006481046351442049
1295705584340213766,negative,0.06377054157198513
1295705588010295297,negative,0.07961545357583005
1295705588739997696,negative,0.012107502224219689
1295705590476529666,neutral,0.5030332264438171
1295705590518501377,negative,0.005520807239228727
1295705592758231040,negative,0.08301289864159057
1295705596268818433,negative,0.025257929958267193
1295705597824958466,positive,0.9945803019449833
1295705599615827969,negative,0.04536213793596654
1295705599787831296,negative,0.0007609252713222884
1295705601603964947,negative,0.0005327569162579701
1295705603864694784,negative,0.0005207109971164184
1295705606414831616,negative,0.0005207109971164184
1295705607752867840,negative,0.21593946531192237
1295705611754188801,negative,0.27266371982416004
1295705613671030786,neutral,0.48038420429752
1295705614262382592,negative,4.5922762298768534e-05
1295705615608750080,negative,0.13449786664433144
1295705617215172609,negative,0.21231103555475753
1295705620721655808,negative,0.006481046351442049
1295705621531111425,negative,0.006201192931730067
1295705621623459842,negative,0.00599144358751833
1295705622596509696,positive,0.6700873994023905
1295705623737307136,negative,0.006201192931730067
1295705625478004737,negative,0.007124396210423041
1295705625947758592,negative,0.006201192931730067
1295705626337783809,negative,0.01325874942621394
1295705627122110464,negative,0.20823784992469868
1295705632025317379,negative,0.00034435747561824536
1295705634055258114,negative,0.037129898624670414
1295705634738929664,negative,0.06988429029043594
1295705634998976514,positive,0.6650063176279302
1295705635972173825,negative,0.0007923567652039523
1295705637087784960,negative,6.0880798353042644e-05
1295705638018920448,negative,0.08280166524480581
1295705638719434753,negative,0.03424677648972107
1295705639780585474,negative,0.00021671473916723183
1295705640443183104,negative,0.07270591234575756
1295705640501993476,negative,0.004084114521403623
1295705645140840449,negative,0.25649756588588885
1295705648345370624,negative,0.024329255976765777
1295705648387284993,negative,0.002721325096246616
1295705648798343168,negative,0.006201192931730067
1295705649024770049,negative,0.005300541109841402
1295705649314009088,positive,0.9657483121350827
1295705652019462144,negative,0.05003217778524483
1295705656088039426,negative,1.3172070075965035e-05
1295705657115643905,negative,0.004757639297988203
1295705657203712000,negative,0.06227944565466594
1295705659325984769,negative,0.03424677648972107
1295705659514773504,negative,3.2853266143809144e-06
1295705659896467456,negative,0.13496975568265573
1295705660185878528,negative,0.014162992454384139
1295705661037252609,positive,0.9571630260212545
1295705662304014339,negative,4.788589600170631e-05
1295705662383685632,negative,1.974305912269836e-05
1295705662585012225,negative,0.03957686157108606
1295705662945730560,negative,0.0347332070700925
1295705663725805569,negative,0.10290288583907659
1295705667756593153,negative,0.2904428463645924
1295705667811115010,positive,0.8406083871985983
1295705667882422273,negative,0.01961288793541288
1295705668318564353,negative,0.001005173853913052
1295705668901576704,negative,3.1305287453500774e-05
1295705669329457152,negative,0.07270591234575756
1295705669706878977,neutral,0.35776043283721815
1295705672638763009,negative,0.002101113912525094
1295705674299650050,negative,0.006481046351442049
1295705675885150208,negative,0.03957686157108606
1295705676761772035,negative,0.011621806614401679
1295705677458026497,negative,0.01325874942621394
1295705677625610240,negative,0.006201192931730067
1295705678162665472,negative,0.0489703882574287
1295705685292994561,negative,0.014640049545214298
1295705685766950912,negative,4.788589600170631e-05
1295705685943103489,negative,0.00010105005016432953
1295705687218098176,positive,0.9857672649082079
1295705688262541313,positive,0.7627031212593763
1295705692486144000,neutral,0.36528875150199425
1295705693853569029,negative,0.005300541109841402
1295705694486831106,negative,2.2920459274903194e-05
1295705698903310336,negative,0.01036404100534384
1295705699356422146,negative,0.0005207109971164184
1295705703240413185,negative,0.17775680830642215
1295705707430502405,negative,1.3688459772143141e-05
1295705708999118850,negative,0.06377054157198513
1295705709858955264,negative,0.09077494511837941
1295705711087882242,negative,0.05431283974875491
1295705711138283522,negative,0.15331241043057187
1295705712182677511,negative,0.0009645445931260158
1295705715080863746,negative,0.004346223592228677
1295705715491745792,negative,0.00011706970378355754
1295705715890429952,negative,1.3172070075965035e-05
1295705717626875905,neutral,0.44515666723971453
1295705718138568707,positive,0.9804244454961873
1295705718914416640,negative,0.011857658462982208
1295705720235556864,negative,0.0005207109971164184
1295705721338617858,negative,0.0006028301178168253
1295705721452007425,negative,2.8044780966082373e-09
1295705723133931523,negative,0.00718933961057912
1295705724287422464,negative,0.29139094818547695
1295705724870438912,positive,0.8050357591492134
1295705726422339585,positive,0.9526881088235517
1295705727982612480,negative,0.004084114521403623
1295705730239037442,negative,0.054822153596434636
1295705732730490884,negative,0.0010818630694673405
1295705733569433601,negative,0.10826601554847334
1295705735725297665,negative,3.0439707664671607e-05
1295705771515224068,negative,0.0007923567652039523
1295705772672917504,positive,0.9827661888159474
1295705774111457282,negative,0.05151310432687011
1295705774216417281,neutral,0.6503763758389911
1295705775830994944,negative,0.004346223592228677
1295705777882234884,negative,0.01217392864447271
1295705777966129158,negative,0.10836571893398934
1295705781359333376,negative,0.00024621912790476246
1295705782554632193,neutral,0.40124013354290333
1295705783217336320,negative,0.2215420344214618
1295705785490640896,negative,6.0880798353042644e-05
1295705795871625225,positive,0.8023475604602576
1295705796609748992,negative,0.06808258726477745
1295705796655931392,negative,0.22832397620595418
1295705797452865537,negative,0.051006876849169186
1295705797721116672,negative,5.119254671423801e-05
1295705797800988673,negative,0.014162992454384139
1295705798421745669,negative,0.013987069436984672
1295705800615309313,neutral,0.3448789537043245
1295705802146222087,negative,0.0005207109971164184
1295705802884304897,negative,0.00010105005016432953
1295705805686218752,negative,0.1626748214821831
1295705809977053184,negative,0.03424677648972107
1295705810790735873,negative,0.1837859889002491
1295705811126288385,negative,0.19591399458763759
1295705811667353602,negative,0.05324658050293806
1295705812166414337,negative,6.921602093900776e-06
1295705812439109632,negative,0.05372621548982238
1295705814477479936,neutral,0.36528875150199425
1295705815161200641,negative,0.006100314913498225
1295705820437590020,negative,0.015114988563143843
1295705822467624963,negative,0.006201192931730067
1295705822639554562,negative,0.20039568222665155
1295705822710976512,negative,0.2309811297348151
1295705822954049537,positive,0.8023475604602576
1295705824392876032,negative,0.009242537305110142
1295705824703262720,negative,0.07270591234575756
1295705825638572035,negative,0.18996734859540432
1295705829207810054,negative,0.03424677648972107
1295705830885662720,negative,0.14773756752861042
1295705831376396288,negative,0.0004930985307503336
1295705831493836806,negative,0.004867318553551363
1295705831640576000,negative,0.060799237020809874
1295705832907329537,negative,0.004631627283949271
1295705833070825475,negative,0.056176581370649965
1295705835352535040,negative,0.00027251872690673817
1295705835637805058,negative,0.17775680830642215
1295705837697146880,positive,0.8703152995949599
1295705841744707585,negative,0.08822788708605267
1295705841950167040,negative,0.006201192931730067
1295705842403217413,positive,0.9989525508074664
1295705843325902848,neutral,0.6128763230236094
1295705843820900354,negative,0.2921248806630166
1295705845062402055,negative,0.02099428704117062
1295705846974996481,positive,0.6914673880853478
1295705849021771776,negative,7.003688438391387e-05
1295705851970420737,positive,0.8753016558242567
1295705854046593027,negative,0.08280166524480581
1295705856118587395,negative,6.0880798353042644e-05
1295705856475111424,negative,0.0431955660492619
1295705857209053185,negative,1.4411721444968938e-11
1295705858538700802,negative,0.051006876849169186
1295705862997192705,negative,0.0005003820658617559
1295705863425077248,negative,0.257324994301868
1295705864914046976,neutral,0.5278084431928668
1295705865715101696,negative,0.06383672365702389
1295705866679746562,negative,1.3172070075965035e-05
1295705869158580224,negative,0.11353775723843532
1295705869880111104,negative,0.004631627283949271
1295705870702120962,negative,0.0035865450116162475
1295705873478594561,neutral,0.6184037635575885
1295705873923411968,negative,4.6372513222885366e-06
1295705881770950656,negative,0.006201192931730067
1295705883129917440,negative,0.01592382867862054
1295705885147373570,negative,0.17877723511765783
1295705885445173248,negative,0.001544134217589443
1295705887269691392,positive,0.8799143624527516
1295705887475204097,negative,0.010142463236671184
1295705889052254215,neutral,0.5630410866502906
1295705892453842945,negative,0.22571658443345985
1295705895188537345,negative,9.417137492376491e-07
1295705896048156674,negative,0.05174342583998807
1295705896367075329,negative,0.07270591234575756
1295705896664760320,negative,0.0741477510520514
1295705898745245702,negative,0.07269730280300223
1295705902780121088,negative,0.040696581293753115
1295705904327921668,negative,0.001544134217589443
1295705906156580865,negative,0.004346223592228677
1295705907771383809,neutral,0.5602606452980587
1295705907867930626,negative,0.0001485480118526396
1295705909042307078,positive,0.9999917433018288
1295705910279581696,negative,0.004743047717052563
1295705911051399170,positive,0.9804244454961873
1295705913131782149,negative,0.014692100903482533
1295705915849674752,negative,0.051294021143939904
1295705916785012736,negative,0.014956883344929048
1295705917636390914,negative,3.0439707664671607e-05
1295705920148840448,negative,2.0867945601559144e-05
1295705920953962498,negative,0.0023101027910052384
1295705921658781697,negative,0.1618247840871683
1295705921658789893,negative,0.014905447712904824
1295705950570065925,negative,0.08822788708605267
1295705950817521666,negative,0.01424290722706815
1295705950846951424,negative,0.07329094989636499
1295705953510330370,negative,0.004346223592228677
1295705953837486086,negative,0.17775680830642215
1295705954734964736,negative,0.00010105005016432953
1295705954848210946,negative,0.06902206976821215
1295705954848251906,negative,0.04036307817949472
1295705956387618816,negative,0.0057294206704689
1295705959113928704,negative,0.08755970750347813
1295705959428489216,negative,0.015270472393273843
1295705959743082496,negative,0.0982854929867427
1295705962502926336,negative,6.0880798353042644e-05
1295705964373565440,negative,0.07767214368396072
1295705965040414720,negative,0.0431955660492619
1295705965753401346,neutral,0.35188808571136587
1295705971826860032,neutral,0.44515666723971453
1295705973047336964,negative,0.07053981838786763
1295705974662144000,negative,0.0029732024293553125
1295705977195499522,negative,0.020209256049543187
1295705979519205376,negative,0.07053981838786763
1295705981624745984,negative,6.920449249595419e-10
1295705993805025282,negative,0.02911168686803463
1295705997852499968,positive,0.9130252124652847
1295705997856604162,negative,0.07270591234575756
1295705997986729984,neutral,0.5118240106231352
1295705998007717891,negative,0.03957686157108606
1295705999328804865,negative,0.13186919957289805
1295705999752302592,negative,0.0347332070700925
1295706000666886144,negative,0.017636172984294325
1295706001107234818,negative,0.17877723511765783
1295706001346162690,negative,0.13426366226605765
1295706004018036737,negative,0.23823642999173347
1295706005410664448,negative,0.07270591234575756
1295706007306416130,neutral,0.3538861917861785
1295706009487507457,negative,0.006481046351442049
1295706011723083782,negative,0.0005207109971164184
1295706013694414848,positive,0.8184985670621719
1295706016781340672,negative,0.07270591234575756
1295706018421383175,negative,0.0032092746953682138
1295706020350775297,negative,0.0005207109971164184
1295706020468199431,negative,4.360908592272467e-09
1295706020728180736,negative,0.016867045148167746
1295706023265808390,negative,0.006481046351442049
1295706026906390528,negative,0.0032767674443645485
1295706026994540547,negative,0.03957686157108606
1295706028084989952,negative,0.3029968537174699
1295706028538040320,positive,0.8508357203600186
1295706028563140609,negative,0.07270591234575756
1295706028852621314,negative,4.810982969590949e-08
1295706030605836288,negative,8.276141942591934e-10
1295706036809195521,negative,0.008567012077720185
1295706039728439296,negative,0.016356626812182667
1295706041137664000,positive,0.6786838886027308
1295706042274394114,negative,0.0741477510520514
1295706042697945088,negative,0.0431955660492619
1295706043167760386,negative,0.07270591234575756
1295706044551888898,negative,0.007174118764223606
1295706047211077633,positive,0.7881879596036734
1295706048091901953,negative,0.03424677648972107
1295706051061456896,negative,0.00027251872690673817
1295706054488195072,negative,0.05857804985024277
1295706054853099520,negative,0.006100314913498225
1295706057696784384,negative,1.2788590146139537e-08
1295706057864613889,negative,0.017890597979076387
1295706063233155073,positive,0.9999576603531877
1295706063367479296,neutral,0.5005737915305695
1295706064160206849,negative,0.03957686157108606
1295706068497072128,positive,0.9833149891693774
1295706076294389761,negative,0.03957686157108606
1295706077653356544,negative,0.17877723511765783
1295706078907453441,negative,0.042242252045968466
1295706080140562432,negative,0.21593946531192237
1295706083659571200,negative,0.09437416427174024
1295706084045398016,negative,0.009346438096693105
1295706095659425792,negative,0.006100314913498225
1295706095760048135,negative,0.17877723511765783
1295706098813546496,negative,0.006481046351442049
1295706099564322816,negative,0.007688685663724121
1295706099660840960,negative,0.23317267116295456
1295706101141458946,positive,0.9857672649082079
1295706101695029248,negative,0.008461276559246148
1295706101787308034,negative,1.0803998367985884e-05
1295706102194147328,negative,0.07889466698758062
1295706104005922817,negative,0.07270591234575756
1295706104559788032,negative,0.03919263206298415
1295706104907943937,negative,0.0006392496372559667
1295706106313027584,negative,1.7158560333732292e-08
1295706131361341441,negative,3.0439707664671607e-05
1295706132204400640,negative,0.015539614345574314
1295706136348446723,negative,0.033114866099042045
1295706137036296192,neutral,0.33880204069752723
1295706138005180416,negative,0.08766105675894109
1295706138470526976,negative,0.2792609928386841
1295706139083132929,negative,0.004346223592228677
1295706141876461568,neutral,0.4575574633417399
1295706141939445763,negative,0.007461233439279354
1295706142664949760,positive,0.9970126517111361
1295706144774787074,negative,0.054822153596434636
1295706145647030272,negative,0.052305292118980176
1295706147324821505,negative,0.00044372680059335563
1295706149883449344,neutral,0.38771289788091756
1295706151104008194,negative,0.08467181435203253
1295706151955230722,negative,0.14780129970099617
1295706152752287745,negative,1.6704181959682639e-06
1295706153528307712,neutral,0.3326878655220355
1295706154451046401,negative,0.07137795979180471
1295706155155480576,negative,0.1837859889002491
1295706155164065792,negative,0.0022603806903117025
1295706156002934787,negative,0.02911168686803463
1295706157152075777,negative,0.05324658050293806
1295706159442272256,negative,0.07269730280300223
1295706163284258816,negative,0.0006028301178168253
1295706170225831939,negative,0.216175930299806
1295706172079476736,negative,0.0347332070700925
1295706172117352450,negative,0.009519586546924306
1295706173698723840,neutral,0.6159644072939423
1295706174478856198,negative,0.048757162055139025
1295706176169168896,negative,0.06377054157198513
1295706176324276224,negative,0.015354616219361824
1295706179730120704,negative,0.011396612738137404
1295706180292161537,negative,0.03424677648972107
1295706182175412226,negative,0.11522818863711665
1295706182531919873,negative,0.20094236689879788
1295706185409142787,negative,0.01325874942621394
1295706185916723202,negative,0.04137605284192735
1295706187485384704,negative,0.000304726067408556
1295706188068409345,negative,0.033331939801140534
1295706190161248257,negative,8.276141942591934e-10
1295706192875008000,negative,0.29139094818547695
1295706194342969344,negative,0.0401659372815947
1295706194355552256,negative,0.0015279979606158424
1295706196897402881,negative,0.03424677648972107
1295706197690064896,negative,0.28834416450020467
1295706197891448833,positive,0.6634808066654354
1295706201028788224,positive,0.6857373442551814
1295706201058156548,neutral,0.33103316860979615
1295706202819698688,negative,0.05774420246377149
1295706205940322304,negative,9.797253681528644e-06
1295706208289120256,negative,0.004631627283949271
1295706208855367681,negative,0.09604608166740844
1295706210843467777,negative,0.17775680830642215
1295706211426467840,neutral,0.49789225920557484
1295706212185636866,negative,0.004346223592228677
1295706214089752579,negative,3.3098393889363867e-07
1295706217025871872,negative,1.4340606244259475e-07
1295706219429101574,negative,0.0004930985307503336
1295706221283082242,negative,0.0721464372530006
1295706221375365121,neutral,0.40765351114227844
1295706226664366080,negative,0.005437593729184035
1295706226823757825,negative,0.23549743395953016
1295706228920922114,negative,0.09604608166740844
1295706229935935488,negative,0.0008343365265376953
1295706232498589696,negative,0.11999068073896833
1295706232930656262,negative,0.07270591234575756
1295706233643642883,negative,0.17877723511765783
1295706234826391553,negative,0.02189393093554526
1295706236667801600,negative,0.004405983551560181
1295706241075904512,negative,0.0005207109971164184
1295706243546447874,negative,0.07269730280300223
1295706245714845698,negative,0.1497371121674126
1295706246742331393,negative,0.00010105005016432953
1295706246864142337,negative,0.13115630273307913
1295706247568785408,negative,0.05324658050293806
1295706251691618310,negative,0.00010105005016432953
1295706252278988800,neutral,0.606403183733988
1295706252400623618,negative,0.2933543478972414
1295706253650518017,negative,0.15814967988239612
1295706259220570112,negative,0.004346223592228677
1295706259962855428,negative,0.17877723511765783
1295706260403257344,negative,0.01766184246831314
1295706260441112576,negative,0.00022420243675677732
1295706260462084098,negative,0.028959792501580463
1295706261657395200,negative,0.028432721041228102
1295706263402057733,negative,0.06913482755245247
1295706263913992192,negative,0.0006420653646235958
1295706266279583744,negative,0.00027251872690673817
1295706269916028933,negative,0.0006685721193915053
1295706270419361792,negative,0.004342799245922514
1295706270624649216,negative,0.052305292118980176
1295706271169957888,negative,0.052305292118980176
1295706271425785856,negative,0.052305292118980176
1295706272751263745,negative,0.22571658443345985
1295706274273742848,negative,0.052305292118980176
1295706274563330049,neutral,0.4575574633417399
1295706276199108614,neutral,0.612827542805504
1295706276249313280,negative,0.00011706970378355754
1295706276337528834,negative,0.022275582327474095
1295706276664692736,negative,0.006100314913498225
1295706277369262080,negative,0.006481046351442049
1295706277985824769,negative,0.07270591234575756
1295706278283620352,negative,0.00034325132712054304
1295706278547918849,negative,0.21241003757468702
1295706281525874688,negative,0.15331241043057187
1295706282251497472,negative,0.009200262530411557
1295706284046647303,negative,0.00010105005016432953
1295706285577560065,negative,1.4340606244259475e-07
1295706288328970240,negative,0.016356626812182667
1295706290774253568,negative,1.74187951328644e-06
1295706291344744448,neutral,0.37418893075372844
1295706292942712837,negative,1.2725348445518517e-05
1295706293907402752,negative,0.012814756564749712
1295706294557511680,negative,0.006075039083643612
1295706294838591488,negative,0.0009309096130113586
1295706294842793985,neutral,0.5130605840822943
1295706296524603393,negative,0.00432973159051788
1295706329466757120,negative,1.756688405507465e-05
1295706333245841409,negative,0.07270591234575756
1295706335158444032,negative,1.7388062339979875e-14
1295706336638963714,negative,0.051006876849169186
1295706338664894464,negative,4.788589600170631e-05
1295706341340676101,negative,0.006075039083643612
1295706343534362624,positive,0.9999576603531877
1295706345136627713,negative,0.05324658050293806
1295706346826936322,negative,0.0005003820658617559
1295706348370485248,negative,3.77805864409393e-09
1295706352283799553,negative,4.169541059454128e-05
1295706352405315585,negative,0.006506371852851268
1295706353365913600,negative,1.0404796049284156e-05
1295706354590547968,negative,0.03182315110833533
1295706355278450690,negative,0.08161158602374756
1295706358843662336,negative,0.003952111195386317
1295706363105075202,negative,0.2980444231796271
1295706364636024833,negative,0.03329967069360357
1295706365109981184,negative,0.036194086401094325
1295706367450402816,negative,1.2971118765906592e-12
1295706367702040576,negative,6.961865102802475e-06
1295706367865638913,negative,0.29676789564387285
1295706367907500035,negative,2.028777579217194e-06
1295706368133890052,negative,0.17877723511765783
1295706370646433794,positive,0.8826646432612132
1295706371955077122,negative,0.1885684173452611
1295706372995256320,negative,0.21651339263655675
1295706376379994112,negative,0.0015715222625375632
1295706376539340800,negative,0.0010841638463247557
1295706377604812802,neutral,0.5460151952517951
1295706378070368256,negative,0.051006876849169186
1295706378342993921,negative,0.008191984262121038
1295706378431012864,negative,0.07564133706531022
1295706379341225991,negative,0.00432973159051788
1295706380977012742,negative,0.004952151953647316
1295706386605768705,negative,9.781391315204368e-05
1295706386622447616,negative,0.0005207109971164184
1295706387608027136,negative,0.00010105005016432953
1295706389055188995,negative,3.0439707664671607e-05
1295706390179315712,negative,0.1497371121674126
1295706390938492928,negative,4.169541059454128e-05
1295706394092621824,negative,0.004346223592228677
1295706394407006208,negative,0.0007923567652039523
1295706394679812098,negative,0.03957686157108606
1295706394906304512,negative,4.788589600170631e-05
1295706395942227970,negative,0.0006420653646235958
1295706396038758402,negative,0.03184689485492144
1295706405484351490,negative,0.0005207109971164184
1295706407396945920,negative,0.0030097849828161155
1295706409171132416,negative,0.0422914754062407
1295706409196228608,negative,0.010956788766163099
1295706409770921985,negative,0.037129898624670414
1295706410202800131,negative,0.05209359829144388
1295706417006092288,negative,0.004311638387877308
1295706420655075329,negative,1.36634539438763e-05
1295706421380755457,negative,0.08467181435203253
1295706422802386944,positive,0.8973719440752513
1295706424618684419,positive,0.999658444393289
1295706425088339968,positive,0.8561462926802822
1295706426258657280,negative,0.03957686157108606
1295706426711642113,negative,0.007723769237115648
1295706428884295680,positive,0.9968915763573204
1295706430201311232,negative,5.159129371255386e-09
1295706431417716736,negative,0.0005207109971164184
1295706433393172482,neutral,0.4740134798084637
1295706433753886720,positive,0.8318615781602878
1295706434253004801,negative,0.012459880026596726
1295706434932551681,negative,2.015795679616903e-06
1295706435628732416,negative,1.3172070075965035e-05
1295706437868453889,negative,0.07270591234575756
1295706439416193024,negative,0.0068308212229387455
1295706441819533313,negative,0.11887281031159908
1295706444533239809,negative,0.06913482755245247
1295706445992865793,negative,1.873494193583136e-06
1295706456197672960,negative,2.5290108274572915e-05
1295706458127040513,negative,0.012727068404218687
1295706458890416133,negative,0.0005207109971164184
1295706459368501253,negative,0.000253058869872319
1295706462191157248,positive,0.9804244454961873
1295706464431017985,negative,0.19058056811077337
1295706466633093122,negative,0.0031117019121400416
1295706467643936774,neutral,0.5603415668882513
1295706468474331136,negative,0.17877723511765783
1295706469913038850,positive,0.8318615781602878
1295706470227546113,negative,4.169541059454128e-05
1295706472102363136,negative,0.048757162055139025
1295706472597331968,neutral,0.5087664448549469
1295706473733984256,negative,0.043453119828463733
1295706475696979968,negative,5.5691942036901576e-05
1295706478339330048,negative,0.07270591234575756
1295706479425720321,negative,0.00010105005016432953
1295692819416387585,negative,0.0004133167276670572
1295692819848474624,negative,0.20976441277881258
1295692820129382400,negative,0.12601313751072224
1295692822130065409,negative,0.001150404241661264
1295692824290238464,negative,0.0006034492095579572
1295692824407465984,negative,0.02114034761049796
1295692824915202051,negative,0.12601313751072224
1295692824990625792,negative,0.16867547946173717
1295692825552654336,negative,0.029797870913313762
1295692826139860993,negative,0.02132099595582579
1295692826278334464,negative,0.02132099595582579
1295692826643136512,negative,0.12601313751072224
1295692827310067713,negative,0.06793757832079039
1295692827314266113,negative,0.29718181086816825
1295692828027297797,negative,0.004346223592228677
1295692828232814598,negative,0.12601313751072224
1295692828350193664,negative,0.12601313751072224
1295692828706844672,negative,0.1760434886024792
1295692828933328896,negative,0.12601313751072224
1295692829046403078,neutral,0.5495922250151081
1295692829088460801,positive,0.9999995592370942
1295692829344358401,negative,1.4287919732607537e-09
1295692830707519490,negative,0.2750689603471482
1295692831105994753,negative,0.07444369563127802
1295692831319887872,neutral,0.5495922250151081
1295692831714086912,negative,1.9788113451122793e-06
1295692832217464832,neutral,0.4332388422326355
1295692833660297221,positive,0.9994798761029691
1295692834717278208,negative,0.31387462782038605
1295692834864017408,positive,0.9987530981415126
1295692835635597312,negative,0.02132099595582579
1295692835665121282,negative,0.12601313751072224
1295692839825874949,positive,0.9477995601449292
1295692840496922624,negative,0.00018502907222052486
1295692840622870528,negative,0.12601313751072224
1295692840777986050,negative,0.07175036163698306
1295692841428164608,negative,3.1932377036407975e-09
1295692842619346944,negative,4.669306115917089e-06
1295692846184443907,negative,0.012512228272294352
1295692846306033667,negative,0.0004970582462023491
1295692846637490176,negative,0.0016589896538996046
1295692847094673411,negative,0.004346223592228677
1295692847841189888,negative,0.13185800359190072
1295692848323538945,negative,0.12601313751072224
1295692848675921920,negative,0.12601313751072224
1295692848692518913,negative,0.00043980959645654273
1295692849443491844,negative,0.1662567711703368
1295692850097725441,negative,0.13140800015996953
1295692850643046401,negative,0.07444369563127802
1295692853834915840,negative,0.02834793246149834
1295692853864214529,negative,0.12601313751072224
1295692855198076929,negative,2.7033851862317228e-05
1295692857081307136,neutral,0.5496678701602578
1295692857781768192,negative,0.0022023690508181813
1295692858859585536,negative,0.12601313751072224
1295692859044237312,negative,0.04188345168222585
1295692859342041088,negative,0.0006034492095579572
1295692866388406272,neutral,0.5496678701602578
1295692868137476101,negative,0.25293873011086104
1295692868992954369,positive,0.946683130299044
1295692869144121345,negative,0.12601313751072224
1295692870402203649,negative,0.0017044512010052923
1295692870846881792,negative,0.004242257211630408
1295692872436645890,neutral,0.3499352441185855
1295692872675659776,negative,8.418688190818232e-05
1295692873170653185,negative,0.0037007295488750373
1295692873200001024,negative,0.12601313751072224
1295692874240135170,negative,0.12601313751072224
1295692874693128193,negative,0.0004498087860835411
1295692875607486466,negative,0.019901934905204827
1295692876924559361,neutral,0.6331188583856378
1295692878132412418,negative,0.003390728606319189
1295692878186983424,negative,0.023780496501403316
1295692878656745473,positive,0.9886442611031434
1295692880032530432,positive,0.9068781738632222
1295692880326070273,negative,0.00018937495577805609
1295692880523276289,positive,0.978342543989653
1295692880913346560,negative,0.00029830118134460226
1295692881915777027,negative,0.12601313751072224
1295692882431664129,negative,0.05994482367752988
1295692883719344129,negative,0.31732489718339985
1295692884725977089,negative,0.12601313751072224
1295692885304778753,negative,0.12601313751072224
1295692885518688262,negative,0.04279985671102907
1295692889457074176,neutral,0.6563131832915976
1295692889566191618,negative,0.010332653681365602
1295692890916651008,negative,0.12601313751072224
1295692891101306880,negative,0.057051711484152584
1295692892594483200,neutral,0.3544882912843778
1295692892846137345,negative,0.00011920047949049027
1295692893206839301,negative,0.03401166424788374
1295692895417241608,negative,0.017178444783900387
1295692896541323264,negative,0.011124306708046535
1295692896679669766,negative,0.12601313751072224
1295692897535361031,negative,0.001150404241661264
1295692897623445505,negative,1.956661633554165e-09
1295692900190363648,negative,0.12601313751072224
1295692900970442752,negative,0.10396600402265237
1295692902027460608,negative,0.006861894278108723
1295692903814238208,negative,0.04717364055397147
1295692904443322369,negative,0.016424082014325596
1295692905533906946,negative,8.872218351457472e-06
1295692906330836994,negative,0.00018269905520465246
1295693002590113793,negative,0.019901934905204827
1295693002757808128,negative,0.12601313751072224
1295693002778779649,negative,0.1172098533367
1295693003286351873,negative,0.012691638614722212
1295693004167172097,negative,0.0016032934212778945
1295693004666175488,negative,0.0006885748949539921
1295693007501623299,neutral,0.6563131832915976
1295693009317695488,negative,0.12601313751072224
1295693009703645186,negative,0.12601313751072224
1295693009804242945,negative,9.623228541852086e-07
1295693010005622784,negative,0.12601313751072224
1295693010316013569,negative,4.16735717470715e-09
1295693011658117122,negative,0.14486123632038664
1295693012245385218,negative,0.00011461083480983803
1295693013008687106,positive,0.7571941426827925
1295693013981827074,negative,0.00011920047949049027
1295693016548728833,negative,0.019901934905204827
1295693016934559744,negative,0.20640574443446935
1295693018129993732,negative,0.015782712293631998
1295693020894040064,negative,0.00024183056521904456
1295693020948566016,positive,0.7197132989779035
1295693020994707456,negative,0.1251685562098861
1295693021413949442,negative,0.029795491630330264
1295693023083470849,negative,5.515192443236001e-08
1295693025897783297,negative,0.08007641557858117
1295693026648629248,negative,4.487369936649479e-07
1295693027005140995,negative,0.03408069355156201
1295693028129202177,negative,5.929974285857408e-06
1295693029970513922,negative,0.044051357276136495
1295693031572733952,neutral,0.5372318511317483
1295693031874555904,negative,6.784306530680772e-07
1295693032885559296,negative,0.0048808083930460275
1295693033489432576,negative,0.0001631320351968574
1295693034294849537,negative,0.0011287800816248696
1295693035632762880,negative,9.339542839091597e-06
1295693035842539520,negative,8.876957217897358e-05
1295693036081614848,neutral,0.4593391898063893
1295693037105041410,negative,8.657051241070237e-06
1295693037784489984,negative,0.12601313751072224
1295693038052954112,negative,0.0037007295488750373
1295693039890046978,negative,0.31387462782038605
1295693040724717569,negative,0.001860635310695789
1295693042075213824,neutral,0.36095958222040864
1295693043127980032,negative,0.12601313751072224
1295693044516347905,negative,0.20209692979803273
1295693044675760129,negative,0.02132099595582579
1295693046802243584,negative,0.09016400970450879
1295693049171980288,negative,0.044051357276136495
1295693049419501568,negative,0.010391457920196811
1295693049922818049,neutral,0.49789225920557484
1295693051256614913,negative,0.02132099595582579
1295693054452563968,negative,1.465691123095298e-05
1295693055429877760,negative,0.10967668378995687
1295693056021352448,neutral,0.41154575594377096
1295693056675643392,negative,0.09201677046948122
1295693057380278275,neutral,0.46215990978510524
1295693057434824704,negative,0.07444369563127802
1295693059741671425,negative,8.418688190818232e-05
1295693060068777984,negative,0.1151860165726378
1295693060291145729,negative,0.012678756687359315
1295693062614777856,negative,0.008798272480730793
1295693063742984195,negative,0.12601313751072224
1295693065307529221,negative,0.12601313751072224
1295693065840144385,positive,0.9886442611031434
1295693068897792001,negative,0.16867547946173717
1295693069623361537,negative,0.025218441413890895
1295693070516748294,negative,0.12601313751072224
1295693071280230400,negative,1.4801281221529087e-05
1295693071993245696,neutral,0.3641388277251819
1295693074060976128,negative,0.12601313751072224
1295693074870534144,negative,9.746755944613088e-05
1295693075566731265,negative,0.12601313751072224
1295693076124651521,negative,0.061251816324763
1295693076640522240,negative,0.12601313751072224
1295693076736991234,negative,0.0031065490960579044
1295693079622672385,negative,0.006105280219504559
1295693080658685957,negative,0.14432341470540613
1295693081438834689,negative,0.02132099595582579
1295693081753333766,negative,0.06793757832079039
1295693192944386048,negative,0.04272978204831444
1295693192969555969,neutral,0.3636278968891351
1295693193749594117,negative,0.12601313751072224
1295693194596884480,negative,0.12601313751072224
1295693194638831621,negative,0.019901934905204827
1295693195360247810,negative,0.024405456238622735
1295693195528024064,negative,0.0015645295878872025
1295693195825885184,negative,0.12601313751072224
1295693197612646400,positive,0.9477995601449292
1295693197767778305,negative,0.11591685326288977
1295693201123225605,negative,0.0001731737757059785
1295693201270091776,negative,0.0532305548199964
1295693201391661056,neutral,0.6044360339979967
1295693202394144769,neutral,0.5495922250151081
1295693202398339072,negative,5.980815889572081e-05
1295693204495446018,neutral,0.6044360339979967
1295693207691497473,negative,0.23561822767541085
1295693207821586433,negative,0.12601313751072224
1295693208287158274,negative,0.06747121611459704
1295693208773681152,negative,0.009198488968345166
1295693209516093440,negative,0.01759611954076667
1295693210061361152,negative,0.002777389959162262
1295693210065473537,negative,0.12601313751072224
1295693215035793408,negative,0.018050845174107502
1295693215333482497,negative,0.0005421506491065403
1295693217976012801,negative,0.018704067330414777
1295693218118500353,negative,0.0006034492095579572
1295693218584113152,negative,0.017737322312159787
1295693219062255619,positive,0.9108092757545855
1295693219716571137,negative,0.02132099595582579
1295693220102451201,negative,0.04976080884783488
1295693222451253250,negative,2.8592346209702604e-10
1295693223004954624,neutral,0.46127768308170247
1295693224506544130,negative,0.16867547946173717
1295693226184237057,negative,0.12601313751072224
1295693227530555392,negative,0.0020969848805004387
1295693228088279040,positive,0.8459619623492342
1295693228361031682,negative,0.09750653894888597
1295693229841616896,negative,0.01596636952789235
1295693230848253954,negative,0.12601313751072224
1295693232391819266,neutral,0.40164566407707886
1295693232836349952,negative,1.1161939065261343e-05
1295693232991600640,negative,0.029390520633112465
1295693233008279552,negative,0.006515497784147753
1295693233503318018,negative,0.008551744862496442
1295693234547630080,negative,0.12601313751072224
1295693235612987393,negative,8.418688190818232e-05
1295693236506435589,negative,0.12601313751072224
1295693237349502977,negative,2.342367657765406e-05
1295693238381219846,positive,0.8945396879538031
1295693239039799296,negative,0.021597468805320055
1295693240541286400,negative,0.00010670633938014938
1295693243288563712,negative,3.296921095544363e-11
1295693243313774592,negative,0.02132099595582579
1295693243640881153,negative,0.018050845174107502
1295693245238960128,negative,0.12601313751072224
1295693246157422592,negative,8.418688190818232e-05
1295693246249787392,negative,0.002010019455148697
1295693246446710785,negative,1.0894719946588812e-05
1295693248124653570,negative,0.07117662434844292
1295693248384688128,negative,0.005947990998086029
1295693248825040896,negative,0.12601313751072224
1295693249206771713,neutral,0.543943416451809
1295693249739358215,negative,0.017737322312159787
1295693250146316288,negative,1.2442907964945227e-08
1295693250599297027,negative,0.15196570085981792
1295693251912048640,negative,0.1245851639844528
1295693255867355136,positive,0.7571941426827925
1295693256672645122,negative,0.00011920047949049027
1295693256727109634,negative,0.02132099595582579
1295693257394003968,negative,0.019199925757606814
1295693257716961280,positive,0.9450098357883242
1295693257855438848,negative,0.0005638289355444513
1295693258220339200,negative,0.12601313751072224
1295693258849505280,negative,0.0005707288715266583
1295693259096850433,negative,0.000544295747369366
1295693260590067713,negative,0.005146135223107939
1295693262024474626,negative,0.18302972443046564
1295693262330699777,negative,0.07711743441053578
1295693262624157699,negative,0.001626822705756842
1295693263882641408,negative,0.037104752498890975
1295693264281108480,negative,0.0004989025182391388
1295693267581964290,negative,0.025428830598452617
1295693268085342210,positive,0.978342543989653
1295693363501584391,negative,0.0015645295878872025
1295693363610628096,neutral,0.5702313667234737
1295693363828719623,negative,0.12601313751072224
1295693366068379648,negative,0.044051357276136495
1295693367700062208,negative,0.0005960794063345932
1295693368631209984,negative,0.02132099595582579
1295693369478459393,negative,0.003120314493133608
1295693371172888576,neutral,0.4504888139938193
1295693371260928007,negative,0.10600349061693258
1295693372167008256,negative,0.006105280219504559
1295693372523515906,negative,0.18200388657353636
1295693372724838400,negative,0.1931279316264419
1295693372728807426,negative,0.047598848772555706
1295693372917796866,positive,0.9149780503022883
1295693373752463360,negative,0.044051357276136495
1295693373886681088,negative,0.010332653681365602
1295693376080228352,negative,0.0033247800397299245
1295693376189341697,negative,5.900062542311814e-05
1295693376449388545,negative,0.016304538462711012
1295693376482947072,negative,0.021597468805320055
1295693377699274752,negative,0.12601313751072224
1295693378819104778,negative,0.043776310366520924
1295693381683818496,negative,0.12601313751072224
1295693384582144001,negative,0.13417084267854645
1295693384938590209,negative,0.12601313751072224
1295693385282486274,positive,0.8709756691360152
1295693385328713732,negative,0.009481169775664895
1295693386897338368,negative,0.0089556821017632
1295693392333201408,negative,0.0004338355674508675
1295693392786137090,negative,0.024405456238622735
1295693392890990593,negative,0.001150404241661264
1295693393331453953,negative,0.12601313751072224
1295693395223031808,negative,0.12601313751072224
1295693395311157248,negative,0.11922733989909069
1295693395684466689,negative,0.003120314493133608
1295693395923554309,negative,0.04414997919400047
1295693396758220801,negative,4.209626654199663e-06
1295693398016434177,negative,1.0825897597371955e-06
1295693398503038976,negative,0.08546935861439567
1295693401585844224,negative,0.12601313751072224
1295693401715810304,negative,0.2207058397378527
1295693401925525507,negative,0.12601313751072224
1295693402303008768,negative,0.005656450412355571
1295693402940596224,negative,0.12601313751072224
1295693404110807045,negative,0.02132099595582579
1295693405486555143,negative,0.12601313751072224
1295693405658513409,negative,0.004482740988692986
1295693406736453632,negative,1.6123782918087616e-06
1295693407856332801,positive,0.978342543989653
1295693409215184896,negative,0.19498405422128276
1295693409567625216,negative,0.2421388024884851
1295693412642029568,negative,0.11956170823619515
1295693414185480194,negative,1.831468735373716e-07
1295693414583996417,negative,0.0017044512010052923
1295693416999915520,negative,0.12601313751072224
1295693417037598720,negative,0.0011273458816138512
1295693417100566529,negative,0.0038591150043468664
1295693417306116097,negative,0.001150404241661264
1295693418924916737,negative,0.0625932855156542
1295693419252260865,negative,5.929974285857408e-06
1295693419973619714,negative,0.0600101272615417
1295693420002979840,positive,0.6753390687989769
1295693421852721157,negative,0.0004989025182391388
1295693421932417024,negative,0.11631874523252289
1295693424046362625,negative,0.12601313751072224
1295693424545366017,negative,0.008257802198045826
1295693425094926337,negative,0.041756913046481485
1295693425963159552,negative,0.19487127107409025
1295693426344824832,negative,0.038673486668109214
1295693427942789120,negative,0.005657610119437916
1295693429016535042,negative,2.6019462126881117e-05
1295693431109550082,negative,0.08376611679530784
1295693432820826112,negative,0.00021748045918104243
1295693434657939464,negative,8.418688190818232e-05
1295693435836551169,negative,0.12601313751072224
1295693438646616064,negative,0.0005696446200482081
1295693440748003328,neutral,0.6510944806292813
1295693441909891072,negative,0.0005707288715266583
1295693442195099649,negative,0.16275881899724381
1295693442287374341,negative,0.12601313751072224
1295693442555817986,positive,0.9056052485707365
1295693443881148416,negative,0.12601313751072224
1295693443906375681,negative,0.040435848622729295
1295693445718331392,positive,0.978342543989653
1295693446083235840,negative,0.10396600402265237
1295693446108401667,negative,1.6395967586671367e-05
1295693446431244293,negative,8.876957217897358e-05
1295693446531997697,negative,0.11115402361896808
1295693446896857089,negative,0.0004989025182391388
1295693447437975553,negative,0.001150404241661264
1295693448478101507,negative,0.03138333274078604
1295693448683687937,negative,0.29269589891569664
1295693550248693760,negative,0.0009677493191237991
1295693550513016833,negative,0.12601313751072224
1295693551137968129,negative,2.606760444447435e-12
1295693551146336256,negative,0.009067301343866192
1295693553147031556,negative,0.08007641557858117
1295693553536925697,negative,0.00422006069166204
1295693553943945217,negative,0.12601313751072224
1295693554065399808,negative,8.418688190818232e-05
1295693555860635648,negative,0.12601313751072224
1295693556930064384,neutral,0.5495922250151081
1295693557567819776,negative,0.12601313751072224
1295693559484633090,negative,3.727107180365314e-07
1295693561816637442,negative,0.001150404241661264
1295693564177940480,negative,0.22463230117098826
1295693565314715653,negative,5.929974285857408e-06
1295693568200323074,negative,0.11594547425212554
1295693568305242113,negative,0.0196625777579181
1295693569706139648,negative,1.0917346177324929e-06
1295693572885356544,negative,0.12601313751072224
1295693573711699969,negative,0.11105803682865459
1295693575490088961,negative,0.22888357671880458
1295693575678758914,negative,0.12601313751072224
1295693576203116545,negative,0.05991339020560473
1295693577218142208,negative,0.06793757832079039
1295693577666940928,negative,0.00035415519744435176
1295693581525680129,negative,0.12601313751072224
1295693582284853248,negative,0.11017680619191215
1295693583111118848,neutral,0.34612871420806407
1295693583350222848,negative,0.04300643872714501
1295693583593484294,negative,0.0001631320351968574
1295693583660601344,negative,0.00015346569853918462
1295693586936324101,negative,0.060307006660785485
1295693587498270721,negative,0.04219534087812061
1295693588341428226,negative,0.12601313751072224
1295693588429516802,negative,0.00022824862617855718
1295693588609802242,negative,0.32298864039417396
1295693589775880200,neutral,0.6563131832915976
1295693590451105794,negative,0.10396600402265237
1295693591059271680,negative,0.09458610797879848
1295693591520489474,negative,0.08007641557858117
1295693593231990784,negative,0.002291334560465925
1295693594561515520,negative,0.12601313751072224
1295693594855170048,negative,0.005661991519484838
1295693595282989056,negative,0.12601313751072224
1295693595752759296,negative,0.12601313751072224
1295693597623365633,negative,0.07231199949754606
1295693599800283136,negative,1.3290059832167561e-05
1295693601398300674,negative,0.26090090315184916
1295693603768082435,negative,0.0033496880870187997
1295693604770504706,neutral,0.3655553432010384
1295693605961641984,negative,0.002464055122179861
1295693608746651653,negative,0.004897277995918001
1295693608989990912,negative,0.16867547946173717
1295693609157656577,negative,0.3229796935994711
1295693609816199171,negative,0.022718316089818953
1295693611963744256,negative,8.23130352954252e-05
1295693612563533824,negative,0.12601313751072224
1295693612957794304,negative,0.024405456238622735
1295693613456936960,negative,0.001619816231206438
1295693615008808963,negative,0.12601313751072224
1295693617646972929,negative,9.444871411513912e-05
1295693617898676224,negative,0.0033247800397299245
1295693618376847360,negative,0.12601313751072224
1295693619823816707,negative,0.06793757832079039
1295693622189400064,neutral,0.4008410902624343
1295693622881538049,neutral,0.5944583139975269
1295693624706048000,negative,0.13202287051901754
1295693626916237313,negative,0.007181478780361355
1295693626987679744,neutral,0.4534548359756535
1295693628174512129,negative,1.4105811180703608e-07
1295693629500129283,negative,0.05065408313312327
1295693630183809025,positive,0.9477995601449292
1295693630984904705,negative,0.0006034492095579572
1295693631018467330,negative,0.02132099595582579
1295693632008331264,neutral,0.40674001738839816
1295693632494874624,negative,0.2835813478353629
1295693632738123776,negative,0.11591685326288977
1295693633300160513,negative,0.14869506692064388
1295693633392345089,negative,0.035165615027483006
1295693634755538946,negative,0.0004989025182391388
1295693635380486144,negative,0.024405456238622735
1295693729110597632,negative,0.00029830118134460226
1295693729593008134,negative,0.0009677493191237991
1295693730956156933,negative,0.12601313751072224
1295693731543371776,neutral,0.3448789537043245
1295693733179121665,neutral,0.48379405737602776
1295693733221076995,negative,0.12601313751072224
1295693733963472899,positive,0.6623499100777693
1295693734282244096,negative,0.007181478780361355
1295693734554869760,negative,0.12601313751072224
1295693736459018241,negative,0.00030472750754389366
1295693736631062533,negative,2.449841001855186e-07
1295693737478230017,negative,0.0005707288715266583
1295693738363289602,negative,0.006419430954595828
1295693740032614400,negative,2.4993220491118347e-05
1295693740233891840,negative,0.12601313751072224
1295693740418519042,negative,0.05736422592685412
1295693742071066624,negative,0.001832012825627702
1295693743010521093,negative,0.001832012825627702
1295693744193380357,negative,0.02132099595582579
1295693747884261376,neutral,0.5136446707795853
1295693748668698625,negative,0.02017395221537928
1295693748962295811,negative,8.075939037310204e-08
1295693748974886912,negative,0.00036082645105258885
1295693750304411649,negative,0.0001678516425974141
1295693750832947201,negative,0.07571734524237249
1295693751009058816,negative,5.929974285857408e-06
1295693752070283264,negative,0.10873084537464295
1295693752682635264,negative,0.12601313751072224
1295693752850423813,neutral,0.38348152311486716
1295693753152307202,negative,2.973605879512019e-06
1295693753307537408,negative,0.0027422401670716386
1295693754159038465,neutral,0.5495922250151081
1295693756491091968,positive,0.6634765676318548
1295693757216587776,negative,0.12601313751072224
1295693758126858240,positive,0.9886442611031434
1295693758890160129,negative,4.451618538053969e-06
1295693761977233408,negative,0.07231199949754606
1295693765248778240,negative,0.0011085433835154742
1295693766217564160,negative,0.12601313751072224
1295693766448349189,negative,2.6314723872865518e-05
1295693767341756418,negative,0.005823099520744037
1295693768730054663,negative,0.17878682949537683
1295693769057198081,negative,0.12601313751072224
1295693769283600385,neutral,0.47840844706262076
1295693769480777729,neutral,0.6044360339979967
1295693772391698432,negative,9.623228541852086e-07
1295693772630745088,negative,0.03669135265188776
1295693775398932480,negative,0.12601313751072224
1295693775671525376,negative,0.0018051611048294073
1295693777651347456,negative,0.12601313751072224
1295693777923969024,negative,0.030141926918134925
1295693779610017792,negative,0.004939760204266811
1295693779685511169,negative,5.929974285857408e-06
1295693782961324033,negative,0.12601313751072224
1295693784014114817,negative,0.0018704071337064896
1295693785758945280,negative,1.3290059832167561e-05
1295693787889532928,positive,0.8446963384289382
1295693789114388481,negative,0.07216430432922048
1295693789286170624,neutral,0.3628814653312217
1295693789437321219,negative,0.001005457773570323
1295693794810175488,positive,0.9862782154257607
1295693797863690241,negative,1.4105811180703608e-07
1295693798161489920,negative,0.12601313751072224
1295693798836772866,negative,8.045982697387541e-06
1295693799457468417,negative,0.007797197072241617
1295693802544521217,negative,0.2421388024884851
1295693804129976322,negative,0.006515497784147753
1295693804541030401,negative,0.0003146503927633664
1295693804897538048,negative,0.0007811723832325936
1295693805715435520,negative,0.047187791237059705
1295693806172545025,negative,0.09016400970450879
1295693808085217281,negative,0.18146911214380979
1295693808215166976,negative,0.024405456238622735
1295693808726880256,neutral,0.47623945900953796
1295693808907227138,negative,1.4105811180703608e-07
1295693809490317313,negative,0.008551744862496442
1295693809762873344,negative,0.00015346569853918462
1295693810706653185,negative,0.12601313751072224
1295693812480835587,negative,0.11591685326288977
1295693814515015680,neutral,0.4635476503877262
1295693815869771776,neutral,0.5507293349429573
1295693818252210176,negative,0.024405456238622735
1295693906055700481,negative,0.12601313751072224
1295693907402072064,negative,0.21879952739180128
1295693907418898433,negative,0.07247569986325751
1295693909117607937,negative,0.0196625777579181
1295693911323750402,negative,0.1760434886024792
1295693912099696641,negative,3.6914378141383697e-06
1295693914024939523,negative,0.12601313751072224
1295693914591186944,negative,0.12601313751072224
1295693915161583617,negative,0.002239435235774275
1295693918466723840,negative,0.041097832655170315
1295693920664526849,positive,0.7571941426827925
1295693920928661505,negative,0.00415589217006351
1295693921343987712,negative,0.12907077297966218
1295693921423626241,positive,0.9959343162676211
1295693922753273857,negative,0.09615957085032137
1295693923675930625,negative,0.16867547946173717
1295693924145733632,negative,0.00011878864516568124
1295693925257220098,negative,0.03318386145205355
1295693926859341826,negative,0.03775741535350618
1295693927106916354,negative,0.021533469754306103
1295693927262105600,negative,0.12601313751072224
1295693927920656392,negative,0.04168417874162307
1295693928058978304,negative,0.02090482763277767
1295693929078239233,negative,0.007545625260059137
1295693929325592577,neutral,0.43854245468307546
1295693929678024707,negative,0.00011920047949049027
1295693930751840257,negative,0.016996103648462865
1295693930764402692,negative,8.319915338196487e-05
1295693931418718218,negative,0.0006034492095579572
1295693931603271683,negative,9.714501064565941e-06
1295693933125808129,negative,0.0011150295543511913
1295693933889171456,negative,0.042554621776336225
1295693934140755969,negative,0.1441344912164008
1295693934405079040,negative,0.25288570988806464
1295693935835328512,negative,0.0009158911092799684
1295693936288321537,negative,0.12601313751072224
1295693937206796290,negative,0.30647167769809186
1295693939496882176,negative,0.00014883097539882163
1295693940331548673,negative,0.0003985052482981368
1295693940541329409,negative,0.12601313751072224
1295693940763561986,negative,0.0021911330405311926
1295693941438914560,negative,0.00030472750754389366
1295693943338934274,neutral,0.37111150485659405
1295693946480480257,negative,0.01785347011195913
1295693950456561664,negative,2.5541240514021394e-07
1295693951064846337,negative,0.04053806659532289
1295693951438069760,negative,0.12601313751072224
1295693952356691968,negative,0.016492565903595817
1295693953535225863,negative,0.00011878864516568124
1295693957385662465,negative,0.016296320879888988
1295693961948848131,neutral,0.5741430315828542
1295693963417059328,negative,1.1927175725220981e-05
1295693963572080642,neutral,0.5741430315828542
1295693965023252480,neutral,0.5741430315828542
1295693965098921984,negative,0.035239653866718415
1295693967045070848,negative,0.03541852314666285
1295693967561023489,negative,0.014479366522355026
1295693968416669697,negative,0.0017044512010052923
1295693969561616386,negative,0.10600349061693258
1295693971272994816,negative,0.0004989025182391388
1295693977123987457,positive,0.6698263576368745
1295693980345278466,negative,0.0002130551741385344
1295693981775429632,negative,0.02017395221537928
1295693981888778241,negative,0.0015937940140542922
1295693982790496256,negative,0.001150404241661264
1295693982849290242,negative,1.831468735373716e-07
1295693984011096073,negative,0.03076148301998431
1295693984921247745,negative,0.02132099595582579
1295693986691260417,negative,0.12601313751072224
1295693987207143425,negative,0.07297986551897258
1295693987836297217,negative,0.03951516794837749
1295693987915927554,negative,0.12601313751072224
1295693989312593920,negative,0.01368246779719405
1295693993288896512,positive,0.8872851345776688
1295693994534604801,negative,6.258170390198521e-06
1295693995277000704,negative,0.00973253532937172
1295693996862382088,negative,0.12601313751072224
1295694083223158789,negative,0.12601313751072224
1295694083621556226,negative,0.06512816819959498
1295694085538353153,negative,0.1441344912164008
1295694086188359681,negative,0.13202287051901754
1295694086498811904,negative,0.02132099595582579
1295694087731978240,neutral,0.3619451476948216
1295694088088563719,negative,0.0010600880691793708
1295694088151465984,negative,6.019578862716503e-07
1295694089292328960,negative,0.21900870264011765
1295694089296453632,negative,0.12601313751072224
1295694090927996930,negative,0.0027133418690947356
1295694091431350272,neutral,0.37111150485659405
1295694091959840768,negative,0.06793757832079039
1295694094400987136,negative,7.752480450362732e-06
1295694094631686147,negative,0.12601313751072224
1295694095621533698,negative,0.019901934905204827
1295694099438350336,negative,0.1516090625394908
1295694103330484224,negative,8.418688190818232e-05
1295694103632646144,negative,0.18452869957961077
1295694104186294272,negative,0.0007242548592947361
1295694105155178496,negative,0.12601313751072224
1295694105931059200,negative,8.418688190818232e-05
1295694107147481091,negative,0.12144608150772425
1295694107411714049,negative,0.265362950544781
1295694108145721346,negative,0.0017044512010052923
1295694108447604736,negative,6.756431413949458e-06
1295694109433303040,neutral,0.5495922250151081
1295694110448377857,neutral,0.42235701952106647
1295694111631192065,negative,0.12601313751072224
1295694111693996033,negative,0.02132099595582579
1295694112923025409,negative,9.444871411513912e-05
1295694112985939969,negative,0.12601313751072224
1295694113371820034,negative,0.0600101272615417
1295694114973986816,negative,0.0024063297313619446
1295694115808706560,neutral,0.5169955073393762
1295694115993276417,negative,1.9907552106392055e-05
1295694118270664704,neutral,0.4507454498615163
1295694118727884800,negative,0.12601313751072224
1295694119151587328,positive,0.9998893383237237
1295694119327526912,negative,0.29269589891569664
1295694122242760715,negative,0.019901934905204827
1295694124012711937,neutral,0.37111150485659405
1295694124591521792,negative,3.25722101444236e-05
1295694125367517185,negative,5.929974285857408e-06
1295694126185316353,positive,0.7571941426827925
1295694126730694658,negative,0.017737322312159787
1295694127389122567,positive,0.7571941426827925
1295694129477963779,neutral,0.3619451476948216
1295694130304163841,negative,0.12601313751072224
1295694131679944704,negative,0.12601313751072224
1295694134372687872,negative,0.024405456238622735
1295694142182436864,neutral,0.3499352441185855
1295694143298166784,negative,0.0040858432154290275
1295694143822467073,neutral,0.5475385610968239
1295694144032178178,positive,0.7571941426827925
1295694145185554432,negative,0.006515497784147753
1295694145256861696,positive,0.9477995601449292
1295694147354075139,negative,0.02132099595582579
1295694150164193288,negative,0.00027856121602537866
1295694152391434242,negative,0.2079446414960689
1295694153762902016,negative,0.06161537906806061
1295694153930637313,negative,7.752480450362732e-06
1295694154090110984,negative,0.12601313751072224
1295694155981651969,negative,0.00032862021492752343
1295694156052955138,negative,0.12601313751072224
1295694156241698817,negative,0.0004591599735811823
1295694156275372032,negative,0.12331967209317418
1295694157210673152,negative,0.02132099595582579
1295694157663608832,negative,0.31387462782038605
1295694160410947584,negative,0.30158464101907223
1295694162461851649,neutral,0.5496678701602578
1295694163317530625,negative,0.00937980767477089
1295694163355357185,negative,0.00020624797066014504
1295694164223504384,negative,0.12830371513052494
1295694166375182336,negative,0.00013588788282992902
1295694168271069184,negative,0.12601313751072224
1295694169290215424,negative,0.019901934905204827
1295694170066214912,negative,1.36643649411664e-07
1295694171270008832,negative,0.12601313751072224
1295694172746330112,negative,0.10753216253529774
1295694173253840897,negative,0.019901934905204827
1295694174516281346,negative,0.12601313751072224
1295694175518830594,negative,1.831468735373716e-07
1295694177397874689,negative,0.07175036163698306
1295694272008802307,negative,0.08007641557858117
1295694273061552129,negative,0.12601313751072224
1295694274235957248,negative,1.7724091447598997e-10
1295694274848325632,negative,0.024405456238622735
1295694276488302592,negative,0.00015346569853918462
1295694277763366913,negative,0.28430167523802774
1295694278321152001,negative,0.025354382784736094
1295694279025872897,negative,0.010332653681365602
1295694279730487296,negative,0.15599147442921968
1295694280577753088,negative,0.004074228850454605
1295694283832463360,negative,0.004784594569315814
1295694286059700225,negative,0.26100766255661445
1295694288160985089,negative,0.075268832903649
1295694288450392064,negative,4.739099384893875e-05
1295694289117368320,negative,0.0064627307368132015
1295694289343778817,neutral,0.5495922250151081
1295694289410895872,negative,0.0005559441257502349
1295694292183404544,negative,0.012393712093729822
1295694292518866944,negative,0.3267166098583136
1295694293076762624,negative,0.12601313751072224
1295694293315788801,negative,0.0674886676087733
1295694295257755649,positive,0.7284647370234739
1295694295387824129,negative,0.12601313751072224
1295694296256053254,negative,6.11535551092027e-05
1295694296348327938,negative,0.17484359042377795
1295694297883389954,negative,0.12601313751072224
1295694297979789312,negative,0.17907850542622106
1295694300391657472,positive,0.7031734236176302
1295694301905727490,negative,0.024405456238622735
1295694301977026564,negative,0.04486950264804123
1295694305168887808,negative,0.12601313751072224
1295694305605099526,negative,0.07458924183593003
1295694307018657792,negative,0.010137102915840343
1295694307836526598,negative,0.03391254958807079
1295694310411833344,negative,0.0012357205520214557
1295694310483034113,neutral,0.49990732897368345
1295694314186702848,negative,0.12922741510377908
1295694315038158850,negative,0.024405456238622735
1295694315541454848,negative,0.13141112654095252
1295694316250292224,neutral,0.3865851598206023
1295694316669743110,negative,0.0600101272615417
1295694318699773952,negative,0.0846646819402743
1295694319240847362,negative,0.012393712093729822
1295694319987245056,neutral,0.5495922250151081
1295694320205541382,negative,0.0036567862877765383
1295694320910172167,negative,0.04225707474737757
1295694322629840901,negative,0.00028844065532588334
1295694322885627904,negative,0.12601313751072224
1295694323988729857,negative,0.2784693007358633
1295694324127223810,negative,0.0006007979370626823
1295694325410598912,negative,1.0796252416112507e-05
1295694325507129348,negative,0.12251605215928715
1295694325817516034,negative,0.12601313751072224
1295694326249463809,negative,7.334803166809868e-07
1295694326446661633,negative,0.0007745359129958626
1295694328380231681,negative,0.07444369563127802
1295694328539631617,negative,0.024405456238622735
1295694329240080384,negative,0.12385764591743817
1295694330791964674,negative,0.0012866568017761348
1295694331718795264,positive,0.7757378803001985
1295694333354672128,negative,0.12601313751072224
1295694334713647104,negative,4.339667538218967e-09
1295694335355293701,negative,0.12385764591743817
1295694335921487879,negative,0.019901934905204827
1295694336559132672,negative,0.0421855594856268
1295694337225916416,neutral,0.36095958222040864
1295694337741856769,negative,0.11591685326288977
1295694337779662848,negative,0.044051357276136495
1295694338098368515,negative,9.047606304781198e-09
1295694338928803842,negative,0.12601313751072224
1295694339759276034,negative,0.07297986551897258
1295694339843207170,negative,0.001005457773570323
1295694339859976199,negative,0.0006034492095579572
1295694340921143296,negative,0.014066282932521622
1295694341965582338,negative,8.418688190818232e-05
1295694342280093697,negative,0.12601313751072224
1295694344142323714,positive,0.7571941426827925
1295694345652314112,negative,0.0430101816775751
1295694349167190018,neutral,0.3499352441185855
1295694351864082432,negative,0.12601313751072224
1295694352207896576,negative,0.0029293881078433265
1295694352828837888,negative,0.012723223352748777
1295694353789267968,negative,7.022981296899592e-13
1295694354103840768,negative,0.0002910836894516619
1295694354934304768,negative,0.005757803766098827
1295694355261542400,negative,0.1389357443319044
1295694355441876995,negative,8.035500330830774e-07
1295694355550949377,negative,0.12601313751072224
1295694356314234881,negative,8.418688190818232e-05
1295694356427440128,negative,0.006414697034694239
1295694356637265921,negative,0.00880774778630918
1295694357211865094,negative,0.05701936114733519
1295694358151340034,negative,0.12601313751072224
1295694358293995521,negative,0.04541324580731029
1295694359455825921,negative,3.7934775985504924e-05
1295694360437284864,neutral,0.4357250496419644
1295694462090383360,negative,0.0004246759703373585
1295694462610542592,negative,0.00022824862617855718
1295694464837705728,negative,0.003035954203055938
1295694465437491200,negative,8.320274930410065e-05
1295694466842591233,negative,0.002033175525064031
1295694468566392834,negative,0.023870751520004133
1295694471196225542,negative,0.0001553411680709392
1295694473196969987,negative,0.29706937192678656
1295694473532448768,negative,0.001005457773570323
1295694473767399424,negative,0.0001731737757059785
1295694473951838213,negative,0.12601313751072224
1295694474790735874,negative,4.9346015297312494e-05
1295694475327676418,negative,0.08376611679530784
1295694476644622337,negative,9.471752254434661e-05
1295694476820860929,negative,0.0905877275526507
1295694479043768322,positive,0.9989821359829916
1295694479127699456,negative,0.010332653681365602
1295694479157006336,negative,0.10678568651684306
1295694479501021185,negative,2.8231189365913217e-05
1295694481086468097,negative,0.0016969321211445898
1295694482776752129,negative,2.6850365879113648e-18
1295694483816931328,neutral,0.5495922250151081
1295694483934400513,negative,8.31497138512817e-06
1295694485121310721,negative,0.12601313751072224
1295694485662453761,positive,0.7730123385321899
1295694485721174016,negative,0.01785347011195913
1295694485926678530,negative,0.07893926090880485
1295694486144724992,negative,0.14432341470540613
1295694486664892417,neutral,0.3860480439858406
1295694488065781760,negative,0.019901934905204827
1295694489265352709,negative,0.06924054420465577
1295694491844837376,negative,0.16757058367730612
1295694492389998594,negative,0.0012608676833480567
1295694492507336704,neutral,0.5495922250151081
1295694492520132610,negative,0.011826970945531727
1295694492578779138,negative,0.0001568205364054759
1295694492906000384,negative,0.044051357276136495
1295694493103120385,negative,0.014288267233821542
1295694493929283584,negative,8.418688190818232e-05
1295694496836050945,negative,0.12601313751072224
1295694496957706240,negative,0.019901934905204827
1295694497259696128,negative,0.21372031179135526
1295694497746165761,negative,0.12601313751072224
1295694497834295298,negative,0.0016544375600636367
1295694498161467393,negative,8.418688190818232e-05
1295694498245357568,negative,0.03420078549420633
1295694499193270274,negative,0.019901934905204827
1295694499365236739,negative,0.10153886532073596
1295694501185572871,negative,0.2956805911425415
1295694501428826114,negative,2.3403121448531908e-05
1295694501969891329,neutral,0.37111150485659405
1295694502271897600,negative,0.03171583571671794
1295694502389264384,negative,0.08784914350255155
1295694504142544898,negative,3.25722101444236e-05
1295694504146731009,negative,0.12601313751072224
1295694504645795843,negative,0.12601313751072224
1295694504712974336,negative,0.09775864454265326
1295694506084519938,negative,1.6596656411975995e-05
1295694507430813704,negative,0.0016537749991679535
1295694507628015617,negative,0.12601313751072224
1295694507867078661,negative,0.01978172325238759
1295694510165569541,neutral,0.568313565714886
1295694513005002755,negative,0.12601313751072224
1295694513902620674,negative,0.024405456238622735
1295694514234032128,negative,0.0625932855156542
1295694515915939840,negative,3.436414750013294e-12
1295694518407372803,negative,3.25722101444236e-05
1295694519707611137,negative,0.07039115002182492
1295694521909510145,neutral,0.49789225920557484
1295694523050459136,negative,0.008274265615097622
1295694523830603776,negative,7.460013738416291e-08
1295694524233191426,neutral,0.5344029679637843
1295694524518260736,negative,0.03565945797252218
1295694525294194689,negative,7.577285357894906e-05
1295694526749777922,negative,0.0037771785456886873
1295694528280657921,negative,0.12601313751072224
1295694529090260992,negative,0.12601313751072224
1295694529136406528,negative,6.784306530680772e-07
1295694529220280320,negative,0.0007745359129958626
1295694530990223360,negative,0.12601313751072224
1295694532034658308,negative,0.04255380740619319
1295694532592402434,negative,3.25722101444236e-05
1295694533372542978,negative,0.00051617285162906
1295694533477441537,neutral,0.38956336392465263
1295694534211522560,neutral,0.5970090151999642
1295694535071272960,negative,0.019639234042405317
1295694537617297409,negative,3.25722101444236e-05
1295694538124808194,negative,1.2442907964945227e-08
1295694540188377089,negative,0.12601313751072224
1295694540825821184,negative,7.752480450362732e-06
1295694541245288455,neutral,0.34212779492080586
1295694635394912257,negative,0.00039241412013544147
1295694636309196803,neutral,0.5702313667234737
1295694636602851328,negative,0.0430101816775751
1295694637504569345,negative,0.006558222740242218
1295694637760491524,neutral,0.5798488390287853
1295694638192394241,negative,0.0007745359129958626
1295694639417167873,negative,0.00013588788282992902
1295694639480143872,negative,0.12224570033330913
1295694640214093824,negative,0.12224570033330913
1295694642055446528,negative,0.12601313751072224
1295694642390933504,negative,0.12601313751072224
1295694642491645952,negative,0.024405456238622735
1295694643716382720,negative,0.03285896863672738
1295694643900887040,negative,0.015756599503966177
1295694645767352321,negative,0.12601313751072224
1295694646073528320,negative,0.16693890072412906
1295694646157377540,neutral,0.4507454498615163
1295694647034097664,negative,0.0022023690508181813
1295694648510500865,negative,0.0005955192462443616
1295694649210933248,negative,0.02132099595582579
1295694650221748229,negative,0.0625932855156542
1295694651387711493,negative,0.12601313751072224
1295694651429728263,neutral,0.49004299930343614
1295694653430419462,negative,0.004443149399067653
1295694654730653696,negative,0.12601313751072224
1295694655942733825,negative,0.12601313751072224
1295694656559362049,negative,0.1786571868270996
1295694657981161475,negative,0.12601313751072224
1295694658434211841,negative,0.04550932329001948
1295694658836803584,negative,0.0002859121527055697
1295694658966900737,negative,0.1516090625394908
1295694659986087936,negative,0.12601313751072224
1295694662204891136,negative,0.012166830933803507
1295694666126565376,negative,0.003957493235129822
1295694666936078336,negative,0.0011938802422112786
1295694667154100226,negative,0.12601313751072224
1295694667342897152,negative,0.02591539513226468
1295694669498716161,negative,0.12601313751072224
1295694670136332289,negative,0.019901934905204827
1295694671008673796,negative,0.12601313751072224
1295694671310655488,negative,5.6955588109608626e-05
1295694673625915394,negative,0.12601313751072224
1295694673827291138,negative,0.006419430954595828
1295694673927901185,negative,2.710167863136611e-05
1295694675341344768,negative,0.022650296137453937
1295694676096319489,negative,0.0016711517439248994
1295694677463703553,negative,0.2798947313077043
1295694678927572994,negative,0.14842490737062766
1295694679766335489,negative,6.0619810217981395e-09
1295694680026423297,negative,0.024405456238622735
1295694680060039175,negative,0.24481330381516372
1295694682111049728,negative,0.12601313751072224
1295694685407772678,negative,0.19992595846264505
1295694685713969152,negative,0.14951021891560445
1295694686418501633,negative,0.12601313751072224
1295694686989025280,neutral,0.5496678701602578
1295694687148351491,negative,0.2718558954275445
1295694687613997056,negative,0.0007745359129958626
1295694688117293056,negative,0.3020135550609068
1295694688855433216,positive,0.7031734236176302
1295694689505546241,negative,0.23721339283699297
1295694690080129024,negative,0.3140380540806584
1295694690830909440,negative,0.12601313751072224
1295694692055646208,neutral,0.36095958222040864
1295694692085096448,negative,2.3421778147269807e-05
1295694693599068160,neutral,0.39425364427628423
1295694695029407746,negative,0.041097832655170315
1295694696694657025,negative,0.019901934905204827
1295694699454509056,negative,0.12601313751072224
1295694700054274048,negative,0.017207597101500067
1295694700628848642,positive,0.8098288845342144
1295694701782171654,negative,0.0004989025182391388
1295694701945856002,negative,1.0825897597371955e-06
1295694702071681024,negative,0.2026810368510024
1295694702193397761,negative,0.018075472935833604
1295694703002869760,negative,0.001529438895233787
1295694703166402560,negative,0.12601313751072224
1295694703678099458,negative,0.12601313751072224
1295694705741553665,negative,0.008983144069358464
1295694706387628034,negative,0.17907850542622106
1295694706849058816,negative,0.12601313751072224
1295694707255697412,negative,0.013051371941598637
1295694707570487297,positive,0.7571941426827925
1295694708589637633,negative,0.0060251171545036885
1295694708736393216,negative,0.12601313751072224
1295694709768228869,negative,7.752480450362732e-06
1295694709772267520,neutral,0.39425364427628423
1295694710569197569,negative,0.0004692367915139291
1295694710842036224,negative,0.12601313751072224
1295694711781457922,negative,0.0005851199134936583
1295694712276488194,negative,0.12601313751072224
1295694712452644864,negative,0.001005457773570323
1295694712477753347,negative,0.02132099595582579
1295694713132113926,negative,7.16383305521195e-08
1295694715363430402,negative,0.12601313751072224
1295694716378415108,negative,0.00497690786242146
1295694716625924096,negative,0.03669135265188776
1295694717313789954,negative,0.12601313751072224
1295694719348088832,negative,0.12601313751072224
1295694719457132544,negative,0.007696593113981794
1295694815884124160,negative,0.0006893139723907056
1295694816420990978,negative,0.29706937192678656
1295694816521658370,negative,4.779771512403446e-06
1295694816546889728,negative,0.0625932855156542
1295694817377357824,negative,0.03330548314652789
1295694819692408834,positive,0.9741757512674264
1295694821042995200,negative,0.12601313751072224
1295694821357547521,negative,0.009881343899356644
1295694823224217601,negative,0.00024327196648913166
1295694824285384704,negative,0.0004692367915139291
1295694826759954432,negative,0.02132099595582579
1295694827494019074,negative,0.00011920047949049027
1295694827875688448,negative,0.0004025559629624737
1295694827879833600,negative,0.12601313751072224
1295694830895616000,neutral,0.39425364427628423
1295694831713488896,negative,0.12601313751072224
1295694831889657861,negative,0.024405456238622735
1295694833370238976,negative,0.08567173392873434
1295694833982611459,negative,0.12601313751072224
1295694834930417664,negative,0.02341292172742968
1295694834985033728,negative,0.0011085433835154742
1295694835131744256,negative,0.12251605215928715
1295694835505127426,negative,0.1624822564138482
1295694835563802624,positive,0.7197132989779035
1295694836562112512,negative,0.0007745359129958626
1295694836826284035,negative,0.04147779582385276
1295694837136723969,negative,0.0028464838235345608
1295694837258362881,negative,0.017178444783900387
1295694838847938560,negative,0.006105280219504559
1295694840722788352,negative,0.12601313751072224
1295694841385488385,neutral,0.5475197972905538
1295694841410719744,negative,0.3140380540806584
1295694843826536448,negative,1.3290059832167561e-05
1295694844321562626,negative,0.03669135265188776
1295694845760110593,negative,0.0002542819076073914
1295694845990916097,negative,0.0318622026778533
1295694846246768641,negative,0.03865814600099791
1295694847039479810,neutral,0.49004299930343614
1295694847706312707,negative,0.12601313751072224
1295694848419344390,negative,0.02973373071803106
1295694848893300736,negative,0.12601313751072224
1295694849732218881,negative,0.001156002511511639
1295694849895804928,negative,3.946227628239683e-05
1295694854429839360,negative,7.641233510942982e-05
1295694855260209154,negative,0.017178444783900387
1295694856933736448,negative,0.12601313751072224
1295694856971575298,negative,0.0982854168852579
1295694858808512513,negative,0.18158034506993168
1295694858959626240,negative,0.00730166519317098
1295694859043471362,negative,8.392531548973256e-05
1295694860884705281,neutral,0.5495922250151081
1295694861803298816,negative,0.048558281736403794
1295694861862141953,negative,3.25722101444236e-05
1295694863871221762,negative,0.21851949366955983
1295694864227741696,negative,0.06512816819959498
1295694865137913856,negative,0.012395618865407595
1295694865184034819,negative,0.044051357276136495
1295694865645416449,negative,0.10009065629389999
1295694866312298498,negative,0.12601313751072224
1295694866404519936,negative,0.00011757847719854186
1295694866777812992,negative,0.0022741985229674097
1295694867801268224,neutral,0.4766795874967358
1295694867927007232,negative,0.00030472750754389366
1295694869940310016,negative,0.12601313751072224
1295694871039279106,neutral,0.38348152311486716
1295694871680950272,negative,0.010332653681365602
1295694871739727877,negative,0.12601313751072224
1295694873836900352,negative,6.291498109485284e-08
1295694875267149824,negative,0.09386000229361774
1295694876932284421,negative,0.12601313751072224
1295694877653639171,neutral,0.47246832556958085
1295694877724938240,negative,0.02739992034972039
1295694878156959744,negative,0.31387462782038605
1295694878580629505,negative,0.003958561284772265
1295694881285955584,negative,0.10199171284544968
1295694881956995074,negative,4.029609267127482e-07
1295694881969537026,negative,0.006505244365744587
1295694882351337478,negative,0.015098869571656194
1295694883399835649,negative,0.019901934905204827
1295694883408302083,negative,1.3290059832167561e-05
1295694883466940416,negative,0.0010253470024870724
1295694883592654848,negative,0.12444269263977256
1295694883605426177,negative,0.10396600402265237
1295694885283078144,negative,0.0012745184452221516
1295694885429956608,negative,0.0001631320351968574
1295694885895507969,negative,0.12830371513052494
1295694887548071937,negative,0.0004989025182391388
1295694892828626944,negative,0.12601313751072224
1295694893113909249,negative,7.752480450362732e-06
1295694893633769475,negative,0.01631932043860391
1295694893877166080,negative,0.0006950929337438048
1295694894313484288,neutral,0.36095958222040864
1295694895097806849,negative,0.12601313751072224
1295694895185907713,positive,0.6668220920310173
1295694895345213443,positive,0.9869823488208094
1295694895743741953,negative,6.234469105589813e-07
1295694896897101827,neutral,0.5495922250151081
1295694897731661825,negative,2.9091176336191346e-05
1295694898847457281,negative,0.00932488232424266
1295694898885210115,negative,0.12601313751072224
1295694899631841290,negative,0.12251605215928715
1295694899841507328,negative,0.0032533681489490627
1295694997296218115,negative,0.0005539614797962762
1295694998017642498,negative,0.019901934905204827
1295694998579683329,negative,0.019901934905204827
1295694999452102656,negative,0.036219400787242784
1295694999531720704,negative,0.019901934905204827
1295695000597147649,negative,7.130087698253745e-05
1295695002929106944,positive,0.978342543989653
1295695003809984512,negative,0.12601313751072224
1295695004518801413,negative,0.0010239908877146301
1295695007572275202,negative,0.19498405422128276
1295695007589060608,negative,0.044051357276136495
1295695007907819520,positive,0.7963977939574317
1295695008016801795,negative,0.027204465671221274
1295695008037834753,negative,0.0625932855156542
1295695009212248064,negative,0.0004989025182391388
1295695011690852355,negative,0.006976363322136707
1295695013888884736,negative,0.04145487790763871
1295695015369465856,negative,0.12601313751072224
1295695015386152961,negative,3.1932377036407975e-09
1295695015562432512,negative,0.08689056960138107
1295695016262807553,positive,0.7571941426827925
1295695017479208960,negative,0.001150404241661264
1295695019341418496,positive,0.8578607450362098
1295695020020957184,negative,0.013167219607037182
1295695021182722050,negative,1.814925091317704e-06
1295695023539990529,negative,0.12601313751072224
1295695023913213952,negative,5.246229483407686e-07
1295695026073337857,negative,0.31387462782038605
1295695026488475649,neutral,0.46127768308170247
1295695031899172864,negative,0.12601313751072224
1295695032645816323,positive,0.8978084498366765
1295695033849597954,negative,0.012723223352748777
1295695034076090370,negative,1.6003611398218892e-08
1295695034474549248,negative,0.29706937192678656
1295695034558418945,neutral,0.45865158599960215
1295695036525371392,negative,0.0032533681489490627
1295695036802371590,negative,0.20324586410364273
1295695037397860352,neutral,0.40244605502606856
1295695038060650496,negative,0.06053964140963383
1295695038249340928,negative,0.00039241412013544147
1295695038652067841,neutral,0.5734576952979002
1295695038811377666,negative,0.07763840771209739
1295695039562231808,positive,0.8252440254455945
1295695039860035584,negative,0.009005725749200668
1295695040824651776,neutral,0.6300557392989174
1295695040858263552,negative,0.044051357276136495
1295695041734877185,negative,2.6684646623921566e-05
1295695044490465283,negative,0.00973253532937172
1295695044985446400,negative,0.01960275923427289
1295695045828509703,negative,7.752480450362732e-06
1295695047254519809,negative,0.12601313751072224
1295695049259454464,negative,0.2162436181843784
1295695051968970752,negative,0.019901934905204827
1295695053810212866,negative,0.13581378249340914
1295695053948514304,neutral,0.44180126957274063
1295695054326161408,negative,0.0032533681489490627
1295695055429214214,positive,0.6792494575444393
1295695055647318016,neutral,0.5495922250151081
1295695058679803906,negative,0.0032533681489490627
1295695060059721728,negative,0.2853625645543847
1295695060453986305,negative,0.019901934905204827
1295695061410287617,negative,0.0002910836894516619
1295695062421123073,negative,3.3742928076030365e-06
1295695062781906944,negative,0.0032533681489490627
1295695062815449096,negative,0.12601313751072224
1295695063713030144,negative,6.712568391943377e-05
1295695065197744130,negative,0.0004498087860835411
1295695069505302529,positive,0.9421128561528669
1295695070214193153,negative,0.21811706132658248
1295695070683959296,negative,0.22463230117098826
1295695071984201728,negative,1.65432236757241e-05
1295695072156164097,negative,0.02722856763147378
1295695072269393921,negative,0.04350140218881862
1295695072340697089,positive,0.7352364966490751
1295695072369901568,negative,0.02617891367483157
1295695078380503040,negative,0.2859186428130349
1295695078426632198,negative,0.004655270665167053
1295695078992875520,negative,0.0005601992568692777
1295695080389574657,negative,0.07444369563127802
1295695080486047744,negative,0.0002315943721712846
1295696631019577344,positive,0.7571941426827925
1295696631262740481,negative,0.13402844583612183
1295696632349155329,positive,0.9754253017936838
1295696634635001857,negative,0.00017880557572461642
1295696636371333120,negative,0.08007641557858117
1295696637059366914,negative,0.061588054418535924
1295696638221189121,negative,0.22305681047770495
1295696638250569728,positive,0.7571941426827925
1295696638326046720,negative,0.02090793093393309
1295696639290675200,negative,0.004120804579195669
1295696639726948353,negative,0.0004989025182391388
1295696641299709952,negative,3.25722101444236e-05
1295696641392025600,negative,0.0004989025182391388
1295696643401154560,negative,0.029361834331534095
1295696643854159872,negative,1.1374664536141206e-06
1295696645187874816,negative,9.164530473721703e-06
1295696650338328578,negative,8.418688190818232e-05
1295696650938327040,negative,0.32115403941327986
1295696651886235652,negative,0.12601313751072224
1295696653077360642,negative,0.017178444783900387
1295696653257777153,negative,0.15981543079415209
1295696654960492545,neutral,0.5495922250151081
1295696656286048258,negative,0.0032533681489490627
1295696656453775361,negative,0.005958958167138394
1295696656747442176,neutral,0.3641388277251819
1295696657133207552,negative,0.015882880095410487
1295696659339411456,negative,2.601458306158271e-08
1295696661474422784,negative,0.11591685326288977
1295696662657204226,negative,0.007727284212619067
1295696663106002945,neutral,0.5344029679637843
1295696663701594117,negative,0.12601313751072224
1295696663907008513,neutral,0.6044360339979967
1295696664540438529,negative,0.197221525988183
1295696664632659969,negative,0.004509236419567248
1295696665605808128,negative,0.08067430057204866
1295696666952175621,negative,0.09615957085032137
1295696667166072833,negative,0.014692100903482533
1295696669124820992,neutral,0.3499352441185855
1295696670987096064,negative,0.00031364293548161875
1295696671096082432,negative,0.0004573982936683696
1295696672387891200,negative,1.2653463621418829e-05
1295696672542973952,negative,0.08007641557858117
1295696674774450181,negative,0.024405456238622735
1295696675563085824,negative,0.12601313751072224
1295696675919495168,negative,0.001005457773570323
1295696676024389632,negative,0.019901934905204827
1295696676708126721,negative,0.0032533681489490627
1295696677295329283,negative,0.0013596504418526018
1295696678545248256,negative,6.240957633417574e-07
1295696680982118400,negative,0.12601313751072224
1295696681154084865,negative,0.0004989025182391388
1295696682395541505,negative,0.10396600402265237
1295696683888762880,neutral,0.4047248512331738
1295696683968462849,negative,0.0005388154264806108
1295696684295565313,negative,0.12601313751072224
1295696684815704064,neutral,0.4029166805485159
1295696685084151809,negative,0.044051357276136495
1295696685268643841,neutral,0.4856578715050209
1295696686233391105,positive,0.7889642849578861
1295696687193874433,negative,0.12601313751072224
1295696687428755457,negative,0.12601313751072224
1295696688171098119,positive,0.7391426793829663
1295696688712220672,negative,0.1516090625394908
1295696688741593088,negative,1.8202471722656763e-06
1295696688951287808,negative,0.0013398458450412734
1295696690272505856,negative,0.0032533681489490627
1295696692432580610,negative,0.12601313751072224
1295696692839317504,negative,0.22463230117098826
1295696693611188224,negative,0.0021831887478922
1295696695125315586,negative,0.008375238490053194
1295696697549619200,negative,0.024405456238622735
1295696700502429697,neutral,0.41760290978295955
1295696701500596225,negative,9.732015574081185e-09
1295696701987094529,neutral,0.4722942286818113
1295696702280785922,negative,0.012723223352748777
1295696707733291008,negative,0.145402450257652
1295696707808788484,negative,0.3120356863614379
1295696708157026307,negative,0.08007641557858117
1295696708928565250,negative,0.09492786723641498
1295696709364985856,negative,0.12601313751072224
1295696709419319303,neutral,0.6003571456973392
1295696709704704000,negative,0.2634750464041236
1295696710577147904,negative,0.12601313751072224
1295696710774206464,negative,1.7170011502720354e-06
1295696711495684096,negative,0.2942419518592413
1295696712649060352,negative,3.25722101444236e-05
1295696713668349953,negative,0.11591685326288977
1295696713840242691,negative,0.12601313751072224
1295696713915805696,neutral,0.4635476503877262
1295696716264615936,negative,0.00020310290000926588
1295696807515885568,negative,0.10074497519638888
1295696813018812422,negative,0.12601313751072224
1295696813584986112,negative,0.00015156097491663485
1295696814751068160,negative,6.11535551092027e-05
1295696816353284096,negative,0.14134167714666668
1295696816625901569,negative,0.001150404241661264
1295696816764321792,negative,0.019901934905204827
1295696818756636674,negative,0.12601313751072224
1295696821449367553,negative,0.0017044512010052923
1295696825492504576,negative,7.72565228678881e-05
1295696825874350081,negative,0.043861180950654347
1295696827224862721,neutral,0.6192824588080086
1295696827426189312,negative,0.00023395807086663427
1295696827770167297,negative,1.0131379770968111e-05
1295696830349684737,negative,0.12601313751072224
1295696831419166722,negative,0.1730746230786644
1295696831825891328,negative,0.020648180998639198
1295696832622886919,negative,0.10678568651684306
1295696833197424640,negative,0.02019856316138352
1295696833675747328,negative,0.024405456238622735
1295696833872834560,negative,0.0001342432504706996
1295696834208444416,positive,0.7571941426827925
1295696835563192320,negative,0.04510854613674176
1295696838213984263,negative,0.12601313751072224
1295696840210358273,negative,0.09386000229361774
1295696841917505542,negative,0.12601313751072224
1295696842936778752,negative,2.7033851862317228e-05
1295696845394579456,negative,0.12601313751072224
1295696845604257792,positive,0.9138589572403348
1295696848783581184,negative,0.12601313751072224
1295696848880111616,negative,5.94320517522243e-05
1295696851258281985,negative,0.1477887840357861
1295696851690311680,negative,8.734236466852772e-05
1295696852654755840,positive,0.7174313159992558
1295696853212725254,negative,0.019901934905204827
1295696854043303937,negative,0.044051357276136495
1295696856085913600,neutral,0.47697210391394973
1295696856404590593,negative,0.0066788421594345835
1295696856891240455,negative,0.00973253532937172
1295696857570725890,negative,0.024270037983030988
1295696859365814272,negative,0.016488044800195098
1295696859940433920,negative,2.601458306158271e-08
1295696860179505153,neutral,0.38006962912221015
1295696860234092553,negative,6.974081317480011e-05
1295696860271738880,negative,0.0006034492095579572
1295696860737404929,neutral,0.3641388277251819
1295696861324546049,negative,0.10678568651684306
1295696861442056192,neutral,0.4184888632202746
1295696863010656256,negative,0.015986331008201234
1295696864457764870,negative,8.058779620759357e-06
1295696864466132992,negative,0.00973253532937172
1295696865019691008,negative,0.024405456238622735
1295696865917370368,negative,0.12601313751072224
1295696867813195777,negative,0.001080102973293732
1295696868194877440,negative,0.02132099595582579
1295696870442799104,negative,0.010964810808769081
1295696870690435074,negative,0.019901934905204827
1295696872707850240,negative,0.2071251955952833
1295696876214398976,negative,0.20081843170922334
1295696878827442176,negative,0.12601313751072224
1295696886641438720,neutral,0.4274047939449264
1295696886742089729,positive,0.7490975370795636
1295696887551582209,negative,0.23649811240819985
1295696888474238978,negative,5.929974285857408e-06
1295696890454069250,negative,2.3684846656328532e-09
1295696891976355840,negative,1.6395967586671367e-05
1295696893251649536,negative,0.0220079914544279
1295696894291836932,negative,0.1295598690637215
1295696895109730307,positive,0.7571941426827925
1295696896049254403,negative,0.12601313751072224
1295696896305102849,negative,0.012885181787684798
1295696995965898752,negative,0.10009065629389999
1295696996158889984,negative,0.11591685326288977
1295696996687282176,negative,0.0008852325050813297
1295696997173858305,negative,0.0011400889842541212
1295696997718974464,negative,0.08007641557858117
1295696997845012480,neutral,0.5344029679637843
1295696998461517825,negative,0.012512228272294352
1295696999011037185,negative,4.890881824425091e-09
1295697000042815488,negative,0.05991339020560473
1295697000068001793,negative,0.017909590329489244
1295697000697155584,neutral,0.4431945047807638
1295697001103994881,negative,0.02439354457570077
1295697001204588544,negative,0.061588054418535924
1295697002878115840,negative,0.044051357276136495
1295697004278972418,negative,0.14134167714666668
1295697006556479489,negative,0.0004989025182391388
1295697007273742338,negative,0.0007745359129958626
1295697010071351296,negative,8.418688190818232e-05
1295697010910208000,negative,4.652127442428444e-05
1295697011661053952,negative,8.359322181037323e-11
1295697012403458049,negative,0.012169857429332064
1295697012919119873,negative,0.006787326003847497
1295697014538276864,negative,0.05544814556950997
1295697014915837954,negative,0.023943058747818075
1295697015272361985,negative,0.01978172325238759
1295697017281359873,negative,0.03389539169911109
1295697017713434625,negative,0.0023043065185054216
1295697018694717440,negative,0.007181478780361355
1295697021156970498,neutral,0.5652309771345115
1295697021421191173,negative,0.12601313751072224
1295697023082139648,negative,0.12601313751072224
1295697023522439168,negative,0.0004989025182391388
1295697023996440576,negative,1.842643242456238e-05
1295697024357105670,negative,0.12601313751072224
1295697025787281408,neutral,0.5495922250151081
1295697026261438464,neutral,0.5224608282804026
1295697026609549312,negative,0.12601313751072224
1295697026643107840,negative,0.03900718473268042
1295697027276382212,negative,0.00011920047949049027
1295697027561652226,negative,0.017178444783900387
1295697029558042627,negative,5.6955588109608626e-05
1295697029692379137,positive,0.7491933091015843
1295697032238313480,negative,0.00211066599748167
1295697032678707200,negative,0.12601313751072224
1295697033311985664,positive,0.9266043263073181
1295697033731375105,negative,0.23649811240819985
1295697034494783493,negative,0.03171583571671794
1295697036239605760,negative,0.003044106291481157
1295697036591980545,negative,0.12601313751072224
1295697037028098050,negative,0.12601313751072224
1295697037959233537,negative,0.019901934905204827
1295697038450003968,negative,0.0072938360075774575
1295697038479437830,negative,0.14134167714666668
1295697039171497985,neutral,0.35948143253622666
1295697039448256512,negative,3.25722101444236e-05
1295697039687385088,negative,0.04810573171354631
1295697039699980290,neutral,0.6385492691315577
1295697041742598149,negative,0.06808806191871737
1295697042942169090,negative,0.02054518922300864
1295697043474743297,negative,0.12601313751072224
1295697045941112832,negative,0.0005296785391577655
1295697046272380929,neutral,0.6385492691315577
1295697047593594880,negative,0.14134167714666668
1295697049149677568,negative,8.418688190818232e-05
1295697051670515718,negative,0.27080060817883433
1295697051859255297,negative,0.12601313751072224
1295697052677165057,negative,0.12601313751072224
1295697052802920448,negative,4.942974956202568e-09
1295697053134344193,negative,0.317955616456911
1295697053222203399,negative,0.09983025730794967
1295697054275174400,negative,0.044051357276136495
1295697055017512960,negative,0.0812592619702565
1295697055109787649,neutral,0.413221960015196
1295697056305225728,negative,9.221649440931699e-06
1295697056611340291,negative,0.22463230117098826
1295697057634750465,negative,0.032764500083221355
1295697060419768320,positive,0.7387481046787513
1295697062529503233,negative,6.123028723347864e-14
1295697063246692352,negative,0.12601313751072224
1295697063511052288,negative,0.09386000229361774
1295697063846580224,positive,0.9520923198437993
1295697065612320768,negative,0.12601313751072224
1295697066220498948,negative,0.05269978139594085
1295697067499716613,negative,1.1927175725220981e-05
1295697068212854784,negative,8.930708429993322e-16
1295697068217061377,negative,0.012169857429332064
1295697070775578624,negative,0.14134167714666668
1295697070838382592,neutral,0.5652309771345115
1295697072486789121,positive,0.9477995601449292
1295697072629460995,negative,0.317955616456911
1295697073950556160,negative,2.8231189365913217e-05
1295697074277822469,negative,0.00017669408124492165
1295697074298720256,negative,0.12601313751072224
1295697074378481664,negative,6.449070351265449e-07
1295697168792256512,neutral,0.482916967383168
1295697168976744455,negative,5.6955588109608626e-05
1295697169006170112,negative,0.0008914572548940793
1295697169287131141,negative,0.0015645295878872025
1295697169438187521,negative,0.12601313751072224
1295697169845039106,negative,0.11591685326288977
1295697169861816322,neutral,0.5344029679637843
1295697170612527105,negative,0.0006260722908331271
1295697170843262977,neutral,0.5495922250151081
1295697171577266176,negative,0.0009014566076548975
1295697171938004992,negative,0.12601313751072224
1295697173162663937,negative,0.002649373326180679
1295697174228086784,negative,0.006515497784147753
1295697176463581185,negative,0.018880231068593472
1295697176673296384,negative,0.12601313751072224
1295697179294736384,negative,0.11132356109298178
1295697179324145664,negative,0.1281817226037914
1295697180192317442,negative,1.2442907964945227e-08
1295697180485980161,negative,9.403755701127903e-05
1295697182117502976,neutral,0.4184888632202746
1295697183048699905,neutral,0.6044360339979967
1295697183296172032,negative,0.048538069377038195
1295697183803609089,negative,0.0032533681489490627
1295697184642408449,negative,0.017291619736620318
1295697184751587328,negative,0.04147779582385276
1295697184868966402,negative,0.12601313751072224
1295697186106363906,negative,0.12601313751072224
1295697187398127618,negative,0.011182380978529272
1295697188207681536,negative,0.05791381097084377
1295697188492804098,neutral,0.5344029679637843
1295697192758411266,negative,0.0032533681489490627
1295697193895186433,negative,0.14134167714666668
1295697193899364352,neutral,0.6572278736870157
1295697194146762752,negative,0.05387137583365565
1295697195484807168,negative,1.1161286112249756e-08
1295697196004904963,negative,0.12601313751072224
1295697196055134208,negative,0.12601313751072224
1295697196139110401,negative,0.11956170823619515
1295697198643130373,neutral,0.43674710974722175
1295697200597463040,negative,1.5362761096481587e-05
1295697204758355970,negative,0.12601313751072224
1295697205374988290,negative,9.403755701127903e-05
1295697205584490499,negative,8.723215593734819e-05
1295697206067048450,negative,0.12601313751072224
1295697206369038336,positive,0.6668220920310173
1295697208025722881,negative,0.12601313751072224
1295697209183342600,negative,0.00011920047949049027
1295697209409679360,neutral,0.4204237136592667
1295697209858699275,negative,0.006105280219504559
1295697210664013824,neutral,0.3381089209676091
1295697210957377537,positive,0.9670231592744779
1295697211272105985,negative,0.0072938360075774575
1295697211762909185,negative,0.12601313751072224
1295697212169748480,negative,0.03653592893760351
1295697212345851905,negative,0.0008997486554126449
1295697212375101440,negative,0.12603607486895302
1295697212773728257,negative,0.024405456238622735
1295697215923589120,negative,0.03718244860646351
1295697216238215168,negative,0.00012708378864607783
1295697216426967041,negative,0.29269589891569664
1295697216867307520,negative,0.12601313751072224
1295697218670821376,negative,0.12601313751072224
1295697218683514881,positive,0.7927420095714911
1295697221028110339,negative,1.6790720993342289e-06
1295697221464338434,negative,0.000882037014423633
1295697223108435970,negative,0.009032164667301112
1295697224211533826,negative,0.12601313751072224
1295697225952239617,negative,0.21675466648975958
1295697226887569413,negative,0.04147779582385276
1295697227030106112,negative,0.0010158740261481225
1295697227063726083,negative,0.0005707288715266583
1295697227806052354,negative,4.217153378646843e-10
1295697228049285122,negative,0.12601313751072224
1295697228720246786,negative,0.012169857429332064
1295697229378916352,negative,0.03860915581258672
1295697229475438599,negative,0.12601313751072224
1295697229643014146,positive,0.8508357203600186
1295697229802622976,negative,0.12601313751072224
1295697230314246146,negative,0.12601313751072224
1295697230477824001,negative,0.008896013253366258
1295697230893133832,negative,0.12601313751072224
1295697230951854081,negative,0.002192235441580542
1295697231392256002,negative,0.009553570175924902
1295697232050761729,negative,0.040547500824414405
1295697233753628678,negative,0.297070401676339
1295697234667995138,negative,0.00041935486846168796
1295697235716562950,negative,0.08812338922543023
1295697236010000384,negative,0.0005082550125913172
1295697236358246406,negative,2.4993220491118347e-05
1295697237348032512,negative,0.001018963483639263
1295697238564442112,negative,0.14764132238546426
1295697240527458306,negative,0.0430101816775751
1295697241596887042,negative,0.024405456238622735
1295697241605201920,negative,0.28311474483410703
1295697242129600512,negative,0.14134167714666668
1295697242272280576,negative,0.12601313751072224
1295697242670735360,negative,0.08899187371704277
1295697243123613696,negative,0.0037007295488750373
1295697247083155456,negative,0.0014645372401228044
1295697247322112000,negative,0.12589623942840603
1295697248773386240,negative,0.0707594762578953
1295697248785965056,negative,0.02132099595582579
1295697249427689472,negative,0.0004498087860835411
1295697249482285058,negative,0.11444108956610691
1295697251919175680,negative,0.09080270117091353
1295697251965251589,negative,0.0019935756664724758
1295697252070182912,negative,0.12601313751072224
1295697252451786758,negative,0.12601313751072224
1295697252862894080,negative,0.11188730454082446
1295697253349437440,neutral,0.5344029679637843
1295697352125231106,negative,3.121856557857342e-07
1295697352855031812,negative,0.045210814372822476
1295697352993406977,negative,0.012395618865407595
1295697353534570496,negative,0.12601313751072224
1295697353660420097,negative,5.937576254902243e-07
1295697353958203398,negative,0.001296356566871533
1295697354235011072,neutral,0.5344029679637843
1295697354750857216,negative,0.019901934905204827
1295697355476369409,negative,0.012169857429332064
1295697356252311552,neutral,0.5495922250151081
1295697357313658881,negative,0.0004692367915139291
1295697361600208896,negative,1.792128063762597e-10
1295697362355204098,negative,0.0010013544595791654
1295697364095832064,negative,0.30647167769809186
1295697364838240256,negative,0.019901934905204827
1295697364959858694,negative,0.0021831887478922
1295697365144412160,negative,0.009498168084553674
1295697365568020481,negative,0.02132099595582579
1295697366637477893,negative,0.12601313751072224
1295697367036035073,negative,0.22596519436911686
1295697369179336706,negative,0.02132099595582579
1295697369342902273,negative,0.001150404241661264
1295697369380589568,negative,9.356079902191449e-07
1295697370806706177,negative,0.12601313751072224
1295697371494526979,negative,1.8202471722656763e-06
1295697373398806530,negative,0.001005457773570323
1295697373730091008,positive,0.7571941426827925
1295697375583821831,negative,2.925507091172054e-05
1295697375810523136,negative,0.08183008523233828
1295697375843950592,negative,0.24489230267518067
1295697377052024834,negative,0.019901934905204827
1295697377127542784,negative,0.12601313751072224
1295697377391775750,negative,0.00011878864516568124
1295697377899286528,negative,0.14134167714666668
1295697378205409281,neutral,0.5209138043720312
1295697378796883969,neutral,0.3306646816629014
1295697379094605831,negative,0.08007641557858117
1295697379987988482,negative,0.024405456238622735
1295697382542381058,negative,0.0018915387272542715
1295697383003688960,negative,0.12601313751072224
1295697383007952896,negative,0.14134167714666668
1295697383922302976,positive,0.9999997267236953
1295697384584904704,negative,0.12601313751072224
1295697386262663168,neutral,0.5109642830073995
1295697386858258432,positive,0.6634765676318548
1295697387021893632,negative,1.5488327066807564e-08
1295697390008246272,negative,0.2824096273803543
1295697390532546560,negative,0.14134167714666668
1295697391815995392,negative,0.16702303149431624
1295697392340209666,negative,0.02011918965631971
1295697392805838854,neutral,0.40674001738839816
1295697393426497538,negative,0.029488995290015495
1295697394059927552,negative,0.019901934905204827
1295697394215137281,negative,0.02797257883588501
1295697394793938949,negative,3.25722101444236e-05
1295697394928177153,negative,0.02090793093393309
1295697395347587072,neutral,0.4545729117725756
1295697395708297218,negative,0.2750689603471482
1295697398979854336,neutral,0.3438159948065724
1295697400066080769,negative,2.7576915926557836e-05
1295697400976347142,negative,0.015782712293631998
1295697401559351296,negative,0.0072938360075774575
1295697402310033410,negative,4.051348200225633e-17
1295697403375423490,negative,0.12601313751072224
1295697405288079362,negative,0.000648126563791801
1295697407339106304,negative,0.00401737319619589
1295697407364288518,negative,0.12601313751072224
1295697407464873990,negative,0.09147931027663674
1295697408760979456,negative,6.502260930562907e-08
1295697410862325761,negative,0.15246081496289765
1295697411508244480,negative,0.12601313751072224
1295697412686848002,negative,0.00051617285162906
1295697413106282503,negative,0.011182380978529272
1295697414125506560,positive,0.9096248447492792
1295697415064911872,neutral,0.36095958222040864
1295697415245357057,negative,0.14134167714666668
1295697415476051970,negative,0.14134167714666668
1295697415597694976,neutral,0.5652309771345115
1295697416604266498,negative,0.00011920047949049027
1295697417053048835,negative,0.019901934905204827
1295697417338265605,neutral,0.4198108768186872
1295697422514098176,negative,0.11274288677631823
1295697423273283589,negative,0.31732489718339985
1295697423436783618,neutral,0.5344029679637843
1295697423449370624,negative,2.463243048816009e-07
1295697423864561668,negative,0.12601313751072224
1295697424070127617,negative,0.14134167714666668
1295697424573501441,negative,0.20209692979803273
1295697424862846977,negative,0.09016400970450879
1295697425210974213,negative,0.019901934905204827
1295697425726951430,negative,0.0761977404559629
1295697426314133504,positive,0.9782792425656519
1295697426762924032,negative,0.1267968728609381
1295697429782765568,negative,0.04057808464142529
1295697431523397632,negative,0.2429175251999282
1295697433679233024,negative,4.4442645898672145e-05
1295697434023276545,negative,0.01752440899026267
1295697434492964866,negative,0.12601313751072224
1295697435373776899,negative,0.10600349061693258
1295697438855122944,negative,0.044051357276136495
1295697439211610112,negative,0.0013575907851993757
1295697440792862722,neutral,0.3306646816629014
1295697555578327040,negative,0.0005421506491065403
1295697555947429890,negative,1.0455569159893783e-05
1295697556899586048,negative,0.24664101310805345
1295697557079851010,negative,0.12601313751072224
1295697559957184512,negative,0.0041016220808073696
1295697560905101312,negative,0.1064529406451588
1295697564931629056,negative,4.942974956202568e-09
1295697565892202502,negative,0.0032393605745668955
1295697565992783874,negative,0.05736422592685412
1295697567007875079,negative,0.02017395221537928
1295697571118288896,negative,5.668368385097633e-07
1295697572703678470,negative,0.0004989025182391388
1295697574964408321,negative,0.0625932855156542
1295697576751247364,negative,0.12601313751072224
1295697576780607488,negative,0.1142962719886928
1295697577011286017,negative,0.0625932855156542
1295697577753620480,negative,0.019901934905204827
1295697580156956674,negative,0.12601313751072224
1295697580807118848,neutral,0.49789225920557484
1295697581163585536,negative,0.12601313751072224
1295697581176172554,neutral,0.5916122031609724
1295697582493184000,negative,0.019901934905204827
1295697582858162176,negative,0.0009366200643734956
1295697585282453504,negative,0.02095751726429095
1295697586855145472,negative,8.024002020053782e-08
1295697587035672576,negative,0.018296750727279175
1295697587127951361,negative,0.12601313751072224
1295697588000358400,negative,0.12601313751072224
1295697588142903297,negative,0.12601313751072224
1295697588398809088,positive,0.8043531142345803
1295697588407226368,negative,0.02132099595582579
1295697589053128704,negative,6.240957633417574e-07
1295697590068150273,negative,0.02132099595582579
1295697590500065285,negative,7.947560934420828e-05
1295697590516879364,negative,2.3010375314976466e-05
1295697590621745152,negative,0.12601313751072224
1295697591888478208,negative,0.14134167714666668
1295697592353992704,negative,0.0010239908877146301
1295697595122229253,negative,0.005784095125181427
1295697595336142851,negative,1.1692178824506889e-08
1295697596145688578,negative,0.1636996874008044
1295697596321804289,negative,0.007888195854401462
1295697596728696832,negative,0.12601313751072224
1295697598570008577,negative,0.0232677572573598
1295697601195581440,negative,0.05382167060390856
1295697601367597056,negative,0.14459291354362255
1295697601392709632,negative,0.0812592619702565
1295697601665392640,negative,0.09147931027663674
1295697602793680896,negative,2.463243048816009e-07
1295697603338932225,negative,0.12601313751072224
1295697608644714498,negative,0.04604255386764733
1295697609294848000,negative,0.022650296137453937
1295697610989359104,negative,0.32677394568840673
1295697611026989056,negative,5.929974285857408e-06
1295697611408707586,neutral,0.5372318511317483
1295697611761082368,negative,3.793620799650156e-05
1295697612994162688,negative,0.0004944761195631106
1295697613845667842,negative,0.27815186115300927
1295697614822924288,negative,0.012021786064087958
1295697615884111876,negative,0.22584710300131824
1295697615926042624,negative,3.027417591668198e-05
1295697616148332544,negative,0.12601313751072224
1295697619587563526,negative,0.017178444783900387
1295697620057415681,negative,0.001386300556276458
1295697620569120771,negative,0.12601313751072224
1295697620686512128,negative,0.14134167714666668
1295697621324095488,neutral,0.5109642830073995
1295697624306155520,negative,0.142640941590759
1295697624641617920,negative,0.14134167714666668
1295697626113794048,negative,4.108816442739641e-09
1295697626155954177,neutral,0.40894589973255985
1295697626663456768,negative,0.08914397588203149
1295697626738950146,negative,0.00015346569853918462
1295697626881499139,negative,0.02090793093393309
1295697627162566656,negative,0.0600101272615417
1295697629008076806,negative,1.00091787639493e-05
1295697629167394816,negative,0.0072938360075774575
1295697631474331653,neutral,0.6212522937770664
1295697632145309697,negative,0.0027422401670716386
1295697632208261123,negative,0.14134167714666668
1295697633177145345,negative,0.0445056521191953
1295697635135950848,negative,0.0004498087860835411
1295697743055327234,negative,0.12601313751072224
1295697743642492930,positive,0.9477995601449292
1295697745337090048,negative,0.03935964968143302
1295697745429311488,negative,0.3140380540806584
1295697746100396033,negative,0.04479027963881753
1295697747094507521,negative,0.317955616456911
1295697747656560641,negative,0.12601313751072224
1295697748205776896,negative,9.623228541852086e-07
1295697749426536450,negative,0.019901934905204827
1295697750034649089,negative,0.0837763170250123
1295697753067130881,negative,0.2159629886009774
1295697754052792322,negative,0.1281817226037914
1295697754878959625,neutral,0.5495922250151081
1295697755118227458,negative,0.0055559290971662805
1295697755399237633,negative,0.0004989025182391388
1295697755755687937,negative,7.303715170917331e-11
1295697757215305728,negative,0.0011464719621632874
1295697757240532993,negative,0.07849304030294173
1295697759161524224,negative,0.12601313751072224
1295697759757119489,negative,0.005304140751692364
1295697760470085633,negative,0.14134167714666668
1295697760981864448,negative,5.306193393812519e-07
1295697761522921474,negative,1.943454755788636e-05
1295697763112550407,negative,0.0001486500037839506
1295697763347431426,negative,0.12601313751072224
1295697763666202625,negative,0.019901934905204827
1295697763892699137,negative,0.12601313751072224
1295697764139982850,negative,8.418688190818232e-05
1295697764379234304,negative,0.01978172325238759
1295697765226483712,negative,0.026957560735943607
1295697765394255874,negative,0.0003331195388326742
1295697765394264064,negative,0.25588189146959467
1295697765402583041,negative,0.32677394568840673
1295697765486518274,negative,0.019901934905204827
1295697765968863232,negative,5.128601914328255e-06
1295697765977280518,negative,0.12601313751072224
1295697766098796544,negative,0.14764132238546426
1295697767113908224,negative,0.14134167714666668
1295697768376176640,negative,0.2528810760880637
1295697768514756609,negative,0.019901934905204827
1295697771425443844,negative,0.0004989025182391388
1295697775267655682,positive,0.940872614194551
1295697775758278667,neutral,0.5495922250151081
1295697776429465601,negative,0.012723223352748777
1295697776521682944,negative,0.1563419759935421
1295697776546852865,negative,0.12601313751072224
1295697778459410432,negative,0.12952637363007122
1295697779105443843,negative,0.0013910163686027348
1295697779998822400,negative,0.061588054418535924
1295697781303193600,negative,9.581601152526345e-06
1295697781638729729,negative,0.12601313751072224
1295697781819154432,negative,0.12601313751072224
1295697783421382657,negative,0.10048846400266408
1295697783555489795,negative,0.09386000229361774
1295697783714914304,negative,0.12601313751072224
1295697783958179841,negative,2.971758383926271e-07
1295697784272826368,negative,0.0001631320351968574
1295697784335671301,negative,0.1216922892359441
1295697785480720384,neutral,0.3619451476948216
1295697785526853634,negative,0.01797368614926135
1295697786801926149,negative,0.12601313751072224
1295697787552579584,neutral,0.5495922250151081
1295697788139954177,negative,9.58719611223719e-08
1295697789276631042,negative,0.08688485041801833
1295697791256322048,neutral,0.5496678701602578
1295697791386365952,negative,0.02132099595582579
1295697791944134656,negative,0.12601313751072224
1295697792028086272,negative,0.03935964968143302
1295697792757792768,negative,0.006343996794895409
1295697792858546176,negative,0.22299958927284436
1295697793097572354,negative,0.12601313751072224
1295697793797980162,negative,0.0896578818382321
1295697794867527681,neutral,0.6563131832915976
1295697795953971208,negative,1.939399004525926e-07
1295697796205621248,negative,0.012512228272294352
1295697796750880769,negative,0.12601313751072224
1295697797010923520,negative,0.20976441277881258
1295697797455413249,negative,0.29706937192678656
1295697797522620417,negative,0.07039115002182492
1295697798982230016,negative,0.12601313751072224
1295697799254663168,negative,0.08007641557858117
1295697800253059072,negative,0.014885609375611683
1295697802010517506,negative,0.12601313751072224
1295697802044084224,negative,0.0022023690508181813
1295697802425769984,negative,0.17554537817858312
1295697802509668353,negative,0.0021831887478922
1295697802752860161,negative,0.12601313751072224
1295697803667222528,negative,0.0445056521191953
1295697804254478336,negative,0.044051357276136495
1295697804757696512,negative,0.15089508384838482
1295697806754304002,negative,1.3290059832167561e-05
1295697808448684032,neutral,0.33814765817941306
1295697809245691906,negative,0.024405456238622735
1295697810067685376,negative,0.02090793093393309
1295697812844314624,negative,0.12601313751072224
1295697812915707904,negative,5.398891048761519e-05
1295697813293023232,negative,0.012169857429332064
1295697813616111616,negative,8.418688190818232e-05
1295697813687488512,negative,0.0021831887478922
1295697814291451905,negative,0.08007641557858117
1295697817177133058,negative,0.12601313751072224
1295697818292760576,negative,0.04147779582385276
1295697819026718722,negative,1.8379868634188932e-05
1295697819077152773,negative,0.01743920343442362
1295697819517554689,negative,0.00011920047949049027
1295697820343848961,negative,0.0021306296087410873
1295697821123981312,negative,0.12601313751072224
1295697821472043008,positive,0.9696083469795036
1295697823233703937,negative,0.008870113261587983
1295697823258812423,negative,0.00011920047949049027
1295697823380504578,negative,0.12601313751072224
1295697823594405889,negative,0.12601313751072224
1295697824617762817,negative,0.12601313751072224
1295697825813192707,negative,0.18236567478198215
1295697932684070912,negative,0.00014006416140262937
1295697933061554177,negative,3.956639942647457e-08
1295697933355167746,neutral,0.4017450505060807
1295697936224006145,negative,0.24277717068937912
1295697936509284352,positive,0.8011996593237286
1295697937062821890,negative,0.001005457773570323
1295697939457769472,negative,2.463243048816009e-07
1295697940942671872,negative,0.12601313751072224
1295697940976037890,negative,0.00472480491235084
1295697941689184257,neutral,0.47899764479002754
1295697941831864321,negative,0.12601313751072224
1295697941835984898,positive,0.7571941426827925
1295697942456737792,negative,0.12601313751072224
1295697942809124864,negative,0.008908347582091131
1295697944075800577,neutral,0.5916122031609724
1295697944239366144,negative,0.12601313751072224
1295697946055409664,negative,0.1943412486998122
1295697946655195136,negative,0.007181478780361355
1295697949595500547,negative,0.01978172325238759
1295697949964599296,neutral,0.5916122031609724
1295697950014939136,negative,0.019901934905204827
1295697951868825601,negative,0.0020520403395569136
1295697952082743296,negative,5.056580820062308e-05
1295697952892170240,negative,0.031674164634831595
1295697953395548165,negative,1.612823707071355e-06
1295697955136180224,neutral,0.49789225920557484
1295697955262005249,negative,0.1516090625394908
1295697955308134401,negative,0.00031613790165505446
1295697955958136837,negative,0.020590347119531838
1295697956629291009,negative,5.929974285857408e-06
1295697956696399873,negative,0.002271267351209035
1295697957635817472,negative,0.012169857429332064
1295697958802018305,negative,0.005729201896259872
1295697962144858112,negative,0.007181478780361355
1295697962954301440,negative,0.1477887840357861
1295697963436642312,negative,0.02290661525497122
1295697965365985282,negative,0.07297986551897258
1295697965655433217,negative,0.004555382788164535
1295697965814886407,negative,0.0006169360487703913
1295697966699880454,negative,0.019901934905204827
1295697970558578692,negative,0.13764629421609226
1295697971007414274,negative,0.0009677493191237991
1295697972269854721,negative,0.12601313751072224
1295697973272293377,negative,0.0021433954446389053
1295697973519712257,negative,0.0625932855156542
1295697974111211521,negative,0.317955616456911
1295697976132866049,negative,0.16200239930156746
1295697976699039745,positive,0.9886442611031434
1295697980410994693,negative,0.006105280219504559
1295697980524290048,negative,0.16297892143105186
1295697980822093829,negative,5.2606394192041e-09
1295697984139796481,neutral,0.3499352441185855
1295697985494568960,negative,0.29048111062954657
1295697986295664641,negative,0.007719604713573667
1295697987079819266,negative,0.08007641557858117
1295697987390320640,negative,0.12601313751072224
1295697988677926912,negative,0.002799869741458346
1295697989114224640,neutral,0.40204088599497084
1295697989256847361,negative,0.015251520132869876
1295697989755908098,positive,0.9999997267236953
1295697990326386688,neutral,0.42229895931535033
1295697990330523651,negative,5.459267065660708e-10
1295697990930378752,negative,0.12601313751072224
1295697991785943040,negative,6.604345677368834e-08
1295697997288943617,negative,5.929974285857408e-06
1295697997691523077,negative,0.019901934905204827
1295697998115213315,negative,5.929974285857408e-06
1295697998685626369,negative,0.12217846650656197
1295697998853414913,negative,0.12601313751072224
1295698000887664641,negative,0.12601313751072224
1295698001055436802,negative,0.12601313751072224
1295698003618140162,negative,8.418688190818232e-05
1295698004448550913,negative,0.004840505797636154
1295698007577501696,negative,0.01752440899026267
1295698007686553600,negative,0.00031364293548161875
1295698008374484997,negative,9.403755701127903e-05
1295698012723912704,negative,0.004458091108420211
1295698013516595208,neutral,0.6243468625846614
1295698014527533061,negative,0.14134167714666668
1295698015861309440,negative,0.032312418644103655
1295698015890690048,negative,0.0704871252456392
1295698016003936256,negative,0.06720811111586357
1295698017866186752,positive,0.7571941426827925
1295698018214326273,negative,8.418688190818232e-05
1295698019103518720,negative,0.0032533681489490627
1295698019418099712,negative,0.014288267233821542
1295698132341325825,negative,0.10600349061693258
1295698132664188934,negative,0.0018294384325875028
1295698132756500482,negative,0.03441429977208055
1295698133087932416,negative,0.021533469754306103
1295698133457018880,negative,0.12601313751072224
1295698133792497666,negative,0.20713127488326674
1295698134182633478,negative,1.4044308653498522e-08
1295698134769766400,negative,0.12601313751072224
1295698135185010689,negative,0.324982850722754
1295698135319220224,negative,0.07297986551897258
1295698136917323781,negative,0.01978172325238759
1295698138045571073,negative,0.12601313751072224
1295698138838323200,negative,0.0004989025182391388
1295698139438108674,negative,0.12601313751072224
1295698140922871810,negative,0.12601313751072224
1295698143674343426,neutral,0.5224608282804026
1295698145545015298,negative,0.044051357276136495
1295698146534854662,positive,0.7571941426827925
1295698146727792640,neutral,0.5916122031609724
1295698146853560320,negative,1.3067305944205895e-06
1295698146895581184,negative,0.0001568205364054759
1295698147545579524,negative,0.006220864120252371
1295698147696615427,negative,0.006156429586268012
1295698149156237317,negative,0.12601313751072224
1295698149441445889,negative,0.00020759995843744856
1295698149542187008,negative,0.061588054418535924
1295698150796283905,negative,0.12601313751072224
1295698152067080192,negative,0.09109963546870789
1295698152390037504,negative,0.019901934905204827
1295698152436183040,negative,0.03515790238060706
1295698152851292162,negative,0.010574562867681705
1295698153283489798,negative,0.14764132238546426
1295698153442816000,negative,0.0036881118728835506
1295698154235531266,negative,6.483723888248356e-06
1295698155187703809,negative,0.14134167714666668
1295698156106264576,negative,0.12601313751072224
1295698156919951361,negative,2.5160459231448285e-10
1295698159079915520,negative,0.11846809579926236
1295698160002662400,negative,5.38049743299611e-09
1295698160661266433,negative,0.12601313751072224
1295698160824836096,negative,0.12601313751072224
1295698163932766209,negative,0.14134167714666668
1295698164645793794,negative,0.012169857429332064
1295698165375602688,negative,1.87886132073625e-07
1295698166042497025,negative,0.10873084537464295
1295698166629543936,positive,0.9954541684866436
1295698166931689474,positive,0.9870253637780463
1295698167137214464,negative,0.20348124742185403
1295698169532211200,neutral,0.4443570732654494
1295698170081665024,negative,2.7576915926557836e-05
1295698170769440768,negative,0.004983847032203516
1295698171604217857,negative,1.2018317183353222e-07
1295698173533577216,positive,0.6712503014993583
1295698173927854080,neutral,0.5112467135321003
1295698174351417345,negative,0.002852940305315858
1295698178529021952,negative,0.12601313751072224
1295698179535638528,negative,0.022849051035131063
1295698179736981505,neutral,0.38348152311486716
1295698180529627136,negative,0.12601313751072224
1295698180579917824,neutral,0.4198108768186872
1295698183226630144,negative,0.0600101272615417
1295698183641800705,negative,0.00011920047949049027
1295698184606556165,negative,0.12601313751072224
1295698184690438144,negative,0.00034300731142604786
1295698184690446337,negative,5.900062542311814e-05
1295698185768271872,negative,0.317955616456911
1295698185910915072,negative,0.08007641557858117
1295698187643232256,negative,0.0024063297313619446
1295698188465254407,neutral,0.5495922250151081
1295698190650540033,negative,0.041097832655170315
1295698191330021377,neutral,0.3306646816629014
1295698191753654277,negative,0.0051963408968365874
1295698192206639105,neutral,0.3306646816629014
1295698192684679168,negative,0.03565945797252218
1295698192911273986,neutral,0.5916122031609724
1295698193305473025,negative,0.0005960794063345932
1295698193355812866,negative,0.14134167714666668
1295698193464856576,neutral,0.38192537322396547
1295698193573974017,negative,0.05991339020560473
1295698193968246785,negative,0.1594176236346073
1295698195088113665,negative,0.12601313751072224
1295698196384165889,negative,0.00025812684761867795
1295698199357935616,negative,0.0004989025182391388
1295698199798218752,negative,0.03461353507512942
1295698202604310529,negative,0.12601313751072224
1295698202646269954,negative,0.12601313751072224
1295698202927095815,neutral,0.40416210397058855
1295698202973409282,neutral,0.5923783866986081
1295698205955559424,negative,0.12601313751072224
1295698207360593921,negative,0.23595859964192697
1295698207448604672,negative,0.09563584457623177
1295698207511437312,negative,0.0005405108877380056
1295698207524044801,positive,0.9285111284560164
1295698207599730691,positive,0.9999995592370942
1295698207662628864,negative,0.001608526521872855
1295698207670927360,negative,3.25722101444236e-05
1295698208065302532,negative,0.14134167714666668
1295698208778268673,negative,0.001005457773570323
1295698210112131077,positive,0.7438359299140953
1295698211458486273,negative,0.11105803682865459
1295698212704182273,negative,0.0071604562497196425
1295698213660430336,negative,0.010391457920196811
1295698213769342982,negative,0.1653803360826168
1295698214109220866,negative,0.1072391105527925
1295698214532853762,negative,5.283097901179688e-13
1295698215644344322,negative,0.03669135265188776
1295698215711526913,negative,0.05312483206751903
1295698216466382848,negative,0.12601313751072224
1295698324964745217,negative,0.020637406141954757
1295698325258285057,positive,0.7571941426827925
1295698325803589632,negative,0.001296317802085515
1295698326088818691,negative,0.10009065629389999
1295698326927618048,neutral,0.5344029679637843
1295698328643133440,negative,6.11535551092027e-05
1295698328865431554,negative,5.929974285857408e-06
1295698329217662977,negative,0.0013631845109084778
1295698333076422656,negative,0.11209447889026972
1295698333550424066,negative,6.515719051344227e-07
1295698333642772486,negative,1.6395967586671367e-05
1295698334213177346,negative,0.015306561096638879
1295698335890837504,negative,0.02090793093393309
1295698336985554946,negative,0.00013588788282992902
1295698337207910400,negative,0.12601313751072224
1295698337547657216,negative,0.003120314493133608
1295698337983856640,negative,0.022567083101703123
1295698338776481793,negative,0.0001433428214382194
1295698338877145090,positive,0.8406593882344331
1295698339355332608,negative,0.004897277995918001
1295698340672307200,negative,0.18956609125123222
1295698341683253250,negative,2.5239380576035015e-05
1295698341980930049,negative,0.001150404241661264
1295698342027173891,negative,0.03740171877336255
1295698342127820800,negative,8.31503142739036e-06
1295698342266261504,negative,0.0019945819040889843
1295698342890967041,negative,0.08007641557858117
1295698343117688837,negative,0.12601313751072224
1295698343616708609,negative,0.12601313751072224
1295698344610799616,negative,0.03669135265188776
1295698344715616256,neutral,0.3641388277251819
1295698345202257925,neutral,0.36095958222040864
1295698346372464640,negative,0.14134167714666668
1295698350340214785,neutral,0.5652309771345115
1295698350537412614,negative,0.012723223352748777
1295698352693293057,negative,0.02132099595582579
1295698353083363329,negative,0.030345079836963076
1295698353397866497,negative,0.22035441222533647
1295698353423032320,negative,0.0003618336891683814
1295698353448259585,negative,8.418688190818232e-05
1295698353871880193,negative,0.14764132238546426
1295698354383585286,negative,0.12601313751072224
1295698354773602304,negative,0.12601313751072224
1295698356107444227,negative,0.10089289487434884
1295698356266774529,neutral,0.5495922250151081
1295698356455575552,negative,0.2297984884374534
1295698357512527873,negative,0.049930146874783886
1295698357759877121,negative,0.04274870898572828
1295698357952876547,negative,0.08304571596285948
1295698359437664257,negative,0.018208962661737937
1295698359504830465,negative,0.08304571596285948
1295698359748112385,negative,0.0061279383098868144
1295698360750415872,negative,0.0116083465335121
1295698361660645378,negative,0.024405456238622735
1295698361778155520,negative,0.12601313751072224
1295698363418058754,negative,2.510317680729904e-07
1295698364818915328,negative,0.12601313751072224
1295698365246668800,negative,4.111476635114821e-06
1295698365301366787,negative,0.02017395221537928
1295698365536243713,negative,0.0028868455272593
1295698366001815553,negative,0.019872441617291004
1295698366157008897,neutral,0.6262689582017973
1295698366446350336,negative,0.16963112237275857
1295698367180398592,negative,0.18289002663357812
1295698367830532096,negative,0.041097832655170315
1295698368258334721,negative,0.019901934905204827
1295698368468049921,negative,1.3559980320389974e-05
1295698368937828353,negative,0.014590643076609696
1295698370904891392,negative,0.0032533681489490627
1295698371328581633,positive,0.978342543989653
1295698371777384454,negative,0.02132099595582579
1295698372091944960,negative,0.003559366011453658
1295698372393934848,negative,0.08436660227532666
1295698372431675392,positive,0.7571941426827925
1295698373723459590,negative,0.12601313751072224
1295698374415482880,negative,0.011520237598419386
1295698374503661568,negative,0.024405456238622735
1295698375539556363,neutral,0.6385492691315577
1295698376923795463,negative,0.002126188349937647
1295698377393483779,negative,0.10009065629389999
1295698378744123392,negative,0.004983847032203516
1295698378987376640,negative,0.08007641557858117
1295698379889139715,negative,0.030525018069413514
1295698380014796800,negative,0.05387137583365565
1295698381273206784,negative,0.12601313751072224
1295698381541605376,negative,6.160833963850696e-07
1295698382204411904,negative,0.00010911544020144794
1295698384385445890,negative,0.09759411246799611
1295698385492684802,negative,0.0600101272615417
1295698386277064705,negative,0.09029475634524627
1295698386583248897,negative,0.00022171257792365923
1295698387136905217,negative,0.0072938360075774575
1295698387577249792,negative,0.10009065629389999
1295698387854073857,neutral,0.46127768308170247
1295698389980590081,negative,0.22463230117098826
1295698390215544838,negative,0.12601313751072224
1295698390228049920,negative,0.08007641557858117
1295698390982983680,negative,0.12601313751072224
1295698391226253312,negative,0.00018269905520465246
1295698391498883074,negative,0.007181478780361355
1295698392266543113,negative,0.014288267233821542
1295698392538951681,negative,0.29048111062954657
1295698393168306182,negative,2.6417765948960007e-05
1295698394636328960,negative,5.716170605354414e-06
1295698395529719808,negative,0.2718558954275445
1295698396079169537,negative,0.14556014847719168
1295698397689782279,negative,0.001150404241661264
1295698399237492736,negative,0.019901934905204827
1295698399778439170,negative,0.0002817512338226785
1295698401393246208,positive,0.7571941426827925
1295698402030886912,negative,0.0009228754638924813
1295698402332889089,negative,0.05384885330526493
1295698402420961280,negative,0.019901934905204827
1295698403490439168,negative,0.03465039816922216
1295698403750563841,negative,0.02587579032666602
1295698508008157184,negative,0.009950404157928408
1295698509161803778,negative,0.00016809273937109734
1295698510667489280,negative,3.2110075889511766e-07
1295698510722076676,negative,0.12601313751072224
1295698511233716224,negative,0.024405456238622735
1295698511405686790,negative,0.00011920047949049027
1295698511657402368,negative,1.465691123095298e-05
1295698514945679362,negative,2.4526369887999727e-13
1295698515889463297,negative,0.0004989025182391388
1295698517789417473,neutral,0.3436711034958995
1295698519085461507,negative,0.044051357276136495
1295698519165153280,neutral,0.37563378478929227
1295698523258785792,negative,0.12601313751072224
1295698524915609603,negative,0.0008901009508538094
1295698524944949252,negative,0.04295499722900272
1295698525968375814,negative,0.007311232118367071
1295698526064836614,negative,0.12601313751072224
1295698526383505408,neutral,0.39103410088929036
1295698527335710722,negative,0.23721339283699297
1295698527495086080,negative,0.14134167714666668
1295698529256603649,negative,0.019901934905204827
1295698529684525058,negative,0.32839500243229097
1295698529776672768,negative,0.0003720178371395454
1295698530317860874,negative,0.012169857429332064
1295698531072827394,negative,0.0007488890520177013
1295698531282554881,negative,1.4105811180703608e-07
1295698532394049541,positive,0.7571941426827925
1295698532704440322,negative,0.024152130020127942
1295698534067470338,negative,0.00033101244748151717
1295698534671548417,negative,0.0075880339679802985
1295698534872817664,negative,0.03769540738213657
1295698535179063297,negative,0.14134167714666668
1295698535699173377,neutral,0.36154044492678
1295698538647523328,negative,0.0032361203791104872
1295698539100737536,negative,0.0021433954446389053
1295698540367314945,negative,0.2750689603471482
1295698540434542593,negative,0.12601313751072224
1295698540979724289,negative,0.0006034492095579572
1295698541470535680,positive,0.7571941426827925
1295698542078689282,negative,0.12601313751072224
1295698542439403520,negative,0.03201798447138112
1295698543286657026,negative,7.605312049024004e-05
1295698546025529344,negative,0.1281817226037914
1295698548881850368,neutral,0.4452455691975469
1295698549116506113,neutral,0.3499352441185855
1295698550769082369,neutral,0.3499352441185855
1295698550815424513,negative,0.004346223592228677
1295698551746461698,negative,0.1325932743621132
1295698552333545474,neutral,0.3499352441185855
1295698553692663809,negative,0.22584710300131824
1295698557396279297,negative,0.00035415519744435176
1295698557643759621,neutral,0.5923783866986081
1295698557815660544,negative,0.12601313751072224
1295698557920514050,negative,0.30419449810868154
1295698558042230784,negative,0.022567083101703123
1295698559959011329,negative,0.044051357276136495
1295698560835608577,negative,0.12601313751072224
1295698561783541769,negative,0.12601313751072224
1295698562408419329,neutral,0.37111150485659405
1295698563016593408,negative,0.14134167714666668
1295698564081954817,negative,0.022254755761162884
1295698564258070533,negative,0.21388805851129672
1295698564459499520,negative,0.019901934905204827
1295698565646430209,positive,0.9886442611031434
1295698567944970241,negative,0.16393945443889968
1295698568678866944,negative,0.003981538832475727
1295698571493285889,negative,0.013428396646316287
1295698572197888006,negative,0.18158034506993168
1295698574764732416,negative,0.008026571141071444
1295698575138185216,negative,0.0004989025182391388
1295698575591170048,negative,0.0007745359129958626
1295698576476196865,negative,0.044051357276136495
1295698576711069697,negative,0.001296317802085515
1295698577034018817,negative,0.007529491048259134
1295698579726663680,negative,0.03201798447138112
1295698579890216966,negative,0.09503766831502904
1295698580423024644,negative,0.12976852911513756
1295698580846661636,negative,0.317955616456911
1295698581693837314,neutral,0.6228212054530493
1295698583660896257,neutral,0.5495922250151081
1295698585099612161,negative,0.0016153578679092503
1295698586085339139,negative,0.02581722257247792
1295698592695570432,negative,0.14764132238546426
1295698697968390147,negative,0.07711743441053578
1295698699205697539,negative,0.0625932855156542
1295698699335741442,negative,0.07830760307664024
1295698699625144321,negative,0.02132099595582579
1295698703156682754,neutral,0.4285758614317694
1295698704360513540,negative,0.0037007295488750373
1295698705287458817,negative,9.605902038311388e-05
1295698707581526016,negative,0.0003377801045376702
1295698708009541633,negative,0.12601313751072224
1295698708705812480,negative,0.12601313751072224
1295698714208739328,negative,1.7963740293591737e-07
1295698714456141825,positive,0.7571941426827925
1295698715076853760,negative,0.2071251955952833
1295698715261501440,negative,0.11094670593851023
1295698716150685696,negative,0.12601313751072224
1295698716922454016,positive,0.940872614194551
1295698717996195842,negative,1.746386721828851e-16
1295698718298198017,positive,0.6849037095656962
1295698718952493061,negative,0.19426515223239724
1295698719145369602,negative,0.12601313751072224
1295698719506079751,negative,0.03780289216362236
1295698724065247232,negative,0.12601313751072224
1295698724321198084,negative,0.23649811240819985
1295698725076111360,negative,0.08767684252579175
1295698726401511431,negative,0.03263686538421895
1295698727185809408,negative,0.1230156532128729
1295698727265546243,negative,0.29706937192678656
1295698727454285824,negative,8.611134808275699e-06
1295698727567589385,negative,0.12601313751072224
1295698728058327041,negative,0.2973157069492889
1295698728087695362,negative,0.12601313751072224
1295698729291448320,negative,0.0019510127587966286
1295698731115909120,neutral,0.610822086884666
1295698731304734720,negative,0.32677394568840673
1295698731568893957,positive,0.9108092757545855
1295698731631874048,negative,0.09615957085032137
1295698732369899524,negative,0.11949773806950724
1295698732621717517,negative,0.011151595823809033
1295698733141721088,neutral,0.5652309771345115
1295698733275873280,negative,0.317955616456911
1295698733376720896,negative,0.12601313751072224
1295698734702108674,negative,0.06505155185073332
1295698734953771009,negative,0.0600101272615417
1295698735771594757,negative,0.0015645295878872025
1295698738854400005,negative,0.12601313751072224
1295698741630918656,negative,0.32828155536255615
1295698741714919424,negative,3.58984286832436e-05
1295698742524497921,negative,2.602740651789585e-05
1295698743677919234,negative,0.001386300556276458
1295698743774400513,negative,0.00022835165576481757
1295698745015885826,neutral,0.5916122031609724
1295698745930256384,negative,0.0026397231408661066
1295698748211900419,neutral,0.3641388277251819
1295698748694319110,negative,0.09216963048192273
1295698750766305280,negative,0.007484245715691988
1295698751034621953,negative,0.036510676580722795
1295698751428993024,negative,0.0012836499908616887
1295698751546363904,negative,3.946227628239683e-05
1295698751617732608,negative,0.12601313751072224
1295698752724971520,negative,0.12601313751072224
1295698753261907969,negative,6.0011565727367064e-05
1295698757246423048,negative,3.3166569000880636e-09
1295698757296820231,negative,0.0021433954446389053
1295698757682634757,negative,0.025753043901561915
1295698758139813890,negative,0.0024260144664986286
1295698758328606722,negative,0.0007268150388793318
1295698758601187329,negative,0.029797870913313762
1295698759654006786,negative,0.20126856686202316
1295698760408928257,negative,0.12601313751072224
1295698760698400779,negative,0.12601313751072224
1295698762325688321,negative,0.12601313751072224
1295698762573271040,negative,0.12601313751072224
1295698762715865089,negative,1.9200630905169612e-05
1295698765307883522,negative,0.21921412548362115
1295698765488300033,positive,0.7755791676422158
1295698765991616513,negative,0.0007269658733332372
1295698766478094336,negative,8.323835224377056e-05
1295698766524223488,negative,0.04568025497575806
1295698766855647232,negative,0.011151595823809033
1295698767182782464,positive,0.7571941426827925
1295698769477066753,negative,8.418688190818232e-05
1295698769955061761,negative,3.25722101444236e-05
1295698769963606020,negative,6.3147248754766175e-09
1295698770404020224,negative,2.0615796769178247e-07
1295698770789900290,negative,0.12601313751072224
1295698770982834177,negative,0.12601313751072224
1295698771251212290,negative,0.0005961562991797661
1295698771456798723,negative,3.8609335246668627e-07
1295698772887035907,negative,0.0004989025182391388
1295698776615784448,negative,0.06505155185073332
1295698776619917312,negative,0.0006823915642352229
1295698776808730624,negative,0.00023080804174529647
1295698776921976833,negative,0.09242629827229783
1295698777005854720,neutral,0.5169955073393762
1295698777148465157,negative,2.4732681183051236e-08
1295698777571901440,neutral,0.5505550505941735
1295698778624856064,negative,0.18146911214380979
1295698779149139968,negative,0.016738279687674457
1295698779614699523,negative,0.044051357276136495
1295698779857920000,negative,0.0010514597644793225
1295698780453572609,negative,2.7033851862317228e-05
1295698780482928640,negative,0.12601313751072224
1295698882031161344,negative,0.003120314493133608
1295698882849050625,negative,9.444871411513912e-05
1295698882911973376,negative,0.18543967160483857
1295698886623887360,neutral,0.4262718820426793
1295698887907278848,negative,9.270822452060821e-07
1295698888381345792,negative,0.03465039816922216
1295698889341796352,negative,0.2421388024884851
1295698890512113668,negative,4.9167881214060485e-08
1295698891363385347,negative,0.11123494177029876
1295698891543846914,negative,0.06903912724250526
1295698893347397632,negative,0.12601313751072224
1295698895255863298,negative,0.017178444783900387
1295698895490682881,negative,2.10017601268106e-09
1295698896040099843,negative,0.0024260144664986286
1295698897252352003,negative,0.0007194529700151221
1295698897927577600,negative,1.4105811180703608e-07
1295698898586083329,negative,0.20348124742185403
1295698898632298496,neutral,0.567271095674514
1295698899022360583,negative,0.00015346569853918462
1295698899815071745,negative,0.023660745065382467
1295698901039751169,negative,0.02581722257247792
1295698902298038272,negative,0.12601313751072224
1295698903006941185,negative,0.019901934905204827
1295698903086530560,negative,0.0625932855156542
1295698903128580097,negative,0.12601313751072224
1295698904705630216,negative,0.00011166296364642629
1295698905557065728,negative,8.418688190818232e-05
1295698907381542913,negative,0.001150404241661264
1295698908040110081,negative,2.2172816868276307e-07
1295698908157489154,negative,0.008784319854643521
1295698908476313600,negative,5.6955588109608626e-05
1295698908694405120,negative,0.061670473691599066
1295698910724403200,negative,4.7178641305733515e-05
1295698910741135361,negative,0.023863414845496544
1295698910967717888,neutral,0.5505550505941735
1295698912326672384,negative,0.0013401084157850475
1295698912792252417,negative,0.12601313751072224
1295698913589104640,negative,0.0006735249308139929
1295698914096578560,negative,0.317955616456911
1295698914415382528,negative,8.025069224825248e-12
1295698914738233345,negative,1.6790720993342289e-06
1295698915325554688,negative,0.3140380540806584
1295698915350712320,negative,0.0002047870926257499
1295698917963833347,negative,0.0761968391258363
1295698918869807104,negative,0.05628647259190344
1295698919293366272,negative,0.08144324197080789
1295698920170037248,negative,0.00029830118134460226
1295698920543268864,negative,0.045088270729219636
1295698921055047680,positive,0.7571941426827925
1295698921797419008,negative,0.0002485881862493363
1295698922070061058,negative,0.10600349061693258
1295698923609362433,negative,0.12601313751072224
1295698925261934592,negative,0.019901934905204827
1295698925337350144,positive,0.680695779867693
1295698925559611394,negative,0.22051075309162918
1295698926541168640,negative,0.16882063874354505
1295698926973132800,negative,0.009950404157928408
1295698927250006016,negative,0.07078888046915434
1295698928168505346,positive,0.8446963384289382
1295698929049309184,neutral,0.3306646816629014
1295698930659926016,negative,0.009291749139039832
1295698934707322880,negative,0.008375238490053194
1295698934732476419,negative,0.0600101272615417
1295698935562960896,negative,0.08007641557858117
1295698937689464838,negative,0.2494983057788979
1295698938918580229,positive,0.7571941426827925
1295698947374276610,neutral,0.5495922250151081
1295698947982471168,negative,0.12601313751072224
1295698949039423488,positive,0.9999112186971196
1295698949987336192,negative,0.05625323736097055
1295698950184476672,negative,0.06861240881076745
1295698950603890688,negative,0.012512228272294352
1295698951350431745,negative,0.12601313751072224
1295698951761465345,negative,7.752480450362732e-06
1295698952352825353,negative,2.2194989953642546e-09
1295698952466173953,negative,0.024405456238622735
1295698953980334080,negative,0.022223357112360245
1295698954181586946,negative,0.0011622295804060772
1295698955309850625,negative,2.7576915926557836e-05
1295698957209874438,negative,0.0003134390869005688
1295698957289566208,negative,0.002239020838838372
1295698957960720384,positive,0.9988662668583811
1295698958027816960,negative,0.14134167714666668
1295698958346575874,neutral,0.5916122031609724
1295698958380081152,negative,0.019901934905204827
1295698958510170114,negative,0.021963674448664774
1295698959206215681,negative,5.057162102201359e-05
1295698959902674951,negative,0.06826200633988487
1295698960665976832,negative,0.11914007682297054
1295698961118957570,negative,0.12601313751072224
1295698961576099840,negative,0.12601313751072224
1295698961693577217,negative,0.14871998511023676
1295698962423230467,negative,0.016634265972934357
1295698962536701952,positive,0.9159642145579544
1295698963904040961,negative,0.12601313751072224
1295698964306681858,negative,0.14134167714666668
1295698964356964353,negative,0.0037007295488750373
1295698965120405506,negative,0.29706937192678656
1295698967192379393,negative,0.008153131530451491
1295698969138532353,negative,0.012814756564749712
1295698969528598528,negative,0.02017395221537928
1295702128804200454,negative,0.05707674010667644
1295702129907322880,negative,0.0005015239778307462
1295702129928216576,negative,0.02140547128081953
1295702130020495361,negative,0.024405456238622735
1295702132642000897,neutral,0.3481586194852676
1295702135116640262,negative,0.0004508940362854638
1295702135619948547,negative,2.601458306158271e-08
1295702137184423936,negative,0.03263686538421895
1295702138505633792,negative,0.08952972319227132
1295702139168325633,negative,0.042783951592854474
1295702139998736390,neutral,0.5495922250151081
1295702140032344064,negative,0.010045989582624657
1295702140279828480,negative,0.12601313751072224
1295702140288208899,neutral,0.364942314526389
1295702140531417100,negative,0.10122610391708342
1295702140564848640,negative,0.16555727204251808
1295702140631969792,negative,1.7850851725950595e-05
1295702141206704128,negative,0.12021709371254997
1295702141261185024,negative,0.08376611679530784
1295702143152852992,positive,0.7329932614079513
1295702143731736579,negative,0.12601313751072224
1295702143895298049,negative,0.007858118452541136
1295702145816244224,negative,0.019901934905204827
1295702146562904064,negative,1.6395967586671367e-05
1295702147007471619,negative,0.12601313751072224
1295702147112280066,negative,4.942974956202568e-09
1295702147401687040,negative,0.0625932855156542
1295702148144037888,negative,0.0032533681489490627
1295702148194459651,negative,0.006000598849149635
1295702148441935873,negative,0.12601313751072224
1295702150123859968,negative,0.0006173611014873878
1295702150765522946,neutral,0.33852183506982597
1295702150996267008,negative,0.0009774304325153996
1295702151348576266,negative,0.014565856579543644
1295702151751229441,negative,0.0430101816775751
1295702152095174657,neutral,0.4639788921778441
1295702152233582592,negative,9.691356262339856e-06
1295702152787234816,negative,0.024405456238622735
1295702153668038660,negative,0.012997222388158333
1295702153785417728,neutral,0.3738428344194084
1295702154053914624,negative,0.010714463438518366
1295702154423029763,negative,0.12601313751072224
1295702154615885831,negative,0.0020380836700563958
1295702156767625222,negative,0.23793590964624936
1295702158134972416,negative,3.027417591668198e-05
1295702159028293632,negative,0.013086396650285177
1295702160404099073,negative,1.936705871610268e-07
1295702160907350021,neutral,0.37722201417133755
1295702161595215873,negative,0.12601313751072224
1295702162459287556,negative,0.004369805332616292
1295702163457441792,negative,0.05738731705847255
1295702164921352198,negative,3.535465734284114e-05
1295702169560195072,negative,0.26090090315184916
1295702171284131840,negative,0.10873084537464295
1295702171833569280,negative,0.03565945797252218
1295702174257815552,neutral,0.5496678701602578
1295702174920564736,negative,8.497463440223823e-08
1295702177374072838,negative,0.05288017358555225
1295702177403592706,neutral,0.4332388422326355
1295702178124922881,negative,0.19744132892808616
1295702179714662400,negative,0.000917586085643354
1295702180171640833,negative,3.036642904582357e-05
1295702180725432321,neutral,0.4518088384051052
1295702180800987136,negative,1.6342513313056432e-05
1295702181576871937,negative,0.2071251955952833
1295702183699193856,negative,0.012169857429332064
1295702185058217984,negative,0.09504807501482096
1295702185330847745,negative,0.00025142317583438977
1295702185452412933,negative,0.05600181612368899
1295702185716649984,negative,0.04807388552250905
1295702185720926208,negative,0.12601313751072224
1295702185724923904,negative,0.024259826599283975
1295702186031292418,negative,0.12601313751072224
1295702186085752832,negative,0.05994482367752988
1295702186681401347,negative,0.12601313751072224
1295702188510060556,negative,0.0037007295488750373
1295702189684514817,negative,0.12601313751072224
1295702189760024581,negative,0.0021433954446389053
1295702189801975814,negative,3.274511030368892e-11
1295702189818744833,negative,4.7725863640674466e-05
1295702189982265344,negative,0.012507163669682731
1295702189990649858,negative,0.05738731705847255
1295702190569422848,negative,0.0023877801655214385
1295702191756513282,negative,0.12601313751072224
1295702191794266117,negative,0.010714463438518366
1295702192515682304,negative,3.1748225854187034e-09
1295702192574300162,negative,0.2071251955952833
1295702193027403778,negative,0.05369815354196304
1295702193618722817,negative,3.237102985316109e-05
1295702195057438720,positive,0.7571941426827925
1295702195246071809,negative,0.1807246164455315
1295702195602706437,negative,0.05738731705847255
1295702196701585409,negative,0.12772118412427672
1295702199293685760,negative,0.14134167714666668
1295702200153505793,negative,0.0012323228312725249
1295702200224583680,neutral,0.34503062106406457
1295702200694562820,negative,0.18186500884568482
1295702201663455233,negative,0.12601313751072224
1295702201772343297,neutral,0.5495922250151081
1295702202208657409,negative,0.12601313751072224
1295702202275770369,negative,0.0006034492095579572
1295702202980478977,negative,0.07297986551897258
1295702204318392322,negative,1.0070697954173274e-09
1295702204884672512,negative,0.0013817735296486
1295702205048266752,negative,0.02504562805325111
1295702205232746497,negative,0.04350140218881862
1295702205392183297,positive,0.7571941426827925
1295702205928964096,negative,0.12601313751072224
1295702325907120130,negative,0.04267905631565087
1295702326372696064,positive,0.9477995601449292
1295702327249305601,negative,0.024456768490216687
1295702329195474949,positive,0.8330728776969186
1295702333133709312,negative,8.418688190818232e-05
1295702333209419777,neutral,0.3306646816629014
1295702333284917249,negative,0.0024260144664986286
1295702333431713793,negative,0.12601313751072224
1295702334782177280,negative,0.12889566757124366
1295702336908734465,negative,0.12440888797491367
1295702336917188608,neutral,0.604269946631245
1295702337399533571,negative,0.0430101816775751
1295702340180287490,negative,0.14134167714666668
1295702340209709056,negative,0.0004694701186649952
1295702340842946569,negative,0.0017044512010052923
1295702340884934658,negative,0.02132099595582579
1295702341027536897,negative,0.019901934905204827
1295702341488914433,negative,0.05738731705847255
1295702341635780610,negative,0.12601313751072224
1295702342331965440,negative,0.012997222388158333
1295702343196053504,negative,0.02132099595582579
1295702344173326337,negative,0.011151595823809033
1295702344794083328,negative,0.010714463438518366
1295702345704235011,negative,0.10810669943836544
1295702346303971328,negative,3.3339786232517724e-05
1295702346622615553,neutral,0.4016025539780553
1295702348975820800,negative,0.09016400970450879
1295702349785313283,neutral,0.43492002157381665
1295702349869088768,positive,0.9943942651680593
1295702349953081345,neutral,0.3337407695465113
1295702350045368320,negative,0.2071251955952833
1295702351853035522,negative,0.002774941425761262
1295702352624746496,negative,0.05738731705847255
1295702352872316928,negative,0.10396600402265237
1295702354319343618,positive,0.9076237051764036
1295702355770564610,negative,0.06946810686369068
1295702356055724032,negative,0.024405456238622735
1295702356953313280,negative,0.12601313751072224
1295702357435719680,negative,0.06747121611459704
1295702358593286144,negative,0.012512228272294352
1295702358891139074,negative,0.044420412909280976
1295702359373426688,negative,0.044051357276136495
1295702359717355522,negative,0.05738731705847255
1295702359906177025,negative,0.0004989025182391388
1295702361290268672,positive,0.7509082171332925
1295702361474768896,negative,4.846171425099139e-06
1295702361751642112,negative,0.14782831052656822
1295702362057834500,negative,7.752480450362732e-06
1295702362942775296,negative,0.048649916006514235
1295702364675072000,negative,0.2071251955952833
1295702365044170759,negative,1.4302560714972859e-05
1295702365337726976,neutral,0.5587708741260965
1295702366063415298,negative,5.609732695932079e-09
1295702367648854017,negative,0.15759065391809218
1295702368668004352,negative,0.012997222388158333
1295702369167200257,negative,0.12434961156084774
1295702370681327620,negative,0.10396600402265237
1295702370958159873,negative,0.017635394378024864
1295702371805298689,negative,0.05738731705847255
1295702372380008448,negative,0.12601313751072224
1295702372921081856,negative,0.012734245284305239
1295702373260722177,negative,0.08007641557858117
1295702373948678144,negative,1.1642419382393052e-05
1295702374275842048,negative,0.29706937192678656
1295702374816808960,positive,0.6634808066654354
1295702374976233472,negative,0.05316727496851987
1295702375295057920,negative,0.0009014566076548975
1295702375529881601,negative,0.019901934905204827
1295702375982936066,negative,0.040547500824414405
1295702376012283904,neutral,0.4402825242848978
1295702376356225024,positive,0.7571941426827925
1295702377287356417,negative,0.03263686538421895
1295702377316704258,negative,4.3451205214129165e-05
1295702378495258625,negative,0.12601313751072224
1295702379208286208,negative,0.04479887769245442
1295702380453990400,negative,0.0004001298374743028
1295702382563618817,neutral,0.38257014792733507
1295702383314567174,negative,3.25722101444236e-05
1295702384283398145,negative,0.025109973535694066
1295702384354762754,negative,0.3298193430099002
1295702386854502400,negative,0.0572429152132726
1295702387198504960,negative,0.007443466746586476
1295702387735355392,negative,0.14134167714666668
1295702387764731905,negative,0.12021709371254997
1295702388309778432,negative,0.017025565050469302
1295702389677228032,negative,0.03982288590140881
1295702389773737985,negative,0.02132099595582579
1295702390184660992,negative,0.0019700113431528284
1295702394085486593,negative,6.11535551092027e-05
1295702394622312453,negative,0.27815186115300927
1295702395146702850,negative,0.03748203430391392
1295702395570159616,negative,0.0030701138703230625
1295702395935166464,negative,0.08784914350255155
1295702396509847552,negative,0.013005052736067049
1295702396803395584,neutral,0.3306646816629014
1295702397206110209,neutral,0.6525041312627787
1295702397449314304,negative,3.275852940006765e-08
1295702397474484225,negative,0.0010320008549113253
1295702397759762432,negative,0.12601313751072224
1295702398548291584,negative,0.004396461553796887
1295702399311654913,negative,0.0004025559629624737
1295702400242679808,negative,0.010714463438518366
1295702400838377473,negative,0.003120314493133608
1295702400846749696,negative,0.12601313751072224
1295702400930643968,negative,0.0017579435734905858
1295702401912012802,neutral,0.5344029679637843
1295702402046332929,negative,1.9646103334123537e-06
1295702402729947143,negative,0.2784693007358633
1295702403585585153,negative,0.017025565050469302
1295702404265054209,negative,0.05738731705847255
1295702405309505538,negative,0.012734245284305239
1295702406471340032,negative,0.1245851639844528
1295702522116616192,negative,0.29102375190092533
1295702522263482368,negative,0.007858118452541136
1295702522515075072,negative,0.024405456238622735
1295702523932745730,negative,0.21388805851129672
1295702524406767617,negative,0.04350140218881862
1295702524599705605,negative,0.05738731705847255
1295702525631438848,positive,0.7509082171332925
1295702527111880705,neutral,0.33793816063758536
1295702528961675267,negative,4.5500555500603966e-05
1295702529066635266,negative,0.0012323228312725249
1295702529532190721,negative,0.08022047292342224
1295702530371006464,negative,0.12601313751072224
1295702530597453824,negative,0.0007602627283767046
1295702531075706881,negative,0.001150404241661264
1295702531834880001,neutral,0.4285758614317694
1295702531872522241,negative,0.1899362993485081
1295702533143515137,negative,0.05738731705847255
1295702535504896006,negative,0.20324586410364273
1295702535941038080,negative,0.04962347067975731
1295702537128030208,neutral,0.3306646816629014
1295702538042433536,negative,0.02132099595582579
1295702538713542661,negative,1.4064936204432811e-05
1295702540156383239,negative,0.29269589891569664
1295702540219228160,negative,0.2071251955952833
1295702541070729219,neutral,0.3306646816629014
1295702541095841793,negative,0.0600101272615417
1295702541280448512,negative,0.0012323228312725249
1295702541523615744,negative,1.2939473641740141e-06
1295702541615927296,negative,0.14134167714666668
1295702541859205125,negative,0.0032533681489490627
1295702542232559617,negative,0.12601313751072224
1295702542450659328,negative,2.0280127967804724e-06
1295702543125946368,negative,0.05738731705847255
1295702543302045696,negative,0.0251634238490687
1295702543956422657,negative,0.1730746230786644
1295702546108088321,negative,0.019901934905204827
1295702546565271552,neutral,0.3820490650105751
1295702548637261828,negative,0.06248133752398665
1295702549513875457,negative,0.0772602254184097
1295702550893780992,negative,0.2071251955952833
1295702551304773633,negative,0.05738731705847255
1295702551875248128,negative,0.0005421506491065403
1295702553200676864,positive,0.9368429545044105
1295702553292873731,negative,0.0200426140791803
1295702554148511746,negative,0.09609265314937881
1295702554194718721,negative,0.17819004358109325
1295702555432038400,negative,0.016451030928576325
1295702556593790978,negative,0.001060592724889721
1295702556769955841,negative,0.11914007682297054
1295702557894021125,negative,0.23649811240819985
1295702558514831360,negative,0.001150404241661264
1295702558569267200,negative,0.10396600402265237
1295702558854598656,negative,0.00433312607362336
1295702560062541826,negative,0.16555727204251808
1295702560507035655,negative,0.002363599228280191
1295702561576689672,negative,0.019901934905204827
1295702562360954881,negative,0.0005707288715266583
1295702562805620743,negative,1.3290059832167561e-05
1295702564378468358,negative,0.016461640321718846
1295702564772732928,negative,0.12601313751072224
1295702566026838019,negative,0.09392304897154186
1295702566374907904,negative,0.31387462782038605
1295702567637454849,neutral,0.5344029679637843
1295702569612914690,negative,0.29354048216691747
1295702570988691464,positive,0.9886442611031434
1295702571219181569,negative,0.2576806556245388
1295702571651301378,negative,0.03235445774336166
1295702572335013890,positive,0.9784117380991509
1295702573115232257,negative,0.0625932855156542
1295702573551427587,negative,0.0005110872383988509
1295702573555560449,negative,0.0001920063674771688
1295702575803760643,negative,0.0015542105018013096
1295702577179504640,negative,0.14134167714666668
1295702577212985346,negative,0.019901934905204827
1295702577703727105,negative,0.12601313751072224
1295702578152517632,negative,0.17492817669194513
1295702578915946496,negative,0.00037716739116760674
1295702579318407168,negative,1.0825897597371955e-06
1295702579469484032,negative,0.12601313751072224
1295702580237139968,negative,1.3766354807667457e-07
1295702580354527233,negative,0.05738731705847255
1295702581000511488,negative,0.02620829743518474
1295702581738643459,negative,8.418688190818232e-05
1295702581948317697,negative,0.012997222388158333
1295702582111870981,negative,0.07224182677992767
1295702582569119744,negative,0.0032533681489490627
1295702582711721985,negative,3.0949644145440417e-09
1295702582959235072,negative,0.03263686538421895
1295702582992736256,negative,8.320274930410065e-05
1295702583307390978,negative,0.012169857429332064
1295702584649449472,positive,0.9085947996633359
1295702585421320193,negative,0.03752628984809673
1295702586478276612,negative,0.00022434716661336849
1295702587925241858,negative,0.12601313751072224
1295702588915056642,negative,0.12601313751072224
1295702590177640448,negative,0.010260790865362105
1295702590316052482,negative,0.3029968537174699
1295702591389794304,negative,0.14134167714666668
1295702592232751104,negative,0.024405456238622735
1295702592291561472,negative,0.044051357276136495
1295702592887107584,negative,0.05738731705847255
1295702593344278529,negative,3.082167866117328e-13
1295702593537282049,negative,1.3619967931053452e-05
1295702593738506241,negative,0.0004701953703126522
1295702596443873283,negative,0.14134167714666668
1295702596582346753,negative,0.0033449944690696135
1295702708100501504,negative,0.12601313751072224
1295702708675125248,negative,0.12601313751072224
1295702709845348352,negative,0.003308013841823941
1295702711690829824,negative,0.0012011483282655636
1295702712571527168,positive,0.9368429545044105
1295702712710029314,negative,0.0001349147694805751
1295702714509332482,neutral,0.3306646816629014
1295702716166135808,negative,0.2071251955952833
1295702717906780160,negative,0.04350140218881862
1295702718552649729,negative,9.686667626537008e-06
1295702718787584000,negative,0.12601313751072224
1295702719244763137,negative,8.418688190818232e-05
1295702720221974529,negative,0.05738731705847255
1295702720700198912,positive,0.7571941426827925
1295702720721162240,negative,0.009180238586950978
1295702720859590657,positive,0.9073903024794998
1295702721681657861,neutral,0.5915491458598252
1295702723309035520,negative,0.03130956270672675
1295702724353302528,negative,0.01978172325238759
1295702724974129157,negative,0.0004498087860835411
1295702725402005504,neutral,0.3306646816629014
1295702725523410945,negative,0.0600101272615417
1295702725615910912,negative,0.12601313751072224
1295702726903574528,neutral,0.3709491165362941
1295702726983262209,negative,0.042180693288205194
1295702727075540994,negative,0.0430101816775751
1295702727159435264,neutral,0.5495922250151081
1295702727956275200,negative,0.12601313751072224
1295702728996540418,negative,0.012723223352748777
1295702730560987136,neutral,0.5916122031609724
1295702730586107905,negative,8.678015652153426e-07
1295702731102064640,neutral,0.46094695413278425
1295702731701866500,negative,0.08043090220554572
1295702732540653568,negative,0.12601313751072224
1295702733157269505,negative,0.03769110627498811
1295702734469988359,negative,0.0600101272615417
1295702735766028288,positive,0.9983256460106366
1295702736680431617,neutral,0.5700949742195746
1295702737074769920,negative,1.961286591585571e-09
1295702737414500354,negative,8.418688190818232e-05
1295702737439653888,negative,0.12601313751072224
1295702738937012225,negative,0.22035441222533647
1295702739377324033,negative,0.014808859151106236
1295702739889135617,positive,0.9584483396338902
1295702740505636864,negative,1.916018335528224e-06
1295702740618956802,negative,0.0004989025182391388
1295702740711202816,negative,0.00022824862617855718
1295702741126451200,negative,0.0812592619702565
1295702741814325256,negative,0.022434593432223014
1295702742384746498,negative,0.024405456238622735
1295702742703448065,negative,0.044051357276136495
1295702743152242689,negative,0.044051357276136495
1295702743215202304,neutral,0.4246570079491565
1295702743575924738,negative,0.10385394694798021
1295702744716779520,negative,0.31891753515558335
1295702745811361793,negative,0.2486640047527842
1295702745912160257,neutral,0.5344029679637843
1295702746012749824,negative,0.1518232555775631
1295702746721431552,negative,0.018624446198766235
1295702747107426304,negative,0.20378765152628553
1295702747598249985,positive,0.8602658237791903
1295702747761856517,negative,0.14134167714666668
1295702748432760833,negative,0.2512273559886339
1295702750303526916,negative,0.0004906365477930599
1295702751868051460,negative,1.8536156050565265e-05
1295702751998083072,negative,0.12601313751072224
1295702752006475776,negative,0.0018720216733855092
1295702752052547584,negative,0.008257802198045826
1295702753662996480,negative,0.03332549893247385
1295702753734545408,negative,1.6514342004335796e-05
1295702753826791424,positive,0.7509082171332925
1295702753847775232,negative,0.001715274000455651
1295702755110158338,negative,0.05738731705847255
1295702755340886018,negative,0.049478249200938365
1295702755982680064,negative,0.19448723309182842
1295702756867616769,positive,0.7571941426827925
1295702756897042432,negative,0.14134167714666668
1295702757429719045,negative,0.22035441222533647
1295702757966524416,positive,0.7376221071657708
1295702758050484224,negative,0.11914007682297054
1295702758222434304,negative,0.00020445881605828686
1295702758562172930,negative,0.02531283331998477
1295702760126586886,negative,0.2113203608786952
1295702762957803521,neutral,0.5495922250151081
1295702764476039170,negative,0.12601313751072224
1295702766153736194,negative,0.1516090625394908
1295702766476840960,neutral,0.6332401096937431
1295702767596699648,negative,0.024405456238622735
1295702768041299968,positive,0.9368429545044105
1295702768456433670,negative,0.0024063297313619446
1295702768792023042,negative,0.11647791310613054
1295702770721402880,negative,0.0004989025182391388
1295702773347082240,negative,0.044051357276136495
1295702773430984704,negative,0.019901934905204827
1295702773506482176,negative,0.05738731705847255
1295702773577777152,negative,0.14717644967430454
1295702773904834564,negative,0.09386000229361774
1295702774622101505,neutral,0.467289883327555
1295702774886420482,negative,0.03263686538421895
1295702776358547457,negative,0.0032533681489490627
1295702777746915331,negative,5.306193393812519e-07
1295702778766131202,neutral,0.497879600655596
1295702779814707200,negative,0.04550932329001948
1295702780125093890,positive,0.7571941426827925
1295702780590473223,negative,0.13556671750001675
1295702780712280064,positive,0.9368429545044105
1295702781089787904,negative,0.02591539513226468
1295702781534371844,negative,0.00023782014441984167
1295702895636221952,negative,0.12601313751072224
1295702896286326791,neutral,0.5700949742195746
1295702896529608706,negative,7.948938382352068e-13
1295702896563167239,negative,0.08007641557858117
1295702896932200451,negative,0.0014695500878427127
1295702897121021955,negative,0.05738731705847255
1295702899461431296,negative,0.29354048216691747
1295702899595644928,negative,0.07430189143163601
1295702900820381702,negative,0.0905877275526507
1295702901311102977,negative,0.12601313751072224
1295702902649036806,negative,0.05738731705847255
1295702903450214400,negative,0.05738731705847255
1295702903840276481,negative,0.05738731705847255
1295702904020623361,negative,0.012997222388158333
1295702904435875843,positive,0.8162237817999115
1295702905979375617,neutral,0.34204090801782494
1295702906449137665,negative,0.10396600402265237
1295702908210565121,negative,0.08007641557858117
1295702908407865347,neutral,0.46127768308170247
1295702908554612741,negative,0.12601313751072224
1295702910869942274,negative,0.01785347011195913
1295702911843012610,negative,0.22035441222533647
1295702914045026305,negative,0.12601313751072224
1295702915403976711,negative,0.00012924905660395233
1295702916926504960,negative,0.12601313751072224
1295702917429829632,negative,0.12601313751072224
1295702917698256896,negative,3.9565382235114635e-06
1295702917811507201,positive,0.8162237817999115
1295702917975019522,negative,0.12601313751072224
1295702918100856833,negative,0.12601313751072224
1295702918381920258,negative,0.11956170823619515
1295702918931394560,negative,0.0006034492095579572
1295702919363399680,negative,0.0001316656321793825
1295702920684593152,negative,0.11914007682297054
1295702921007554561,negative,0.00011920047949049027
1295702921452171264,positive,0.999562463016314
1295702921833844736,negative,0.09159299578890484
1295702922542620673,negative,0.12601313751072224
1295702924446904330,neutral,0.5700949742195746
1295702925017337856,negative,0.030395847706257383
1295702925294161922,negative,4.284095474424872e-05
1295702925864505344,negative,0.005647548739030997
1295702925889671170,negative,0.12601313751072224
1295702926414020609,negative,0.0072938360075774575
1295702927865044998,negative,0.22299958927284436
1295702927936561152,negative,0.0001731737757059785
1295702932793548801,negative,0.11591685326288977
1295702934806831105,negative,0.12601313751072224
1295702934882258945,negative,0.0007611113049791037
1295702934920077313,negative,0.007367628037429296
1295702935054299139,negative,0.0003615108443868376
1295702935083646976,positive,0.8890175097582278
1295702935788302337,negative,0.05738731705847255
1295702937428271105,negative,0.12601313751072224
1295702937537314816,negative,0.23568651887278078
1295702938619445248,negative,0.001422899190513313
1295702939688935425,negative,0.0035201836723388973
1295702939835785216,negative,0.012079914780550498
1295702940271992833,negative,0.10089289487434884
1295702940578189313,negative,0.12601313751072224
1295702941505134592,negative,1.1016085075875419e-06
1295702941857349632,negative,0.14134167714666668
1295702942524280832,negative,0.04104365862513887
1295702942738153478,negative,0.14134167714666668
1295702943359016961,neutral,0.3499352441185855
1295702944042692609,negative,0.12601313751072224
1295702944541802498,positive,0.8379950987817169
1295702945141579776,negative,0.12601313751072224
1295702946446024713,negative,2.1883977776447644e-07
1295702947175845888,negative,0.03007933095460229
1295702947553255425,negative,0.05736422592685412
1295702947725225985,negative,0.10465946406372233
1295702948035665922,negative,0.0004989025182391388
1295702948614418432,negative,0.041614989989188216
1295702948857749505,negative,0.019901934905204827
1295702949008744450,neutral,0.3709491165362941
1295702949902069760,negative,0.019901934905204827
1295702949956591618,negative,0.2421388024884851
1295702951026135053,negative,0.0058556608991322395
1295702952578097152,negative,0.010714463438518366
1295702952930410497,negative,0.01972301940009492
1295702953131683847,negative,0.12601313751072224
1295702954176057347,neutral,0.6563131832915976
1295702954373087232,negative,0.12601313751072224
1295702956420009986,negative,0.0024260144664986286
1295702957535776773,negative,0.008551744862496442
1295702957560913923,negative,0.14134167714666668
1295702957758062592,negative,0.24323929342142406
1295702958059986944,negative,0.05738731705847255
1295702958097784834,negative,0.14782831052656822
1295702958395600897,negative,2.4993220491118347e-05
1295702958626295808,negative,0.0002047870926257499
1295702959934902274,neutral,0.47840844706262076
1295702960656330752,negative,0.0036091736535957372
1295702961167851521,neutral,0.5886574688060328
1295702961335742466,negative,0.2071251955952833
1295702962153684992,negative,0.00011920047949049027
1295702963533619201,negative,0.00967511482177653
1295702963835400192,positive,0.9999999353186432
1295702964133416967,negative,1.0198894596963313e-06
1295702964859023361,negative,0.12601313751072224
1295702964959617026,negative,0.12601313751072224
1295702965286838275,negative,0.017178444783900387
1295702965836304385,negative,0.003437600103820862
1295702966083747840,negative,0.0004989025182391388
1295702966956167170,positive,0.7509082171332925
1295702967425929218,negative,0.12021709371254997
1295702967509712897,negative,0.11914007682297054
1295702967656558592,positive,0.7197132989779035
1295702968399011840,negative,0.08546935861439567
1295702968566796290,neutral,0.42507619662732005
1295702969535606785,negative,0.17492817669194513
1295702969732784129,negative,0.05738731705847255
1295702970697424897,negative,0.2071251955952833
1295702971506995200,negative,0.11594547425212554
1295702972970799104,negative,0.12601313751072224
1295703086212755457,negative,0.08929308834245993
1295703089010356231,negative,4.559416719832452e-06
1295703089035575297,positive,0.9999112186971196
1295703089543098368,negative,8.192119755651809e-08
1295703089555611649,negative,0.12601313751072224
1295703091543715840,negative,0.001005457773570323
1295703092177129472,neutral,0.502078848952195
1295703092781080576,negative,0.04350140218881862
1295703093854834689,negative,5.929974285857408e-06
1295703095213776897,negative,0.03656253377805729
1295703096702545921,neutral,0.5886574688060328
1295703099416489984,negative,0.12601313751072224
1295703100439789568,negative,1.4170929296045287e-05
1295703102079864832,negative,0.016237285627396403
1295703102109241345,negative,0.013344834428133513
1295703102335614976,negative,1.6395967586671367e-05
1295703103073923073,negative,0.013462053810873939
1295703103707271174,negative,0.12601313751072224
1295703104453828615,negative,0.14134167714666668
1295703106622238722,negative,0.023606460663129873
1295703107154870273,negative,0.019901934905204827
1295703107276607488,negative,0.03123738197591907
1295703108396359680,negative,8.418688190818232e-05
1295703109545623552,negative,0.04350140218881862
1295703109768032257,negative,0.10396600402265237
1295703110061563904,negative,9.215385059660438e-07
1295703110384586752,negative,0.12601313751072224
1295703110724333569,negative,0.12601313751072224
1295703111949062145,negative,0.10396600402265237
1295703112699740163,neutral,0.6567782768571296
1295703112808902656,negative,0.12601313751072224
1295703113500958720,negative,0.00011510308476077163
1295703114021044229,negative,0.060452775215341
1295703115547553792,negative,0.04550932329001948
1295703116541767682,negative,0.012169857429332064
1295703117993041920,negative,0.0002454273842077006
1295703119280709635,negative,1.787613516492282e-05
1295703119364526080,positive,0.9995512616785669
1295703119633031168,negative,0.019901934905204827
1295703120375427072,negative,0.03016104360911604
1295703121042317314,negative,0.05738731705847255
1295703122615111685,negative,0.014273694051470151
1295703124200632322,negative,0.12601313751072224
1295703125702127617,negative,0.02140547128081953
1295703125958041607,negative,0.041759171076040845
1295703126859755521,neutral,0.35510078887145397
1295703127086202881,neutral,0.46127768308170247
1295703128285863938,negative,0.12601313751072224
1295703128294268930,negative,0.0027422401670716386
1295703129053306881,neutral,0.5495922250151081
1295703129393070087,negative,0.02191216647455611
1295703129653227530,negative,0.030642482585042437
1295703130542354432,negative,0.12601313751072224
1295703130663985154,negative,0.0030996458809638984
1295703130684952577,negative,0.12601313751072224
1295703132962525184,negative,5.2175167125116766e-05
1295703133092491269,negative,0.21621628507838903
1295703134682206208,negative,0.0430101816775751
1295703134992556033,negative,0.0027077187116319977
1295703135068053504,neutral,0.4740701450132317
1295703135323815936,negative,0.0006023085551973138
1295703136196341760,negative,0.12601313751072224
1295703136900972548,negative,0.20348124742185403
1295703139308441600,negative,0.01261163984726775
1295703139744657409,negative,0.24564007593686984
1295703140533248001,negative,0.12601313751072224
1295703142521278466,negative,0.17776912296083106
1295703142730956801,negative,0.2596100890774562
1295703144098181124,negative,0.000709158460134402
1295703144903716864,negative,0.08007641557858117
1295703145289592832,negative,0.0017055230513634352
1295703146115870720,negative,0.12601313751072224
1295703146736615425,negative,0.024152130020127942
1295703147642368000,neutral,0.5839494722768501
1295703148816982016,negative,0.04550932329001948
1295703148997287937,negative,0.16555727204251808
1295703149987201026,negative,0.015786086244190294
1295703150335348738,negative,0.015944754536459906
1295703150972862466,neutral,0.3306646816629014
1295703151560077313,negative,0.11591685326288977
1295703151643897858,negative,0.00014779249629750258
1295703153694978049,negative,0.1012411845811097
1295703155825676293,negative,0.007181478780361355
1295703155947327488,negative,7.638731241580364e-18
1295703158249922560,negative,0.03111318712754694
1295703158338060288,negative,0.04807388552250905
1295703159399239680,negative,0.12601313751072224
1295703159512473601,negative,0.06903912724250526
1295703161601167361,negative,0.03669135265188776
1295703161773096960,negative,0.12601313751072224
1295703163580932096,negative,0.04350140218881862
1295703163874541568,negative,0.0002454273842077006
1295703164029669377,negative,0.10577403693509468
1295703164918706179,negative,0.09604168851085276
1295703164948295680,neutral,0.48728019602140255
1295703166458134531,negative,0.00026578698591931386
1295703167032852480,negative,0.0010254469620627452
1295703289816854530,negative,0.02620829743518474
1295703290521542656,negative,0.12601313751072224
1295703290651594763,neutral,0.5886574688060328
1295703291511418881,negative,0.14134167714666668
1295703291867942914,negative,0.2071251955952833
1295703293298200583,negative,0.012512228272294352
1295703293583331329,negative,3.25722101444236e-05
1295703293973364736,negative,8.750409751774793e-06
1295703294648692736,negative,0.0430101816775751
1295703294917193728,negative,0.006105280219504559
1295703295022043137,negative,4.4812953501105424e-23
1295703295022059520,negative,0.01565549563510597
1295703295772823552,negative,0.12601313751072224
1295703296993370114,negative,0.12601313751072224
1295703297223987200,positive,0.9368429545044105
1295703297458868232,negative,0.2836863757917563
1295703297693749248,negative,0.16683621277684435
1295703297702203393,negative,0.20348124742185403
1295703298658521089,negative,1.9541237516113753e-05
1295703299488919552,negative,0.12601313751072224
1295703300730388486,negative,0.23649811240819985
1295703300915056640,negative,0.1734407740512881
1295703302861139969,negative,0.05738731705847255
1295703303335051272,negative,0.05738731705847255
1295703304257732609,negative,1.6790720993342289e-06
1295703304262103041,neutral,0.368852777863707
1295703304677228544,positive,0.9988662668583811
1295703304832417792,negative,2.7302739452152155e-07
1295703307445575682,negative,0.12601313751072224
1295703309676879872,negative,0.05738731705847255
1295703310494765056,negative,0.0005171954090242007
1295703310847086592,neutral,0.42646194708299123
1295703311107215361,negative,0.087509018557098
1295703311295840256,negative,0.0030996458809638984
1295703311627235333,negative,0.12601313751072224
1295703313011355648,negative,0.317955616456911
1295703313170792450,negative,0.2946932210922587
1295703313531445250,negative,3.725043884394383e-09
1295703316106797062,negative,0.001150404241661264
1295703316123521025,positive,0.9984967564493797
1295703316433862663,negative,0.0008587731673087744
1295703316517789696,negative,0.002954781542930518
1295703317008592896,negative,4.454191643401724e-07
1295703318224949248,neutral,0.4302292538621894
1295703318828900352,negative,0.014141655271809146
1295703319487356931,negative,0.0025685652257641882
1295703319617437698,negative,0.00880774778630918
1295703320334606336,negative,0.0108069973352275
1295703321156694017,negative,1.686179336173349e-05
1295703321756532736,positive,0.9486999339741621
1295703321924296707,negative,0.12601313751072224
1295703322435887105,negative,7.605312049024004e-05
1295703322670911488,negative,0.016250055214407876
1295703322842877953,negative,0.21621628507838903
1295703324306681856,negative,0.12601313751072224
1295703324394688513,negative,0.00015346569853918462
1295703324981972992,negative,0.012169857429332064
1295703325053267969,negative,0.02620829743518474
1295703325778874379,negative,0.0027422401670716386
1295703325904601090,negative,0.019901934905204827
1295703329058652160,positive,0.8690103078686926
1295703329096577025,negative,9.215385059660438e-07
1295703329335652352,neutral,0.34469818669428276
1295703329453088768,neutral,0.424373678309904
1295703329704738826,negative,0.03669135265188776
1295703329914445826,negative,0.004993694797071397
1295703330065469441,negative,0.09242629827229783
1295703330233229314,negative,0.12601313751072224
1295703330560389123,negative,0.019901934905204827
1295703330895929345,positive,0.6792494575444393
1295703331260764160,negative,0.005643702138430563
1295703333064376320,positive,0.9368429545044105
1295703334540713990,negative,0.1518232555775631
1295703334888722433,negative,0.002146950423868548
1295703335467659264,negative,0.1441344912164008
1295703336088489984,negative,0.14134167714666668
1295703336415571968,neutral,0.46127768308170247
1295703338055536641,positive,0.7509082171332925
1295703339045462016,neutral,0.3306646816629014
1295703339171274752,negative,0.018075472935833604
1295703339175424000,negative,0.11914007682297054
1295703340416892928,negative,0.019901934905204827
1295703340878266371,negative,0.11914007682297054
1295703340886757379,negative,0.2836863757917563
1295703340928716801,negative,0.018208962661737937
1295703342098915331,negative,0.013479543619259297
1295703343495610368,negative,0.029544057174968722
1295703345106231297,negative,0.0017044512010052923
1295703346049953792,negative,0.0023877801655214385
1295703346087628801,neutral,0.5452842757330861
1295703347098517509,negative,0.05738731705847255
1295703348029652992,negative,0.07297986551897258
1295703348780257280,negative,0.0028218899642244145
1295703348830756864,negative,0.028096341047909108
1295703349048868865,positive,0.9368429545044105
1295703349053083648,negative,0.015761082568702373
1295703349396934656,negative,0.12601313751072224
1295703349552185345,negative,0.2071251955952833
1295703349954777088,negative,3.7381109485465583e-06
1295703350491656204,negative,0.12601313751072224
1295703351099891721,negative,0.00011920047949049027
1295703352622354434,negative,0.001416437233214302
1295703352941129728,negative,0.0140440999511958
1295703353037529089,neutral,0.5505550505941735
1295703354585358339,negative,0.00489715133554157
1295703354635583488,negative,0.0016544375600636367
1295703355340345344,negative,0.10089289487434884
1295703355826868224,negative,1.6514342004335796e-05
1295703356195901440,neutral,0.5495922250151081
1295703357064204288,negative,0.00011920047949049027
1295703357810778115,negative,0.12601313751072224
1295703358184005634,negative,0.12601313751072224
1295703358788042752,negative,0.023677261408551118
1295703358980882433,negative,0.0017044512010052923
1295703359127719936,negative,0.12601313751072224
1295703360046354432,negative,0.05738731705847255
1295703360105000960,neutral,0.35399789893817785
1295703360323059715,negative,0.0002945562466293415
1295703360734019591,negative,0.12601313751072224
1295703361208098817,negative,0.12601313751072224
1295703361363353600,negative,0.12601313751072224
1295703361602424833,negative,0.0037007295488750373
1295703362772623360,negative,0.03565945797252218
1295703363607240705,negative,0.12601313751072224
1295703364051722241,negative,0.000304786503667092
1295703485799956481,neutral,0.5505550505941735
1295703486156480513,negative,0.04443674432253439
1295703486198419456,negative,0.11842365439584457
1295703488140382208,negative,0.02175804503843714
1295703489268645891,negative,0.10009065629389999
1295703491277737984,neutral,0.4285758614317694
1295703492342972418,negative,0.02813108225992387
1295703492368175104,negative,0.0017748346316849419
1295703493794312192,negative,0.06903912724250526
1295703494612201477,negative,4.8231858985945554e-06
1295703494947676161,negative,0.06389519469739971
1295703495090278403,positive,0.9592062527081522
1295703497153839104,negative,0.00015531558929608684
1295703497338429440,negative,0.10139017318907137
1295703497447481345,negative,0.0006736086697986766
1295703498768748544,negative,0.12601313751072224
1295703498835873792,negative,0.0006274493673242101
1295703499812958215,negative,0.08007641557858117
1295703500085755906,negative,0.29354048216691747
1295703500110934017,neutral,0.502078848952195
1295703501180407811,negative,0.005769913450279167
1295703502413533186,positive,0.8387900687464273
1295703502765862912,negative,0.11594547425212554
1295703502900137985,neutral,0.3535486510024013
1295703503898378240,negative,0.001214379703463371
1295703504250707970,neutral,0.33814765817941306
1295703504305172480,negative,4.085075524391832e-06
1295703504993083392,negative,0.12601313751072224
1295703505114628096,negative,0.21811706132658248
1295703505274130432,negative,0.03235445774336166
1295703505278296064,negative,0.05738731705847255
1295703505580306433,negative,0.12601313751072224
1295703506029092865,negative,1.3290059832167561e-05
1295703506201042944,negative,0.012997222388158333
1295703506297540610,negative,0.20348124742185403
1295703508595945473,positive,0.9368429545044105
1295703510491762688,negative,0.032764500083221355
1295703511053807616,negative,0.2071251955952833
1295703511213146115,negative,5.258899431731446e-07
1295703512509288450,negative,0.0430101816775751
1295703512630919168,negative,0.07664736529872927
1295703512802828289,negative,0.0009590151467214099
1295703513788538885,negative,0.018210704477096322
1295703514447052800,negative,2.8135057708272355e-05
1295703515072012293,neutral,0.3533073307620481
1295703515151695873,negative,0.08497729577440294
1295703515407450114,negative,0.12601313751072224
1295703517135544329,neutral,0.3306646816629014
1295703517215301632,negative,0.07444369563127802
1295703517345263623,negative,0.14134167714666668
1295703517634736129,negative,0.12601313751072224
1295703519555706880,negative,0.001150404241661264
1295703520126144512,negative,2.346319014157176e-06
1295703520881053697,negative,0.2659686466152966
1295703520977485827,neutral,0.5495922250151081
1295703521002696705,negative,0.001150404241661264
1295703521661276160,negative,0.12601313751072224
1295703522223296517,negative,0.0009677493191237991
1295703523116683264,negative,0.04863104151395433
1295703523682910209,negative,0.12601313751072224
1295703523833917440,negative,0.12601313751072224
1295703523930320896,negative,6.604834723565989e-05
1295703524353945601,negative,0.18725376895310059
1295703524672593920,neutral,0.6379436593930833
1295703526396563456,positive,0.8326032565943451
1295703526606241792,negative,0.04807388552250905
1295703529101889538,neutral,0.5700949742195746
1295703530607726599,neutral,0.3306646816629014
1295703530993582080,negative,0.0021433954446389053
1295703531878600706,negative,0.06161537906806061
1295703532058873859,positive,0.7005980972355926
1295703532344156161,negative,0.025952750194008528
1295703532843212800,negative,0.07830760307664024
1295703533380042754,negative,0.024405456238622735
1295703534621659136,negative,0.025952750194008528
1295703535330512896,negative,2.1292812397462016e-06
1295703535829622786,neutral,0.43403754091090685
1295703535968047104,positive,0.9354224980503903
1295703535993024514,negative,0.012100286573142747
1295703536194420736,negative,0.12601313751072224
1295703536215490562,negative,4.500446212326973e-05
1295703536458698752,negative,0.010332653681365602
1295703536995569665,neutral,0.5475385610968239
1295703537297641472,negative,0.025952750194008528
1295703537549291520,negative,2.5820564298724393e-09
1295703539537399812,negative,0.001150404241661264
1295703541697347584,negative,0.034640861169922876
1295703541735137281,positive,0.7571941426827925
1295703541823221762,negative,0.12601313751072224
1295703542137868288,negative,0.005890840446492415
1295703542418808833,negative,0.00040709923185238295
1295703542423080960,positive,0.7571941426827925
1295703542632718337,negative,0.14459291354362255
1295703542976651264,negative,1.8906625686158294e-07
1295703543769436160,negative,0.019901934905204827
1295703543991750656,negative,0.29354048216691747
1295703544004304898,negative,0.12601313751072224
1295703544528621568,negative,0.05738731705847255
1295703544679534592,negative,9.575996552896401e-05
1295703544843173891,negative,1.9281077126851786e-10
1295703544918691846,negative,0.0006034492095579572
1295703545551785984,positive,0.9477995601449292
1295703545602244613,neutral,0.5902901827896669
1295703545791107073,negative,1.4594106306085405e-08
1295703545929326593,neutral,0.5495922250151081
1295703546470510594,negative,0.001371620607513538
1295703546739003398,negative,0.04807388552250905
1295703546973872131,negative,0.05738731705847255
1295703546998984709,negative,0.045169636156426655
1295703547275862016,negative,0.0012534548666293052
1295703548303306754,negative,0.0008237865690360269
1295703549356244994,negative,0.0004891295033748904
1295703549716897792,negative,0.12601313751072224
1295703550979444736,negative,0.001150404241661264
1295703661377716224,negative,0.02571698681967151
1295703661797048321,neutral,0.49789225920557484
1295703662338035712,neutral,0.6130467719184545
1295703663940378624,negative,0.14134167714666668
1295703666041683971,positive,0.9477995601449292
1295703667652415488,negative,0.001150404241661264
1295703667673305089,negative,0.023684831273141624
1295703667698475010,positive,0.9996205544337805
1295703667786551296,negative,0.044051357276136495
1295703668654780416,negative,0.02132099595582579
1295703669682450434,positive,0.7849174601092475
1295703669892091904,negative,0.025952750194008528
1295703670932283392,negative,0.04350140218881862
1295703671104307203,negative,0.0003494926098025589
1295703671519444998,negative,0.0037771785456886873
1295703672115036160,negative,0.12601313751072224
1295703672245059588,neutral,0.3306646816629014
1295703673658585089,negative,0.0002637536762727527
1295703676321968128,negative,0.019901934905204827
1295703676489732096,positive,0.7571941426827925
1295703677370544129,negative,0.2071251955952833
1295703678154932224,negative,0.0005975640578054757
1295703678280753161,negative,0.0012323228312725249
1295703678561800199,negative,0.0029023219776359147
1295703678964334592,negative,0.12601313751072224
1295703679731982337,negative,0.27852025028637517
1295703680457617409,negative,0.0017044512010052923
1295703680566595584,negative,0.19881459674258742
1295703680759541762,negative,0.025952750194008528
1295703680935747584,neutral,0.33068200639324075
1295703681476640773,negative,0.09386000229361774
1295703681644597248,negative,0.011839164456751995
1295703683087380481,negative,0.28721751195444517
1295703684568023040,negative,0.0030996458809638984
1295703684656050177,negative,0.24176812542422893
1295703684815507457,negative,0.03083771423620903
1295703685285191681,negative,0.025952750194008528
1295703685562011649,negative,0.12601313751072224
1295703686455463938,negative,0.2381558908539163
1295703688057622528,negative,0.12601313751072224
1295703688170876929,negative,0.05724072422324938
1295703688846217226,negative,0.0033449944690696135
1295703689601179648,positive,0.9996205544337805
1295703690750435329,neutral,0.567271095674514
1295703690968535047,negative,0.0004319325991428894
1295703691543097344,positive,0.831818916272822
1295703691798904832,negative,0.019901934905204827
1295703694877642752,negative,0.025952750194008528
1295703695380951045,negative,0.007675451862166435
1295703695917821953,negative,0.2836863757917563
1295703696022675456,negative,0.22035441222533647
1295703696102305792,negative,0.0003807235028909672
1295703696173654018,negative,0.0005707288715266583
1295703696202964992,negative,0.14134167714666668
1295703696588800000,negative,0.12601313751072224
1295703696941121536,negative,0.019901934905204827
1295703699155759105,neutral,0.555920416612909
1295703699902418944,negative,0.06389519469739971
1295703700279898117,negative,0.12601313751072224
1295703700485410817,negative,0.2928429715752547
1295703700841922564,negative,0.12601313751072224
1295703701076807680,negative,0.012169857429332064
1295703701261373442,negative,0.04807388552250905
1295703701907218432,negative,0.12601313751072224
1295703704109232128,negative,0.025952750194008528
1295703704411222020,neutral,0.3306646816629014
1295703704885235712,negative,0.00017479285398652107
1295703706806231046,negative,0.00011510308476077163
1295703707565338624,negative,4.7447798678112236e-06
1295703708848852992,negative,0.03684481609732781
1295703709045989376,negative,0.10600349061693258
1295703709184401408,negative,1.5140022532591626e-05
1295703710413262849,negative,0.12601313751072224
1295703710442704897,positive,0.7509082171332925
1295703712946585605,negative,0.02035391571271791
1295703713261256704,negative,5.609732695932079e-09
1295703714938925056,negative,0.08007641557858117
1295703715291320320,negative,0.0001568205364054759
1295703715677188097,positive,0.8452663111654891
1295703716348276737,neutral,0.4243093589660283
1295703717505892353,negative,0.12601313751072224
1295703718499950592,negative,0.015306561096638879
1295703720299302912,negative,0.025952750194008528
1295703720727064582,negative,0.0012323228312725249
1295703722736193537,negative,0.0003977166092169002
1295703723667267585,negative,0.006994109483185405
1295703723881242626,negative,0.025952750194008528
1295703724535537665,negative,0.258694752943103
1295703725017792512,negative,0.10459830546158512
1295703726011932672,neutral,0.5530456542847788
1295703726540218368,neutral,0.5505550505941735
1295703726922108929,negative,0.12601313751072224
1295703728327217152,negative,0.025952750194008528
1295703729501503488,negative,0.014054640308500621
1295703729753198592,negative,0.12601313751072224
1295703729937813504,positive,0.942345842933352
1295703730013249538,positive,0.9667420884434751
1295703730541797377,neutral,0.555920416612909
1295703731619717122,neutral,0.5495922250151081
1295703733045727232,negative,7.540452574190064e-05
1295703839308423174,negative,0.0010823566179087461
1295703839572623365,negative,0.012261693392425574
1295703839828578304,negative,0.12601313751072224
1295703840189079553,negative,0.12859288686747955
1295703840373735428,negative,0.00047181276062573617
1295703842038792193,negative,0.0012323228312725249
1295703842068336641,neutral,0.6563131832915976
1295703843544666112,negative,0.10396600402265237
1295703843938934784,negative,0.02132099595582579
1295703845377646593,negative,0.16289422677960488
1295703846866616320,negative,0.00010661085277175645
1295703847059562499,negative,0.019901934905204827
1295703847177015296,neutral,0.33814765817941306
1295703847663554561,negative,0.0006034492095579572
1295703847785111552,positive,0.831818916272822
1295703849873952769,negative,0.025952750194008528
1295703850549235712,negative,0.019901934905204827
1295703851195080704,negative,0.014779340207084542
1295703852013031425,negative,0.027204465671221274
1295703852176613377,negative,0.05738731705847255
1295703853808189441,negative,0.20324586410364273
1295703854873550848,negative,0.019901934905204827
1295703855615946757,negative,0.14134167714666668
1295703856807124993,positive,0.8338098367556515
1295703857411117056,negative,0.0018051611048294073
1295703857587249152,negative,0.09386000229361774
1295703857591443456,neutral,0.33962098362213544
1295703857616625664,negative,0.12601313751072224
1295703858077929473,positive,0.8367436345913526
1295703860334473216,positive,0.8602658237791903
1295703860468764673,negative,0.0004988405027399723
1295703861202583553,negative,0.10600349061693258
1295703862985273344,negative,0.2651273479006144
1295703863501234178,negative,0.0030996458809638984
1295703864465924096,negative,0.0010509566292394828
1295703864826564615,negative,0.024405456238622735
1295703865258647558,neutral,0.5495922250151081
1295703866613338113,negative,0.00031622893293386313
1295703867229904898,negative,0.040611563172185255
1295703867737493504,positive,0.7004954268488085
1295703868177821697,negative,0.0001631320351968574
1295703868295258113,negative,4.069035591442468e-06
1295703868916084738,negative,0.12601313751072224
1295703869222203392,negative,0.0020045577932054732
1295703869415186432,neutral,0.3306646816629014
1295703869519929346,negative,0.12601313751072224
1295703870409146369,negative,0.027128395763375814
1295703871289950208,positive,0.8774663395378116
1295703871583551488,negative,0.12601313751072224
1295703872632172546,negative,0.317955616456911
1295703873995198465,neutral,0.5505550505941735
1295703874049843201,negative,0.00038785884542842
1295703874192527360,negative,0.004719275828295753
1295703874255441920,neutral,0.5272018660485905
1295703874603569155,neutral,0.36440385825114957
1295703874616139776,negative,0.044051357276136495
1295703874968457216,negative,0.0006034492095579572
1295703875345879042,negative,0.02132099595582579
1295703875710849025,positive,0.9535641638170262
1295703876323233792,negative,0.12601313751072224
1295703876604067841,negative,0.04011254887098185
1295703877254352896,negative,0.009198488968345166
1295703877300486151,negative,0.008051193205102532
1295703877304627201,negative,0.005093245188181673
1295703878730747904,negative,2.7576915926557836e-05
1295703879208886272,positive,0.9368429545044105
1295703882543374341,negative,0.2836863757917563
1295703883285766144,negative,0.0002675999733672851
1295703883650654215,negative,4.85590650699136e-11
1295703884145491968,negative,0.04060724336050897
1295703884443394050,negative,0.04379828014361261
1295703885009518594,positive,0.7352364966490751
1295703885814923269,negative,0.019901934905204827
1295703886309687297,negative,8.418688190818232e-05
1295703887161307138,positive,0.9477995601449292
1295703890164416514,negative,0.28921535498228046
1295703890189484033,negative,0.00014596470437561488
1295703890395095040,negative,0.09922875630911464
1295703890613149704,negative,0.11068872709575771
1295703892752306182,negative,0.00021495502455179665
1295703893167476736,negative,0.0004989025182391388
1295703893238845443,negative,0.3029968537174699
1295703894568255488,negative,2.0329253243010544e-05
1295703896783048704,negative,0.23649811240819985
1295703897043066880,neutral,0.502078848952195
1295703897969958913,negative,0.12601313751072224
1295703898523611136,negative,0.317955616456911
1295703900088160256,neutral,0.5652144012458306
1295703900293603329,neutral,0.4247168131699202
1295703900796985346,negative,0.005806690407103588
1295703901086322688,neutral,0.5970090151999642
1295703901753053187,negative,0.12601313751072224
1295703901824602112,negative,0.0012323228312725249
1295703902151757825,positive,0.7883957664464543
1295703902504062978,neutral,0.4884114502254526
1295703902692810754,negative,0.10089289487434884
1295703902738841602,positive,0.9999995592370942
1295703902919114753,negative,1.4105811180703608e-07
1295703903045066752,negative,0.0012323228312725249
1295703903326146560,negative,0.010332653681365602
1295703903909171203,negative,0.08873071218098821
1295703903930023937,negative,0.14134167714666668
1295703905821745153,negative,0.044051357276136495
1295703906476077056,negative,0.09517213286525797
1295703906564091905,negative,2.7576915926557836e-05
1295703907046502400,negative,0.05738731705847255
1295703907822379009,negative,0.12601313751072224
1295703909709881344,negative,0.12601313751072224
1295703910750068736,negative,0.12601313751072224
1295703911060381700,negative,0.08084516748194746
1295703911261712384,negative,0.022717027755621257
1295703911802834945,negative,0.025952750194008528
1295703914621403138,negative,0.14134167714666668
1295704024042348545,negative,0.20976441277881258
1295704024449253376,negative,0.12601313751072224
1295704024499531776,negative,0.10396600402265237
1295704025149644800,negative,5.929974285857408e-06
1295704026043109377,negative,1.6395967586671367e-05
1295704026617647104,negative,0.00433312607362336
1295704027297087488,positive,0.7571941426827925
1295704029310443520,negative,0.014600929562560294
1295704029692076033,negative,0.07807632023595144
1295704030056939523,negative,0.11763421500762183
1295704030078029825,negative,0.0018099825304508435
1295704031566979073,negative,0.12601313751072224
1295704031759929356,negative,0.12021709371254997
1295704032972079111,negative,0.1281817226037914
1295704034943422464,neutral,0.3499352441185855
1295704035358580741,negative,6.361140207178305e-06
1295704035480285185,positive,0.7654822678293459
1295704036096774146,neutral,0.4256959102342942
1295704036214267904,neutral,0.5391371911639813
1295704036390457350,negative,0.014288267233821542
1295704036772126721,negative,2.5809488422482058e-05
1295704037107671040,negative,0.11631874523252289
1295704037552197638,negative,0.12601313751072224
1295704037917167617,negative,5.9390668123455546e-05
1295704039422857223,positive,0.9799756917516523
1295704042266677248,negative,0.031882716791264365
1295704042727968768,negative,1.557605165192526e-08
1295704044384727041,neutral,0.5344029679637843
1295704044393107461,negative,0.02132099595582579
1295704045479505920,positive,0.9368429545044105
1295704046431547392,negative,5.937576254902243e-07
1295704046725201920,negative,0.0266216728847276
1295704046842544130,positive,0.9914225911450751
1295704047660531712,negative,0.12601313751072224
1295704048402931714,negative,0.011484822717356315
1295704049854091266,neutral,0.5344029679637843
1295704049908670464,negative,0.12601313751072224
1295704052500697088,negative,0.14134167714666668
1295704052689506304,negative,0.12601313751072224
1295704053155016705,negative,0.019901934905204827
1295704053259948032,negative,0.0004812483786205075
1295704053696073730,negative,0.19426515223239724
1295704054014849024,negative,0.08007641557858117
1295704054115512322,negative,0.0032998809880598933
1295704054371319808,positive,0.9477995601449292
1295704056191647744,neutral,0.3641388277251819
1295704058687356928,negative,0.020934672833058235
1295704060595703809,negative,0.0600101272615417
1295704062235746305,neutral,0.45865158599960215
1295704062332219392,negative,0.0028147659477852165
1295704063280123905,negative,0.00880774778630918
1295704063955410945,negative,0.009969028615531896
1295704064152358912,negative,0.0002584031394979267
1295704064513253376,negative,0.000475641599199418
1295704066014826498,negative,0.08001392000297493
1295704066220331008,negative,0.12601313751072224
1295704066992017409,negative,2.7346222591229113e-06
1295704067034034176,neutral,0.5495922250151081
1295704067054985219,negative,0.025952750194008528
1295704067533148161,positive,0.9085947996633359
1295704067763732481,negative,0.12601313751072224
1295704068736921601,negative,0.019901934905204827
1295704069126987776,negative,0.12601313751072224
1295704069399511040,negative,0.12601313751072224
1295704069865054210,negative,0.019901934905204827
1295704070846545920,negative,0.001156002511511639
1295704070859055104,negative,0.01529253710801164
1295704071102496768,negative,0.00011371886963053537
1295704071161225217,negative,0.031160419549967473
1295704074231451648,negative,0.019901934905204827
1295704074504081408,negative,0.05738731705847255
1295704075401658369,negative,0.00011920047949049027
1295704075561050112,positive,0.9477995601449292
1295704076177596416,negative,0.00031622893293386313
1295704077008068611,negative,0.007970020061329651
1295704077020667907,negative,0.01015436671668128
1295704077146431489,neutral,0.3619451476948216
1295704078773899264,negative,5.994491031960964e-10
1295704079788843008,positive,0.7571941426827925
1295704079889571840,negative,0.024018248256861174
1295704080216711168,negative,0.12601313751072224
1295704081676111872,neutral,0.4753276925359692
1295704083236622336,negative,0.23793590964624936
1295704083404328961,negative,4.841762102159061e-05
1295704087263092736,negative,0.09922875630911464
1295704088424910848,negative,0.17492817669194513
1295704088580182017,negative,0.13216781798733543
1295704089540665344,negative,0.0029382743303199583
1295704090337583105,negative,0.1736498928363425
1295704090371072001,negative,0.044051357276136495
1295704091298082819,negative,0.01978172325238759
1295704092849963008,negative,0.12601313751072224
1295704093332307968,negative,0.019901934905204827
1295704093852422145,negative,0.12601313751072224
1295704094779289602,negative,0.12601313751072224
1295704095588745216,negative,0.031276216163328145
1295704095622344704,negative,0.0001731737757059785
1295704097128091648,negative,0.04421896871733771
1295704099023917057,negative,0.00019023087081491657
1295704099162382337,negative,0.29899091140080736
1295704099627962371,negative,0.22051075309162918
1295704099716059136,negative,0.12601313751072224
1295704102559653888,negative,0.007582389628543555
1295704104967254016,negative,0.025952750194008528
1295704104975704066,negative,0.0024063297313619446
1295704106062041088,negative,1.694530837957576e-06
1295704106980511745,negative,0.020520135165088344
1295704107601338369,positive,0.7757378803001985
1295704107727171584,negative,0.0022506406586004658
1295704108477734912,negative,7.210351230310614e-10
1295704215143186434,negative,2.7576915926557836e-05
1295704215671709697,negative,0.0017266510043760955
1295704216758083584,negative,0.018050845174107502
1295704216971800579,negative,0.001291163829199869
1295704217332649996,negative,0.11671120820708226
1295704217542418432,negative,0.1416388564376785
1295704217999618048,negative,0.12601313751072224
1295704218129629184,negative,0.12601313751072224
1295704218557394944,negative,3.072389472119331e-06
1295704218762977280,negative,0.03669135265188776
1295704220511936512,neutral,0.3306646816629014
1295704220948193282,negative,0.24678862970466864
1295704221875085313,negative,0.033280093885533685
1295704221946384384,neutral,0.3306646816629014
1295704222609154050,negative,0.31732489718339985
1295704223313727489,negative,0.09615957085032137
1295704225369001985,negative,0.05738731705847255
1295704225431932928,negative,0.012824231632934151
1295704225805148160,negative,5.7916347329218554e-05
1295704226207866881,negative,0.020648180998639198
1295704226639773696,negative,0.22035441222533647
1295704226908250120,negative,0.024405456238622735
1295704227373776896,negative,0.03669135265188776
1295704227759652866,negative,0.025952750194008528
1295704228896407557,negative,0.002146950423868548
1295704228896419842,negative,0.12601313751072224
1295704228904804353,negative,0.16555727204251808
1295704229047304192,negative,0.015764708276380855
1295704229533949952,neutral,0.5725630642436762
1295704229538127872,negative,1.1373667979352121e-08
1295704229844328450,negative,1.3499333101736153e-05
1295704230658019329,negative,0.12601313751072224
1295704230775468032,negative,2.427019161640905e-05
1295704231773638662,negative,0.0015645295878872025
1295704231995944960,neutral,0.5886574688060328
1295704232268570624,negative,0.02097041017531454
1295704232415428610,negative,0.0358374763492017
1295704232692264961,negative,0.019901934905204827
1295704233547902976,negative,0.12601313751072224
1295704235431071749,negative,0.06011337716352138
1295704235770884096,positive,0.9376167283727307
1295704237230325761,negative,0.018075472935833604
1295704237972885506,negative,0.04350140218881862
1295704238258036736,negative,0.11914007682297054
1295704238346117121,negative,0.12601313751072224
1295704239164006401,negative,0.0032533681489490627
1295704241198305281,negative,0.13254638661114157
1295704241353437184,neutral,0.5495922250151081
1295704242045571072,negative,0.04350140218881862
1295704242058137605,negative,0.22607948269761013
1295704242326470658,negative,4.85590650699136e-11
1295704243597434883,negative,0.005799414983456606
1295704243756826624,negative,0.02946476250690468
1295704243912007681,negative,0.019901934905204827
1295704244335587334,neutral,0.4065975940473325
1295704244440498177,neutral,0.3641388277251819
1295704245229047809,negative,0.018075472935833604
1295704245333884928,negative,0.04423570668071735
1295704245778382848,negative,0.20976441277881258
1295704246009106437,negative,0.0032838839789584547
1295704246118043651,negative,0.015287937249860696
1295704246160171008,neutral,0.5700949742195746
1295704247049375749,positive,0.8767328296047523
1295704247640698881,negative,5.498483397192375e-07
1295704248941006848,negative,0.00459425206002631
1295704249498841089,negative,0.11949618887347101
1295704250169909248,positive,0.978342543989653
1295704250404818944,negative,0.04350140218881862
1295704250492887040,negative,0.018075472935833604
1295704250631192576,negative,0.019901934905204827
1295704250857787397,negative,0.06041069752420215
1295704251793121281,negative,0.12601313751072224
1295704252170608642,negative,0.14134167714666668
1295704252606750720,negative,1.816487695689031e-05
1295704252757803009,negative,0.0033486437926177975
1295704253521170432,negative,0.02132099595582579
1295704253663674369,negative,0.044051357276136495
1295704253944737792,negative,0.2512242327566499
1295704254259310592,negative,0.049023363547907664
1295704254393483264,negative,2.479994834435802e-09
1295704256633286658,neutral,0.5496678701602578
1295704257077956610,negative,0.009908282129717581
1295704257535123457,negative,0.0725084066964894
1295704257941954562,negative,0.12601313751072224
1295704257958641667,negative,0.0600101272615417
1295704258667569152,negative,0.15849072312534396
1295704259292520450,negative,0.05738731705847255
1295704260500488193,positive,0.9495077457797191
1295704260588580864,negative,1.8842916433714967e-08
1295704263079989249,negative,0.05738731705847255
1295704263386161155,negative,0.02797257883588501
1295704263520333824,negative,0.05738731705847255
1295704263906263040,negative,0.0011938802422112786
1295704265021968388,neutral,0.5518972582462882
1295704265118429185,positive,0.7571941426827925
1295704265374261249,negative,0.008257802198045826
1295704266657738753,negative,0.1831085862138982
1295704266829635584,negative,0.019901934905204827
1295704268574470144,negative,0.12601313751072224
1295704269094559746,negative,0.04637181219804546
1295704269849583616,positive,0.9450098357883242
1295704269954396160,negative,0.019901934905204827
1295704269992144902,negative,0.14134167714666668
1295704270763851777,negative,0.016250055214407876
1295704271145578497,negative,0.0020770604431821485
1295704272542281728,negative,0.12601313751072224
1295704272751996931,negative,5.688872881789047e-10
1295704272823361537,negative,0.006105280219504559
1295704273104371717,negative,1.4639504792685579e-06
1295704274521993217,negative,0.2973157069492889
1295704276543721472,negative,0.00020067782716551777
1295704278343069703,negative,0.0032838839789584547
1295704278489870336,negative,0.12601313751072224
1295704279773257729,negative,0.01761671188429687
1295704280641556481,negative,0.009274926321509516
1295704281098653696,negative,8.418688190818232e-05
1295704281857826817,negative,0.28721751195444517
1295704282034049024,negative,0.02132099595582579
1295704283149733889,negative,0.0030996458809638984
1295704286173822977,negative,0.2836863757917563
1295704286609969152,negative,0.11867180998296886
1295704287775842305,negative,0.010487078624001372
1295704289168568320,negative,0.12601313751072224
1295704291005652992,negative,0.014808859151106236
1295704292360368128,negative,1.686179336173349e-05
1295704292398071808,negative,0.0010182973572367311
1295704292586856452,negative,2.479994834435802e-09
1295704293618733056,negative,0.015527549008659276
1295704295149572097,negative,0.014209273197050518
1295704295162224641,positive,0.978342543989653
1295704295359369216,negative,0.0015542105018013096
1295704401965875200,negative,0.0021433954446389053
1295704402725150722,negative,3.072389472119331e-06
1295704403555627019,negative,0.09682843337655532
1295704405908561920,negative,0.04550932329001948
1295704406374133762,negative,0.12601313751072224
1295704406713937920,negative,0.09435043703824643
1295704406760075269,neutral,0.555920416612909
1295704406957142017,negative,0.04807388552250905
1295704407460343808,negative,0.03935964968143302
1295704408454500357,negative,0.06924054420465577
1295704408643305474,negative,0.145402450257652
1295704410237087744,negative,0.1516090625394908
1295704410975281153,neutral,0.5494811973040371
1295704411612876800,negative,0.001150404241661264
1295704412166422529,neutral,0.5496678701602578
1295704413319897088,positive,0.9984967564493797
1295704413600993281,negative,0.11982286141208336
1295704414515339265,negative,0.10810669943836544
1295704416604114944,negative,0.0625932855156542
1295704416637444097,negative,6.1293928811062925e-09
1295704416675274752,negative,0.0445056521191953
1295704417761742849,negative,5.724218641900607e-05
1295704418227191808,negative,0.0028464838235345608
1295704419154243585,negative,1.3855159367569414e-06
1295704420852932608,negative,0.12601313751072224
1295704422136393728,negative,0.14134167714666668
1295704423445004288,negative,0.0012323228312725249
1295704424166371329,negative,0.12601313751072224
1295704424774381569,negative,0.00024005306696133218
1295704426506866688,negative,0.003397107243975512
1295704426657861632,negative,5.8327012086238707e-05
1295704428247490560,negative,0.006898156947779007
1295704431439368194,negative,0.2421388024884851
1295704431930019840,negative,0.015129970492838943
1295704432433397766,negative,0.24154907255048844
1295704433402281987,negative,9.425169086419196e-07
1295704433452515328,negative,0.044051357276136495
1295704434933149696,neutral,0.567271095674514
1295704435851657218,negative,0.001150404241661264
1295704436870909957,negative,0.14134167714666668
1295704439077179392,negative,0.00011920047949049027
1295704439391690753,negative,0.012107502224219689
1295704439580315650,negative,0.1389357443319044
1295704440113172481,negative,0.0625932855156542
1295704440364769288,negative,0.02471291563086117
1295704443011375105,neutral,0.37111150485659405
1295704443271380994,negative,0.0837763170250123
1295704443338489858,positive,0.8065572845037847
1295704443481014284,negative,0.13216781798733543
1295704443611217920,negative,0.0004734185438228526
1295704444370325504,negative,0.12601313751072224
1295704444445892608,negative,0.008375238490053194
1295704444701675520,negative,0.02132099595582579
1295704444764590080,neutral,0.4170059291045184
1295704447058944001,negative,0.049023363547907664
1295704447943872513,negative,0.025952750194008528
1295704448279420930,negative,0.13588886716204207
1295704448308830210,negative,0.009964248840428408
1295704448371695617,negative,4.719230517431164e-06
1295704449290244097,negative,0.02132099595582579
1295704451177644033,negative,0.0003018925542725731
1295704451290890240,negative,0.29269589891569664
1295704451588796419,negative,0.00014596470437561488
1295704452880576513,negative,3.007602603089147e-11
1295704453035757568,negative,0.12601313751072224
1295704453606244353,negative,0.12601313751072224
1295704453769605123,positive,0.831818916272822
1295704453899837442,negative,0.1895691121933466
1295704453903986690,negative,0.010332653681365602
1295704454822596608,neutral,0.5505550505941735
1295704455460028416,negative,0.1618643530831584
1295704456080896002,positive,0.8973719440752513
1295704456747782144,negative,0.10792993368696731
1295704456898772992,negative,0.12601313751072224
1295704459016900608,negative,9.729280335516687e-08
1295704459608305664,negative,0.0007028600861979308
1295704459960553472,negative,0.12601313751072224
1295704461210456065,negative,0.025952750194008528
1295704462342922240,positive,0.8515818522181019
1295704462556831744,negative,0.005757803766098827
1295704463282442240,negative,0.00588495968617229
1295704464163315712,negative,0.05738731705847255
1295704464771489792,negative,0.00022528143995211494
1295704465639702528,negative,0.12601313751072224
1295704465652187136,negative,0.06389519469739971
1295704465983627266,negative,0.05923762722714563
1295704466650533889,neutral,0.437369725752128
1295704466717540353,negative,0.024405456238622735
1295704466931568640,negative,0.02132099595582579
1295704468307222529,negative,0.05738731705847255
1295704468533710848,negative,0.00032862021492752343
1295704468755869696,negative,0.11591685326288977
1295704469020319744,negative,0.026458342702958958
1295704470718947329,negative,5.62197089520921e-08
1295704471167807488,negative,0.014808859151106236
1295704472145088512,negative,0.12601313751072224
1295704473021689858,negative,0.019901934905204827
1295704473814343681,negative,0.0072938360075774575
1295704476041596929,negative,0.012169857429332064
1295704477333254145,negative,0.05738731705847255
1295704477614264321,negative,0.1518232555775631
1295704477924757506,negative,0.12601313751072224
1295704478633558017,neutral,0.46094695413278425
1295704478910418944,negative,0.009351680399914025
1295704480282025985,negative,0.09386000229361774
1295704480672092161,negative,0.044201155521412815
1295704482207141888,negative,0.12601313751072224
1295704585789755392,negative,0.12601313751072224
1295704586158735360,negative,0.024405456238622735
1295704589363273728,negative,0.12601313751072224
1295704589677793282,negative,0.07511897103746347
1295704590751596551,negative,0.053433677539375946
1295704591342997505,negative,0.007081698655806649
1295704591372345345,positive,0.9999995592370942
1295704591502381057,neutral,0.3709491165362941
1295704591653310464,negative,0.12601313751072224
1295704592680878082,negative,1.686179336173349e-05
1295704593129705472,negative,5.607125855626278e-06
1295704593301733379,negative,0.04147779582385276
1295704593549197313,negative,0.0005975640578054757
1295704593989500928,neutral,0.5495922250151081
1295704595172331522,negative,3.391977461273335e-07
1295704596707450881,negative,9.941554559644962e-05
1295704597193990144,negative,0.019901934905204827
1295704597231738881,negative,0.15349465114316435
1295704597781262336,negative,0.12601313751072224
1295704599974891520,negative,0.12601313751072224
1295704600868270080,neutral,0.4027521824476965
1295704601392492545,negative,0.14134167714666668
1295704602701070338,negative,0.00011920047949049027
1295704603183456256,negative,0.14134167714666668
1295704603426803713,negative,0.02797257883588501
1295704603976241154,negative,0.025952750194008528
1295704604529889280,negative,0.12601313751072224
1295704605200920578,negative,9.111707855742492e-05
1295704605670735872,negative,0.020141049699432253
1295704605674921987,negative,0.2113248210026425
1295704605679124481,neutral,0.4373255837432663
1295704605725274112,negative,0.00973253532937172
1295704606484422656,negative,0.0032838839789584547
1295704606601773056,negative,0.00030101425183518666
1295704607558115329,negative,0.12601313751072224
1295704607935680512,neutral,0.3306646816629014
1295704608048848896,negative,0.12601313751072224
1295704608245981184,negative,0.11591685326288977
1295704608690577409,negative,0.01978172325238759
1295704609437122560,negative,0.02797257883588501
1295704609919508480,negative,0.019901934905204827
1295704610229948416,negative,0.019901934905204827
1295704610422784000,negative,0.12601313751072224
1295704610812964866,neutral,0.4478757971324008
1295704611341381632,negative,0.12601313751072224
1295704611580518405,negative,0.00029534086159417757
1295704614835281921,negative,0.004471957352870698
1295704615300870144,negative,0.14134167714666668
1295704615359524864,negative,0.02017395221537928
1295704618224234496,negative,0.007150915092352314
1295704618345926657,positive,0.9906547798922092
1295704618408845312,negative,7.376077689446368e-05
1295704618408857600,negative,0.10089289487434884
1295704618958073856,negative,0.005453240419162826
1295704619885244418,negative,0.0005960794063345932
1295704620082384896,neutral,0.5505550505941735
1295704620258516992,negative,0.2683242074845848
1295704620556144643,negative,0.07444369563127802
1295704620728287232,negative,4.559536323881631e-06
1295704621340594184,negative,2.072285398504131e-05
1295704621751701504,negative,0.09454156424579581
1295704621978198016,negative,0.054822153596434636
1295704622187896835,neutral,0.6385492691315577
1295704622359891968,negative,0.0004989025182391388
1295704622393430016,negative,0.0013414338283484182
1295704626348646402,positive,0.8421741811613244
1295704627787247617,negative,0.0002047870926257499
1295704627841830912,neutral,0.6563131832915976
1295704628462522368,negative,0.12601313751072224
1295704629129486338,negative,0.0001052587004302374
1295704629192331265,negative,0.10568789503796296
1295704629729255426,negative,0.09612350176333716
1295704630387605510,negative,0.002522579225359293
1295704631188901888,negative,0.00015346569853918462
1295704631541215232,negative,3.8942034567452837e-07
1295704632233209859,positive,0.8023475604602576
1295704632929464322,negative,8.611134808275699e-06
1295704633307017222,negative,0.12601313751072224
1295704634204590081,negative,0.00015346569853918462
1295704634808569856,negative,0.07664651025777428
1295704635592912901,negative,0.015155967078824224
1295704637400645632,negative,0.18760591002833268
1295704638117863425,negative,0.0035045495257637616
1295704638210158597,neutral,0.5652309771345115
1295704639179038722,negative,0.012541281466654959
1295704639409709058,negative,0.00017235508093306335
1295704639443275776,negative,0.019901934905204827
1295704639648813058,negative,0.019901934905204827
1295704642467373056,negative,6.263415243399385e-06
1295704643566292993,negative,0.04350140218881862
1295704643574607872,negative,0.012997222388158333
1295704643717210115,negative,0.12601313751072224
1295704644157661184,negative,0.04550932329001948
1295704645017444352,negative,0.019901934905204827
1295704645646667776,negative,0.055784426614416155
1295704646095339520,negative,0.08007641557858117
1295704646103621633,negative,0.1693649827076474
1295704648406446081,negative,0.15668612546464117
1295704648410685440,negative,0.024405456238622735
1295704648481824776,negative,9.729280335516687e-08
1295704648540729345,positive,0.9313327198443845
1295704649958383617,negative,1.4639504792685579e-06
1295704651594178561,neutral,0.5344029679637843
1295704651707420672,negative,0.044051357276136495
1295704653418631168,positive,0.8488165120044828
1295704653712240641,negative,0.08007641557858117
1295704654622449664,negative,0.12601313751072224
1295704655159275520,neutral,0.3403391890910929
1295704656056684544,negative,0.0600101272615417
1295704657701019648,neutral,0.555920416612909
1295704657923313665,negative,5.929974285857408e-06
1295704658086965248,negative,0.001005457773570323
1295704658107936773,negative,0.13216781798733543
1295704658699153408,negative,0.2178907049360645
1295704658795732992,negative,0.12601313751072224
1295704662507761665,neutral,0.3619451476948216
1295704662994296833,negative,0.12601313751072224
1295704663506001921,negative,1.6395967586671367e-05
1295704664227414016,negative,0.06161537906806061
1295704664323825665,negative,0.12601313751072224
1295704664978096129,negative,0.0004989025182391388
1295704780921286656,negative,0.12601313751072224
1295704781625987073,negative,0.0011938802422112786
1295704782120923138,negative,3.8791195546245644e-08
1295704782959771648,negative,0.026458342702958958
1295704783140147205,negative,7.752480450362732e-06
1295704783152652290,negative,0.012997222388158333
1295704783370821637,negative,0.22509340799769706
1295704784662663170,negative,0.14134167714666668
1295704785065254913,negative,0.019901934905204827
1295704785086296064,negative,0.12601313751072224
1295704785476345856,negative,7.856024534530377e-05
1295704786050981888,negative,0.09722033480454123
1295704786927484931,negative,0.00014883651790355493
1295704787862855680,negative,0.13215719701600073
1295704789544767490,negative,0.01978172325238759
1295704790022979585,negative,0.12601313751072224
1295704790882713601,negative,0.2071251955952833
1295704792266924032,negative,0.012649580987542618
1295704792610865158,negative,0.012997222388158333
1295704792636039169,negative,0.04350140218881862
1295704793277767681,negative,0.12601313751072224
1295704793302929408,neutral,0.49789225920557484
1295704793458061312,negative,0.08007641557858117
1295704794171138048,negative,8.418688190818232e-05
1295704796092149760,positive,0.7509082171332925
1295704796163342336,negative,0.09601791824739772
1295704796935184386,negative,0.001150404241661264
1295704797207769088,negative,0.12601313751072224
1295704797664944129,negative,0.12601313751072224
1295704798310924299,negative,0.0043781670480642415
1295704798650601473,neutral,0.41750133094319974
1295704799057457163,negative,0.19068623223365655
1295704799258836997,negative,0.001005457773570323
1295704801725095936,negative,0.02132099595582579
1295704804849852422,negative,0.001291163829199869
1295704804992454657,negative,0.12601313751072224
1295704805030191104,negative,0.015578842003082191
1295704806523383809,negative,0.00011510308476077163
1295704806699540480,negative,0.054822153596434636
1295704808087846912,negative,0.09615957085032137
1295704808649883649,neutral,0.35948143253622666
1295704809107066880,negative,0.12524064189385517
1295704809404796929,negative,0.00011878864516568124
1295704809773903872,negative,0.12601313751072224
1295704813439782914,negative,0.22973192621227337
1295704813624274945,negative,1.3290059832167561e-05
1295704814937145345,negative,8.418688190818232e-05
1295704815104925696,negative,0.018050845174107502
1295704815595663361,negative,6.6540675055669985e-06
1295704817948647424,negative,0.09016400970450879
1295704818267365377,negative,0.00016757629713277307
1295704818896510976,negative,0.025952750194008528
1295704818904948736,negative,0.04350140218881862
1295704820037320704,negative,0.005661991519484838
1295704820062597124,negative,0.12601313751072224
1295704820716843010,negative,0.007445034716832753
1295704821610287105,negative,5.3853310653163774e-08
1295704821727731715,negative,0.12228363187081571
1295704821840977922,negative,0.12601313751072224
1295704822428180481,negative,2.9600970132082867e-11
1295704824168747009,negative,1.3817556364256519e-08
1295704825229967360,negative,0.019901934905204827
1295704826656051202,negative,3.25722101444236e-05
1295704827054510083,negative,0.12601313751072224
1295704827171938305,positive,0.9929638808657023
1295704827905716224,negative,0.034581623450589356
1295704828480561152,neutral,0.49789225920557484
1295704828576923650,negative,0.013077932065550612
1295704828690214913,negative,0.012107502224219689
1295704829810151425,negative,0.12601313751072224
1295704829998899200,negative,0.12601313751072224
1295704831018127360,negative,0.0009791303672776505
1295704831307415555,negative,0.12601313751072224
1295704831399809024,negative,0.026494426222220206
1295704831827509255,negative,0.09242629827229783
1295704831936602112,negative,0.12601313751072224
1295704832158949376,negative,0.29706937192678656
1295704832783851520,negative,0.12601313751072224
1295704833018728455,negative,0.12601313751072224
1295704833106771970,negative,0.0032533681489490627
1295704834914562052,neutral,0.5655425144579154
1295704835510145025,negative,0.0028464838235345608
1295704836533411840,negative,0.001975243088419767
1295704838819512320,negative,0.15470183371835994
1295704840086134785,negative,0.14134167714666668
1295704840660824064,negative,1.8731437025814435e-06
1295704840933449728,negative,0.041097832655170315
1295704841071845378,negative,8.320274930410065e-05
1295704841076056064,neutral,0.3306646816629014
1295704841218646023,negative,0.004626519617146576
1295704841587757057,negative,0.0003415993858871072
1295704842577620998,negative,0.0043850975670923905
1295704844188213248,negative,0.00044742314834319826
1295704844959985664,negative,0.1807246164455315
1295704845396185088,negative,0.034581623450589356
1295704846595743744,negative,0.0011542263850287133
1295704846872477696,negative,5.237910165376198e-10
1295704847149301760,negative,0.014779340207084542
1295704848374136837,positive,0.9368429545044105
1295704848696999942,negative,0.0027368634312498323
1295704849649217539,negative,1.6106489411962936e-05
1295704849812783105,negative,0.12601313751072224
1295704851486322688,negative,0.024405456238622735
1295704852157300741,negative,2.2371947374591022e-06
1295704852861984774,negative,0.2512242327566499
1295704853818355712,negative,6.849023803553776e-05
1295704854023802881,negative,0.019901934905204827
1295704962832506882,negative,0.18987316895698492
1295704962979291137,negative,2.3685507452643395e-14
1295704963637805056,negative,0.00013588788282992902
1295704964044673025,negative,4.3444438905954764e-11
1295704964161994753,negative,0.07444369563127802
1295704964992565248,negative,0.046754601545680126
1295704966561181698,negative,0.3140380540806584
1295704967085461504,negative,0.025952750194008528
1295704967198781446,negative,0.14576950126383456
1295704969023238150,negative,0.03109200885225527
1295704969174294528,negative,0.019901934905204827
1295704970474512384,negative,0.00392730857494473
1295704971158204417,negative,0.04807388552250905
1295704973993480192,negative,1.4131056152855391e-09
1295704974018711554,negative,0.20348124742185403
1295704974152929281,negative,0.22509340799769706
1295704974660382722,negative,0.01166965088071808
1295704974987595776,negative,0.019901934905204827
1295704975868338177,negative,0.12601313751072224
1295704976539475969,negative,0.12601313751072224
1295704976568786945,negative,0.012865916195886886
1295704976694677505,negative,7.771126766898455e-08
1295704978322006018,negative,0.14134167714666668
1295704978892283905,negative,0.0003339388543091272
1295704979064397824,negative,0.002247596767237095
1295704979416776704,negative,0.03769540738213657
1295704979525849090,negative,0.23475993127835598
1295704979798458368,negative,1.6807280443145558e-06
1295704979894939649,negative,9.943840811350005e-06
1295704981178322945,negative,0.0005707288715266583
1295704981941739525,negative,0.019901934905204827
1295704981962555393,negative,0.0012323228312725249
1295704982268850183,negative,4.037472112426001e-06
1295704984487690240,negative,0.05239345074814308
1295704984957399040,negative,0.11614554673203106
1295704985179688961,negative,7.303715170917331e-11
1295704985418764288,negative,0.00963839754669758
1295704985490149378,neutral,0.38348152311486716
1295704987557859329,negative,0.00118268752094486
1295704987629244421,negative,0.15330673094831065
1295704988182880257,negative,0.044051357276136495
1295704988581277696,negative,1.6790720993342289e-06
1295704989512486912,positive,0.9477995601449292
1295704990259044353,negative,0.06801611865827734
1295704990317780994,negative,0.2546735374994402
1295704990565183489,negative,0.12311761039440322
1295704990816796672,negative,0.12601313751072224
1295704991009824769,negative,0.024405456238622735
1295704991697600512,negative,0.058932958273340566
1295704992142233600,negative,0.00937851268629789
1295704992226123786,neutral,0.4534548359756535
1295704992859533313,negative,0.03263686538421895
1295704993127960576,negative,0.0566707284098921
1295704993748713474,neutral,0.3439960594578772
1295704993841008641,negative,0.00012975839306482833
1295704995514515462,negative,0.12601313751072224
1295704997217345543,negative,0.09029475634524627
1295704997896818688,negative,0.014288267233821542
1295705000174329856,negative,0.02132099595582579
1295705000790941697,negative,0.004897277995918001
1295705001394950148,negative,0.12601313751072224
1295705001533345792,negative,0.004346223592228677
1295705002141417473,negative,0.020648180998639198
1295705002800041991,positive,0.7571941426827925
1295705004997844992,negative,0.11614554673203106
1295705005811535873,positive,0.8364860004538318
1295705006117715969,negative,0.14134167714666668
1295705006344151040,negative,0.12601313751072224
1295705006654529536,negative,3.899814807736284e-06
1295705006876823552,neutral,0.3448789537043245
1295705008739168257,negative,0.05738731705847255
1295705009301196800,negative,0.05991339020560473
1295705010387349505,negative,0.019901934905204827
1295705010551087104,negative,0.12601313751072224
1295705011696140290,negative,2.1294181820712542e-05
1295705013113692160,negative,0.07105737545080415
1295705014623772672,negative,0.00022528143995211494
1295705015592587266,neutral,0.36095958222040864
1295705016959811590,negative,0.06530220685612903
1295705017463312386,positive,0.7571941426827925
1295705018016903173,negative,0.12601313751072224
1295705018792894464,negative,0.2410028148692255
1295705019061346305,negative,0.12601313751072224
1295705019610730496,neutral,0.6144662847864107
1295705019610791936,negative,0.0021652035813242154
1295705020881612800,negative,0.2071251955952833
1295705021582123016,negative,0.1070677412283924
1295705023226183680,negative,0.02144636735577473
1295705024329383937,negative,0.019901934905204827
1295705024551694336,negative,0.0001476276444448988
1295705025239556097,negative,0.12601313751072224
1295705025260519424,negative,0.10396600402265237
1295705026070011905,negative,0.019901934905204827
1295705028167073796,neutral,0.4645148809489713
1295705029492592640,negative,0.02624930556814482
1295705030432096256,negative,0.12601313751072224
1295705030809485317,negative,0.13820263616898912
1295705031157612545,negative,0.04350140218881862
1295705031585521666,negative,0.10396600402265237
1295705032684380161,negative,0.12601313751072224
1295705033070190598,negative,0.0600101272615417
1295705033397415936,neutral,0.5275175620207735
1295705033665916928,negative,0.00013275692607053348
1295705033816907776,negative,0.001150404241661264
1295705035087572994,negative,0.029915397164661375
1295705035263938562,negative,0.10396600402265237
1295705035859427329,negative,3.213677255069277e-09
1295705036027244545,negative,0.001150404241661264
1295705036404797441,negative,0.09563584457623177
1295705037499518978,negative,0.12601313751072224
1295705038069862400,negative,0.12601313751072224
1295705038606802944,negative,0.0015992900435304878
1295705039084945409,negative,8.418688190818232e-05
1295705039105916933,negative,0.00017479285398652107
1295705039525367809,negative,0.032548156927839474
1295705039609241602,negative,0.02132099595582579
1295705039630147585,negative,0.010714463438518366
1295705040741634050,negative,0.12601313751072224
1295705041492480003,negative,1.842643242456238e-05
1295705145238462464,negative,0.028026197745727153
1295705147218243585,neutral,0.4185792982808994
1295705148065566720,negative,0.12601313751072224
1295705148233101314,negative,0.10396600402265237
1295705148463906818,negative,0.18939461335391194
1295705149105741824,negative,3.3692117205931704e-09
1295705149932032006,negative,0.12601313751072224
1295705150305304577,negative,0.0006893139723907056
1295705150468829184,negative,0.20324586410364273
1295705150514962432,neutral,0.33113200015936756
1295705151492235264,negative,0.005346318772076108
1295705151639105536,negative,0.12601313751072224
1295705151781691394,positive,0.7591951437464344
1295705151852941312,negative,0.12601313751072224
1295705152507314176,negative,0.12601313751072224
1295705152930959360,negative,0.04350140218881862
1295705153010577408,negative,0.019901934905204827
1295705153597775874,negative,0.04350140218881862
1295705153660694529,neutral,0.6563131832915976
1295705154608668674,negative,2.4993220491118347e-05
1295705154843488257,negative,0.29706937192678656
1295705155367776257,negative,5.422327001352766e-08
1295705155653042177,negative,0.12601313751072224
1295705156135288832,negative,0.08007641557858117
1295705157779456000,negative,0.12601313751072224
1295705158349971456,negative,0.20976441277881258
1295705158865887232,positive,0.7571941426827925
1295705160614924297,negative,0.1463792685905948
1295705160652554242,neutral,0.3448789537043245
1295705161197903872,negative,0.019901934905204827
1295705161273352193,neutral,0.43492002157381665
1295705162825240578,negative,0.20926325795826467
1295705164486250497,negative,0.019901934905204827
1295705164947521536,negative,0.10873084537464295
1295705165018923008,negative,0.12601313751072224
1295705166088491008,negative,0.001291163829199869
1295705166377881601,negative,2.479994834435802e-09
1295705166809903110,negative,2.5887597505770814e-05
1295705168907042817,negative,0.0015542105018013096
1295705169154506752,negative,0.0600101272615417
1295705171142615043,negative,0.12601313751072224
1295705171411034112,negative,0.12601313751072224
1295705173248049153,negative,0.019901934905204827
1295705174057668608,negative,0.009964248840428408
1295705174078611457,negative,0.044051357276136495
1295705174217039872,negative,0.025952750194008528
1295705174644854784,negative,0.3140380540806584
1295705174699278336,positive,0.855536741868418
1295705175106236417,negative,0.011124306708046535
1295705175525597184,negative,0.12601313751072224
1295705177010450432,negative,0.0017582167907408011
1295705179094945793,negative,0.0012323228312725249
1295705179652849664,negative,0.02620829743518474
1295705179849883650,negative,0.011151595823809033
1295705181309501440,negative,0.014399357648954688
1295705182010056710,negative,0.12601313751072224
1295705182018428928,negative,4.1705038382545096e-05
1295705182165139456,negative,0.04350140218881862
1295705182668562433,negative,1.133303766776012e-09
1295705183255756801,negative,0.1837859889002491
1295705183977078784,negative,0.17829294110865151
1295705184815980544,negative,0.12601313751072224
1295705185210294272,negative,0.04295499722900272
1295705186523062272,negative,0.02181583869154762
1295705187127037953,negative,0.09242629827229783
1295705189601759239,positive,0.7571941426827925
1295705190067245058,negative,0.019901934905204827
1295705190100865024,negative,0.0015542105018013096
1295705191539499013,neutral,0.6563131832915976
1295705193825423360,negative,0.12601313751072224
1295705194798419969,negative,0.14134167714666668
1295705196396515328,negative,0.0016155612316138077
1295705196690051072,negative,0.00011510308476077163
1295705197042446340,neutral,0.3996580091506196
1295705197159882753,negative,0.12601313751072224
1295705197226766337,negative,0.0012323228312725249
1295705197319258112,negative,0.12601313751072224
1295705197382074369,negative,0.002146950423868548
1295705198497857536,negative,0.0033881428116650106
1295705198787203073,negative,0.16391230051110056
1295705198816571394,negative,0.012917762795926331
1295705200079056896,positive,0.9955006983519805
1295705200880230401,negative,5.306193393812519e-07
1295705201123504134,negative,0.14134167714666668
1295705201140273153,negative,0.02132099595582579
1295705201446473728,negative,0.044051357276136495
1295705202838982658,negative,0.001005457773570323
1295705203560284168,negative,3.894778037424743e-06
1295705204353126401,negative,0.12601313751072224
1295705204411834368,negative,0.0007744360818445019
1295705205800148995,negative,0.019901934905204827
1295705208920702976,negative,0.013063292406893051
1295705209319108609,negative,0.10048846400266408
1295705211122655239,negative,0.006934852627921999
1295705211877687296,negative,0.10497283817372759
1295705212204855296,negative,0.0003618336891683814
1295705213362372613,negative,0.012169857429332064
1295705213526061058,negative,0.12601313751072224
1295705213639307268,negative,0.004584613051344584
1295705213647704065,negative,0.019901934905204827
1295705213698027520,negative,0.1536591486563472
1295705214620782606,negative,0.08007641557858117
1295705216386465792,negative,8.750409751774793e-06
1295705216873041920,negative,0.021533469754306103
1295705216885633024,negative,0.08929308834245993
1295705217158324224,negative,0.0013694847431365423
1295705218500497409,negative,0.26090090315184916
1295705218529873921,negative,0.04807388552250905
1295705219570032640,negative,1.3290059832167561e-05
1295705220589199360,positive,0.7284647370234739
1295705221444796416,negative,0.0032533681489490627
1295705223034540032,negative,0.12601313751072224
1295705223034556417,negative,0.019901934905204827
1295705224053653504,negative,0.025704382397849022
1295705224095707137,negative,0.025952750194008528
1295705224649285632,negative,0.001005457773570323
1295705225186217984,negative,0.00051617285162906
1295705225685327875,negative,3.1932377036407975e-09
1295705225714638850,negative,0.12601313751072224
1295705335584501762,negative,0.12601313751072224
1295705336431677443,negative,0.12601313751072224
1295705336532402176,negative,0.08524408374204993
1295705337333506048,negative,0.04807388552250905
1295705339581607938,negative,0.14134167714666668
1295705340412133378,negative,0.12601313751072224
1295705340714123264,negative,0.024259826599283975
1295705341125156864,negative,0.12601313751072224
1295705341829808128,negative,0.000698338266620212
1295705342014369798,negative,5.398891048761519e-05
1295705342404431873,negative,0.02132099595582579
1295705342588878849,negative,0.12601313751072224
1295705343046176769,negative,0.317955616456911
1295705343239032834,negative,0.001005457773570323
1295705343373312004,negative,0.12601313751072224
1295705343520133120,negative,0.019901934905204827
1295705343591419904,negative,0.12601313751072224
1295705344216387584,negative,3.25722101444236e-05
1295705345856331784,negative,0.025952750194008528
1295705346296516609,negative,0.15668612546464117
1295705347395596294,neutral,0.5452842757330861
1295705348666527744,negative,0.024405456238622735
1295705348796383233,negative,0.0012323228312725249
1295705349295661056,neutral,0.5916122031609724
1295705349723426816,negative,0.12601313751072224
1295705349991931905,neutral,0.5886574688060328
1295705350121938951,negative,0.12601313751072224
1295705350667218945,negative,1.663150126163002e-05
1295705353120886786,negative,5.493298777440544e-05
1295705353515130885,negative,0.08521429507959666
1295705353737445377,negative,0.2071251955952833
1295705354060390406,negative,0.019901934905204827
1295705354207207425,negative,0.03669135265188776
1295705354462990337,negative,0.0018657919984342661
1295705356396445696,negative,0.04350140218881862
1295705357130633216,negative,0.018075472935833604
1295705357432520709,negative,1.7207395958802774e-05
1295705358019760129,negative,0.20348124742185403
1295705358309167104,negative,0.10465200453960727
1295705359382962181,negative,0.019901934905204827
1295705360133758978,negative,0.12601313751072224
1295705361547223043,negative,0.1389357443319044
1295705362813931520,negative,0.12601313751072224
1295705362960715778,negative,0.14134167714666668
1295705363153657856,negative,0.001150404241661264
1295705364722331649,negative,0.13608456317456463
1295705365225574406,negative,0.12601313751072224
1295705365456269312,neutral,0.40164566407707886
1295705365498064897,negative,0.00024520618202758505
1295705367104696324,negative,0.01166965088071808
1295705367389908992,positive,0.7571941426827925
1295705368262303745,negative,3.250365798039838e-08
1295705368572682241,neutral,0.5495922250151081
1295705369080139778,negative,0.23649811240819985
1295705369126338561,negative,0.0015279979606158424
1295705369302437891,negative,0.024405456238622735
1295705369478606850,negative,0.024405456238622735
1295705369713336321,negative,0.0012323228312725249
1295705370334298119,negative,0.12601313751072224
1295705372192378880,negative,1.230222888497161e-05
1295705372322336769,negative,0.0001679865422654221
1295705372397838336,negative,0.025952750194008528
1295705372959879168,negative,0.1148251099443165
1295705375690326016,negative,0.019901934905204827
1295705376588013568,negative,0.024405456238622735
1295705377674231810,negative,0.012454995474085658
1295705378282450946,negative,0.01166965088071808
1295705378651623425,negative,1.4021107815248547e-08
1295705379507187712,negative,9.422244289535985e-10
1295705379687497728,negative,0.02132099595582579
1295705381004509185,negative,0.12601313751072224
1295705381507870721,negative,0.05471595009194623
1295705381545676805,neutral,0.3448789537043245
1295705382342610944,negative,0.317955616456911
1295705383667785728,negative,0.08007641557858117
1295705383797788673,negative,2.3684846656328532e-09
1295705384267776002,negative,0.1736532366578179
1295705385609953281,negative,0.13129783353392396
1295705386461179906,negative,9.729280335516687e-08
1295705387228958720,negative,3.25722101444236e-05
1295705388319477761,negative,0.12601313751072224
1295705389376430080,negative,0.02132099595582579
1295705390903103488,negative,0.019901934905204827
1295705391200980992,negative,0.12601313751072224
1295705391662333952,negative,0.009165942474813612
1295705392161239040,negative,0.0004379785063308227
1295705392266334208,negative,2.7576915926557836e-05
1295705392312459264,negative,0.00011510308476077163
1295705393205669888,negative,0.05387137583365565
1295705393532993538,negative,0.0012323228312725249
1295705393738452992,negative,0.08013171148818889
1295705393939861505,negative,0.09368427132668455
1295705396095660033,negative,0.019901934905204827
1295705396917735424,negative,0.0990231081459109
1295705397014274049,negative,0.019901934905204827
1295705397341421571,neutral,0.6563131832915976
1295705397693681665,negative,0.12601313751072224
1295705397827960832,negative,0.14134167714666668
1295705398385741826,negative,0.0013581052953335253
1295705398666821638,negative,0.018270212912526243
1295705400172408833,negative,0.0004498087860835411
1295705400428441600,negative,0.08007641557858117
1295705403871961091,negative,0.011880842319512037
1295705404123602944,negative,0.03669135265188776
1295705404685475841,negative,0.0012323228312725249
1295705404765286400,negative,2.0624576770130014e-08
1295705405079916546,negative,0.2071251955952833
1295705405084106753,negative,0.23649811240819985
1295705405088239618,negative,0.317955616456911
1295705405440630785,negative,0.0200426140791803
1295705406187216934,negative,0.12601313751072224
1295705406199734272,negative,0.02797257883588501
1295705406270996481,negative,0.012723223352748777
1295705406271033345,negative,0.0011672230627951608
1295705406740877317,negative,0.0022066791927408086
1295705407533404162,negative,0.0004989025182391388
1295705407919456257,negative,0.20348124742185403
1295705408959647745,negative,0.29706937192678656
1295705410146652160,negative,0.019901934905204827
1295705410784186369,negative,0.019901934905204827
1295705522616676352,neutral,0.330326415791135
1295705524491751424,neutral,0.4243093589660283
1295705524818923520,negative,0.0017266510043760955
1295705526387474432,negative,8.61277669189921e-08
1295705526576218112,negative,0.0012323228312725249
1295705527612313600,negative,0.12601313751072224
1295705528107184128,negative,0.0011287800816248696
1295705529306750977,negative,1.874659798396026e-11
1295705529709473792,negative,0.00011401134502993053
1295705530405724160,negative,0.004077047471764551
1295705530648932353,positive,0.978342543989653
1295705531252912129,negative,0.004583432996105316
1295705531261358082,negative,0.025952750194008528
1295705531705769984,negative,0.0016746086920588596
1295705531999490048,positive,0.7571941426827925
1295705535199817728,negative,0.14576950126383456
1295705535392763904,negative,0.12601313751072224
1295705535501807616,negative,0.0017044512010052923
1295705535908634625,negative,0.02851089400483375
1295705537183715333,negative,0.005806690407103588
1295705537921921027,negative,0.003093128257071502
1295705538295201794,negative,4.5788975388999693e-07
1295705539645771777,negative,0.20324586410364273
1295705539880640514,negative,0.14134167714666668
1295705540014813186,negative,4.512750308619222e-13
1295705540039933957,negative,9.729280335516687e-08
1295705540060950528,negative,3.258832923009051e-05
1295705540493037570,negative,0.00014814656994986618
1295705541319299073,negative,0.014107122960946378
1295705543642959877,negative,0.14134167714666668
1295705544712499200,negative,0.12601313751072224
1295705545014489089,negative,0.011151595823809033
1295705545140318220,negative,0.019901934905204827
1295705546343845893,negative,0.010332653681365602
1295705547665289216,positive,0.8578607450362098
1295705548260872193,negative,0.0004989025182391388
1295705548768174085,negative,0.299013205241305
1295705549472968707,positive,0.9999576603531877
1295705549565308929,negative,0.0037007295488750373
1295705549737095169,negative,0.08007641557858117
1295705550274076673,negative,0.10497283817372759
1295705550295126017,negative,0.10385394694798021
1295705550580260864,neutral,0.3306646816629014
1295705550920003584,negative,0.12601313751072224
1295705550957752320,negative,0.005011638989244223
1295705553516273664,negative,0.003093128257071502
1295705553570861057,negative,0.001150404241661264
1295705554241945600,negative,0.14134167714666668
1295705554514513921,negative,0.019901934905204827
1295705554854318081,negative,3.7916832056545794e-19
1295705555194073088,negative,0.12601313751072224
1295705555248517125,neutral,0.5700949742195746
1295705555491860481,negative,0.0014692198023043862
1295705557064613890,negative,0.10385394694798021
1295705557446402055,negative,0.2836863757917563
1295705559392452608,neutral,0.35948143253622666
1295705560256516097,negative,8.418688190818232e-05
1295705560696983553,negative,0.12601313751072224
1295705561074368512,neutral,0.6130467719184545
1295705562760478722,negative,8.418688190818232e-05
1295705563347800064,negative,7.925547399407872e-14
1295705563666550785,negative,0.025952750194008528
1295705564446687232,negative,0.12601313751072224
1295705564668928010,negative,0.0019101703750569739
1295705564736086016,positive,0.9108092757545855
1295705565302272001,neutral,0.43492002157381665
1295705565398695936,negative,1.6851972476374545e-07
1295705565428097025,negative,0.018208962661737937
1295705565595918336,negative,0.0028752542027551753
1295705567068131329,negative,0.07297986551897258
1295705567718248449,negative,0.00011510308476077163
1295705568292687873,negative,5.398891048761519e-05
1295705569727262721,negative,0.0022066791927408086
1295705570159337472,negative,0.23649811240819985
1295705570394112001,negative,0.05766129786757165
1295705572055097349,negative,0.2752809062110171
1295705572436828162,negative,0.12601313751072224
1295705572986290176,negative,0.019901934905204827
1295705573309194240,negative,0.0011840743797577762
1295705573716045825,negative,0.2512242327566499
1295705574534008832,negative,0.12601313751072224
1295705575586701314,negative,0.12601313751072224
1295705577524518915,negative,0.14134167714666668
1295705578027790336,negative,0.14764132238546426
1295705578774429696,negative,4.6467360427077546e-07
1295705578912784384,negative,0.12601313751072224
1295705579311239171,negative,0.001517979537827915
1295705579852357634,negative,0.026996595406305432
1295705579898515458,negative,0.12601313751072224
1295705580502384641,negative,0.13129783353392396
1295705581379100672,negative,0.015353138009408069
1295705581412651011,negative,0.09922875630911464
1295705582482132993,negative,0.0015542105018013096
1295705582641479681,negative,0.03138333274078604
1295705582918225921,negative,0.010360117909559367
1295705582985453568,negative,0.026458342702958958
1295705584499556353,negative,0.015986331008201234
1295705584759705600,negative,0.07503022781641602
1295705584776499200,negative,0.0016544375600636367
1295705585929904129,negative,0.018208962661737937
1295705586995204097,negative,0.0837763170250123
1295705587678937090,negative,0.12601313751072224
1295705587808960513,negative,0.12601313751072224
1295705587976671232,negative,0.29269589891569664
1295705587985113089,negative,0.04195256899126127
1295705588811390976,negative,0.2301917679834784
1295705589310464002,negative,0.317955616456911
1295705589557932032,negative,0.0032533681489490627
1295705590082211842,negative,0.05271261943704374
1295705590593916930,negative,0.14134167714666668
1295705590606503936,negative,0.024405456238622735
1295705590799491073,negative,0.11591685326288977
1295705590983991296,negative,0.04350140218881862
1295705591168602113,neutral,0.340968632410737
1295705591365677058,negative,0.18406598566628962
1295705591533494273,negative,0.05663827788239478
1295705591655079936,negative,7.752480450362732e-06
1295705592401498112,positive,0.9999573987028738
1295705592598794242,negative,0.00043494067804579896
1295705593722875905,negative,0.019901934905204827
1295705594544795648,negative,0.0012323228312725249
1295705594641383425,neutral,0.5496678701602578
1295705594935087104,negative,0.0037007295488750373
1295705595375423488,neutral,0.6563131832915976
1295705595446792192,negative,0.00044457546978713324
1295705596189122560,negative,2.7576915926557836e-05
1295705596709212162,negative,0.05738731705847255
1295705598621708290,negative,0.014779340207084542
1295705599167135744,negative,0.12601313751072224
1295705713495482368,negative,0.0035918473834886206
1295705713621315585,negative,0.001291163829199869
1295705716318240768,negative,0.10009065629389999
1295705716632817664,negative,0.0011085433835154742
1295705717391994885,negative,0.29706937192678656
1295705717941383170,neutral,0.5495922250151081
1295705718021128196,negative,2.4993220491118347e-05
1295705718293557249,negative,0.04472038471631051
1295705719128436736,negative,0.02132099595582579
1295705719862374402,negative,0.021047604541539443
1295705719954649089,negative,0.041097832655170315
1295705720298573824,neutral,0.5916122031609724
1295705720621608961,negative,0.12601313751072224
1295705720634122240,negative,0.11914007682297054
1295705721422700549,negative,0.12601313751072224
1295705721468628992,negative,0.0012323228312725249
1295705721754062849,neutral,0.40754639812590576
1295705721804394497,negative,0.29354048216691747
1295705722307653633,negative,0.12601313751072224
1295705725394657281,negative,0.04807388552250905
1295705725583360002,negative,0.0011085433835154742
1295705726514495489,negative,2.4894656233349875e-09
1295705726631981056,negative,0.06149121531364979
1295705726703345664,negative,0.1631511005000506
1295705727042977792,negative,0.025952750194008528
1295705727642763266,neutral,0.38006962912221015
1295705727936364544,negative,0.024405456238622735
1295705729723174916,negative,0.12601313751072224
1295705730297876480,negative,0.001150404241661264
1295705731409338368,negative,4.0622511172654185e-08
1295705731732307968,negative,0.0024047814322894654
1295705732067799040,negative,0.00011510308476077163
1295705735045816320,negative,0.1336143813630794
1295705735872024581,neutral,0.6563131832915976
1295705736207650821,positive,0.9368429545044105
1295705736627003393,negative,0.12601313751072224
1295705736832585728,negative,0.08906242996097917
1295705737642074113,positive,0.9975319387926562
1295705739151974408,negative,0.20348124742185403
1295705739814670342,negative,0.11696179443743052
1295705740137693185,negative,0.07424181441563991
1295705740246683654,negative,0.04568025497575806
1295705740641017859,negative,0.19396514229721507
1295705740779433984,negative,0.024405456238622735
1295705740951326721,negative,0.0011942654795542582
1295705743258193921,negative,0.05736422592685412
1295705743832813568,positive,0.7261336165900815
1295705745011466240,negative,0.08899187371704277
1295705745569259522,negative,0.019901934905204827
1295705745942614020,negative,0.02852139504136657
1295705745967767552,negative,0.12601313751072224
1295705746068443137,negative,6.622945459362935e-05
1295705747205103617,positive,0.8326032565943451
1295705747649630209,negative,0.0010182973572367311
1295705749432283136,negative,0.019901934905204827
1295705749713227783,neutral,0.6537474969498027
1295705750078185473,negative,0.12601313751072224
1295705750967287809,negative,0.025952750194008528
1295705751202275328,negative,0.010142463236671184
1295705752376680448,negative,0.09566708362587549
1295705753169416194,negative,0.019901934905204827
1295705753609797632,negative,0.0001731737757059785
1295705753894952961,negative,0.030182479681499053
1295705755358822400,neutral,0.43492002157381665
1295705756440961031,negative,1.831468735373716e-07
1295705757296533504,positive,0.9016691302795844
1295705757350948864,positive,0.7595804122242467
1295705757355249664,negative,0.06829271856893139
1295705757594390528,negative,0.14134167714666668
1295705757699248129,negative,0.12601313751072224
1295705758940700673,negative,0.01980188107397208
1295705760110907400,negative,0.12601313751072224
1295705760731627561,negative,0.0009791303672776505
1295705763692908545,negative,0.12601313751072224
1295705763957047296,negative,0.12601313751072224
1295705764141707264,negative,0.258694752943103
1295705764284301312,negative,0.0009791303672776505
1295705764905078790,negative,0.2659783769829233
1295705765714505730,negative,0.019901934905204827
1295705767853596674,negative,0.05057420138077534
1295705768646316032,negative,0.054822153596434636
1295705769854337024,negative,7.752480450362732e-06
1295705770953244672,negative,0.0011938802422112786
1295705771037151233,negative,0.024405456238622735
1295705771875995649,negative,0.044526527381937644
1295705773247430662,negative,0.08007641557858117
1295705774727946240,negative,2.479994834435802e-09
1295705774803554304,negative,0.24486667257130776
1295705774887510017,negative,0.20348124742185403
1295705775361478656,negative,0.014779340207084542
1295705775608913921,negative,0.0004898281018770106
1295705777169215488,negative,0.012917762795926331
1295705777181728769,negative,0.024405456238622735
1295705778783911941,negative,0.006831278837107926
1295705779190734853,negative,0.09386000229361774
1295705779962609664,negative,0.0009814689483726552
1295705780230983682,negative,0.08365302637813295
1295705780801470465,negative,0.002024505445139766
1295705780906340358,negative,0.009198488968345166
1295705780998545408,negative,1.0269892727598162e-10
1295705781266984962,negative,0.19498405422128276
1295705782831390720,negative,0.001390712626906702
1295705783724847108,neutral,0.5495922250151081
1295705784861495298,negative,0.0012323228312725249
1295705784953831426,negative,0.0022066791927408086
1295705784983183361,negative,0.002433924511074528
1295705785322831872,negative,0.0030996458809638984
1295705785708752898,negative,0.12601313751072224
1295705785805217792,neutral,0.49789225920557484
1295705786644037632,negative,0.23649811240819985
1295705787164168194,negative,0.16751168982469927
1295705894450343936,negative,0.022650296137453937
1295705894509060096,neutral,0.49092659131630934
1295705895066898434,negative,0.019901934905204827
1295705895205326852,negative,0.019901934905204827
1295705896492904450,negative,0.0005663891546040259
1295705897449205762,negative,1.012140256144714e-09
1295705897763852290,negative,7.085150375523614e-09
1295705899336642560,neutral,0.3448789537043245
1295705900557139968,negative,0.08727839441278949
1295705900678877184,negative,0.009716753893017483
1295705901391908870,negative,0.017178444783900387
1295705901417082883,negative,0.12601313751072224
1295705901471588355,negative,0.025952750194008528
1295705901823909889,negative,0.19788749034453773
1295705901903630342,negative,1.3964435873163239e-08
1295705904319471617,negative,0.019901934905204827
1295705904441110528,negative,0.00036937273670467787
1295705904453767170,neutral,0.47417599253430304
1295705905523236864,negative,0.003337495801545853
1295705906307530753,negative,0.22035441222533647
1295705906605367297,negative,0.12601313751072224
1295705908564176899,negative,0.05093704909519959
1295705909101039617,negative,0.019901934905204827
1295705909130170369,negative,0.010702186785435842
1295705909629464578,negative,0.009964248840428408
1295705910740910080,negative,1.2226817072896639e-06
1295705910740951046,negative,0.013141176117638226
1295705911068155906,negative,0.026458342702958958
1295705913228222464,negative,0.001150404241661264
1295705913492414464,negative,0.004072342382658138
1295705914104832000,negative,0.019901934905204827
1295705915547680769,neutral,0.5260066959564454
1295705915845414914,negative,0.0013841598600230515
1295705915979636738,negative,0.0004338355674508675
1295705916097146880,negative,0.0012323228312725249
1295705916159991808,negative,0.1416388564376785
1295705916403220487,negative,2.1055960703407907e-08
1295705916948525056,negative,0.010714463438518366
1295705917368020992,negative,0.0010239908877146301
1295705918370349057,negative,0.11591685326288977
1295705919003688960,negative,5.341726040733777e-06
1295705919104450561,negative,0.26021211973523317
1295705919595126784,negative,0.0072938360075774575
1295705920148779008,negative,0.0013148303085293571
1295705920308219905,negative,7.66298997492887e-05
1295705922300448770,negative,0.019901934905204827
1295705922623418368,negative,0.019901934905204827
1295705922942251009,negative,0.019901934905204827
1295705923516870657,negative,1.2522874790925873e-06
1295705923953008641,negative,0.017126710664598015
1295705924091420674,negative,0.0004928228010170168
1295705924393410560,negative,0.0035918473834886206
1295705925307838465,negative,0.12601313751072224
1295705925718888448,neutral,0.3306646816629014
1295705926528311296,negative,0.03138333274078604
1295705927446863877,negative,0.0002872834231561036
1295705927639859200,negative,0.12601313751072224
1295705929141440513,negative,0.12601313751072224
1295705931985178624,negative,0.00011510308476077163
1295705932329103361,neutral,0.38510692932563084
1295705933373493249,negative,0.12601313751072224
1295705934480789504,negative,0.047598848772555706
1295705934665330688,negative,0.2060413005592192
1295705935277469699,negative,0.018075472935833604
1295705936712146944,negative,0.0016544375600636367
1295705936779190272,negative,8.418688190818232e-05
1295705937181839362,negative,0.019901934905204827
1295705938209443846,negative,0.033280093885533685
1295705938398269441,negative,0.12601313751072224
1295705938414825475,negative,0.0012323228312725249
1295705940893851649,negative,7.303715170917331e-11
1295705941304922112,negative,0.12601313751072224
1295705941862690817,negative,0.12601313751072224
1295705941908885506,negative,0.28721751195444517
1295705942382784512,neutral,0.5475385610968239
1295705942445690881,negative,0.0011942654795542582
1295705943167074306,negative,9.403755701127903e-05
1295705943288750084,negative,0.13496975568265573
1295705944748261376,neutral,0.40754639812590576
1295705944790376448,neutral,0.4693501182891846
1295705944878460928,negative,0.25056623647557347
1295705945331425281,negative,4.942974956202568e-09
1295705945868251136,positive,0.7491933091015843
1295705945931165697,negative,0.0030701138703230625
1295705949458628608,negative,0.003771379518330274
1295705949471113222,positive,0.781847011412728
1295705949571821569,positive,0.9477995601449292
1295705949899042817,negative,0.06903912724250526
1295705950129737729,negative,0.011151595823809033
1295705950620459009,negative,0.12601313751072224
1295705950767251457,negative,0.001150404241661264
1295705950788161539,neutral,0.4285758614317694
1295705951060791298,positive,0.9999995592370942
1295705952696631297,negative,0.12601313751072224
1295705953258487809,neutral,0.5505550505941735
1295705953304748032,negative,0.007323438708866125
1295705953447354368,negative,0.04350140218881862
1295705953531244544,negative,0.13129783353392396
1295705955745890306,negative,0.054626895846338376
1295705956937080832,negative,0.12601313751072224
1295705958153367553,negative,0.024405456238622735
1295705958237319169,negative,0.12601313751072224
1295705958988099584,negative,0.22192212588794688
1295705959461945344,negative,0.06306171780953862
1295705959726276608,negative,0.12601313751072224
1295705960393117696,negative,0.00011510308476077163
1295705960493850624,negative,4.942974956202568e-09
1295705961118801925,negative,0.05057420138077534
1295705962175778819,negative,0.06592322582219932
1295705963165618182,positive,0.7004954268488085
1295705963190718472,negative,0.019901934905204827
1295705963740237824,negative,0.046754601545680126
1295705964096761856,negative,0.019901934905204827
1295705964130308097,negative,0.13129783353392396
1295705965208260609,negative,0.04584528475682646
1295705965443133441,positive,0.9368429545044105
1295705965531213825,negative,0.3229796935994711
1295705966533660672,negative,0.025952750194008528
1295705966730764290,negative,0.14134167714666668
1295705967502516224,neutral,0.33520437477223225
1295705967674494977,negative,0.003025714189810673
1295705968379138050,negative,0.0005823282840773893
1295705968500768768,negative,0.13129783353392396
1295705968609832961,negative,0.05569810469809355
1295705968735596545,negative,0.11192639917022225
1295705969637367808,negative,7.725328913214717e-05
1295705969675177986,negative,0.07288550221668379
1295705970048413696,negative,0.0011942654795542582
1295705971151507456,negative,8.418688190818232e-05
1295705971508084736,negative,0.012997222388158333
1295706082069950464,positive,0.9886442611031434
1295706082111819777,negative,0.005715634553671499
1295706083181420545,neutral,0.5344029679637843
1295706083512553476,negative,0.00875905910078901
1295706086188748800,negative,0.007171747371079251
1295706087665131522,neutral,0.49789225920557484
1295706087988121600,negative,0.12601313751072224
1295706088151691264,negative,0.14134167714666668
1295706088210337797,negative,0.003025714189810673
1295706088956887042,negative,0.019901934905204827
1295706089896521729,negative,0.14134167714666668
1295706090462732289,negative,0.019901934905204827
1295706090596970504,negative,4.4316100848105434e-05
1295706091423227905,negative,0.12239303891067808
1295706092354371584,negative,0.019901934905204827
1295706093818183680,neutral,0.5085191985651397
1295706093931433985,negative,0.12601313751072224
1295706094971609090,negative,0.12601313751072224
1295706095126827009,negative,0.019901934905204827
1295706096263471104,negative,0.13341406001625764
1295706096397688832,negative,0.0068092684014818584
1295706096955543555,negative,0.24641485676701597
1295706098650025985,positive,0.9784520238756074
1295706098830196738,negative,0.03175579640896301
1295706099375411201,negative,0.0012629288658169366
1295706099555930115,negative,0.019901934905204827
1295706099706888192,neutral,0.40754639812590576
1295706101019815936,negative,0.0037040282387465926
1295706102680756225,negative,0.317955616456911
1295706102773026819,negative,0.0036084403916883585
1295706102894657536,negative,0.08856424974178811
1295706103100116992,negative,0.06011337716352138
1295706104463319042,negative,0.0004320532806319286
1295706104555540481,neutral,0.5344029679637843
1295706105817923585,negative,0.0001342432504706996
1295706106359156744,negative,0.03748203430391392
1295706106593976320,negative,0.009716753893017483
1295706108271693824,negative,0.2071251955952833
1295706108422688768,negative,0.019901934905204827
1295706110436024321,positive,0.6998978141349389
1295706111539060737,negative,0.12601313751072224
1295706111623024642,negative,0.0032533681489490627
1295706111975346176,negative,0.0012323228312725249
1295706111983726595,negative,0.037637905413676044
1295706113183223808,negative,0.021292223751293395
1295706114101829632,negative,0.08405267203243975
1295706114231635968,negative,2.5786135488461266e-08
1295706114399625218,negative,1.6395967586671367e-05
1295706117742288898,negative,8.418688190818232e-05
1295706117742497792,neutral,0.3306646816629014
1295706118354800642,negative,6.430715545842888e-07
1295706118577098754,negative,0.12601313751072224
1295706118799478786,negative,0.22035441222533647
1295706120066129925,negative,6.941349259395398e-05
1295706120829513729,neutral,0.6563131832915976
1295706121064386562,negative,0.00011920047949049027
1295706121194348544,negative,0.0032838839789584547
1295706121231974401,negative,0.18559974700944992
1295706121806782465,negative,6.457889724046176e-05
1295706122305900546,negative,0.14134167714666668
1295706123631243266,negative,0.012520618617339968
1295706123903864835,negative,0.018307369817888372
1295706124138819587,negative,0.2750689603471482
1295706124856025089,negative,0.20348124742185403
1295706125350907904,negative,0.14134167714666668
1295706125627789313,negative,0.12601313751072224
1295706126550544384,negative,0.009964248840428408
1295706128228196356,negative,5.6955588109608626e-05
1295706128651882496,negative,0.015761082568702373
1295706128861536256,negative,0.0010158740261481225
1295706128890785792,positive,0.831818916272822
1295706128903540736,negative,0.025952750194008528
1295706129968828416,negative,0.12601313751072224
1295706131222925312,negative,0.1962131447171811
1295706131353030656,negative,0.14134167714666668
1295706131478740992,negative,0.12601313751072224
1295706131667587072,negative,2.1840405847106017e-10
1295706132040888321,neutral,0.608809346531312
1295706132837695488,negative,0.08007641557858117
1295706133097840640,neutral,0.42755866745518784
1295706133575938051,negative,4.401152875127482e-06
1295706134171525128,negative,0.0026375925786420347
1295706134217662464,negative,4.942974956202568e-09
1295706134951624709,negative,0.1281817226037914
1295706136130269185,negative,0.12601313751072224
1295706136503562240,negative,0.007150915092352314
1295706137539551232,negative,0.019901934905204827
1295706137959047168,negative,0.23875393223878058
1295706138026094594,negative,0.12601313751072224
1295706139359956999,positive,0.7571941426827925
1295706139661938688,negative,0.317955616456911
1295706140312035338,negative,0.19448723309182842
1295706140504989696,negative,0.12601313751072224
1295706141348036614,negative,0.08007641557858117
1295706142052626433,positive,0.7004954268488085
1295706142459465729,negative,0.0011942654795542582
1295706143050936325,negative,0.11402887146532856
1295706143835267075,negative,0.00875905910078901
1295706144510480384,neutral,0.5209138043720312
1295706145236160512,negative,0.12601313751072224
1295706145605267456,negative,0.03555393134600351
1295706145831571456,negative,0.13834898035302184
1295706145915576320,negative,0.1281817226037914
1295706146330869760,positive,0.781847011412728
1295706146456645632,negative,0.019901934905204827
1295706146582528006,negative,0.23649811240819985
1295706148683894786,negative,0.06124065710788909
1295706148990005249,negative,0.019901934905204827
1295706149040328705,negative,0.0018657919984342661
1295706149342384131,negative,0.03221082681453738
1295706149493174273,negative,0.28905663827339423
1295706150189572097,negative,0.0010111505691233992
1295706150395162626,negative,0.14764132238546426
1295706150734831617,negative,0.10947591910070108
1295706152001572866,negative,0.12601313751072224
1295706154031550464,negative,0.00011510308476077163
1295706154211913729,negative,1.958597754683621e-05
1295706154476199937,negative,0.2071251955952833
1295706154518093825,negative,0.001631499378213921
1295706154811772929,negative,0.0005437326261174903
1295706155872849929,negative,0.0037175404330998993
1295706156229447686,negative,0.12601313751072224
1295706156271308800,negative,0.12601313751072224
1295706156715958272,negative,0.1516090625394908
1295706159035416576,neutral,0.4693501182891846
1295706159299596293,positive,0.9378299299186176
1295706159345786881,negative,0.001707118904295024
1295706159744155649,negative,0.05743749520716109
1295706269475643392,negative,0.00022836723437527032
1295706270016704512,neutral,0.4507454498615163
1295706270121562116,negative,0.12601313751072224
1295706270201241601,negative,0.019901934905204827
1295706270381551616,positive,0.7571941426827925
1295706270977134592,negative,0.0028464838235345608
1295706272075939840,negative,1.6445497115853043e-08
1295706272310886401,positive,0.9477995601449292
1295706272948523008,positive,0.7571941426827925
1295706273783087104,negative,0.014779340207084542
1295706273888047105,negative,0.16540851980144033
1295706273942577153,negative,0.12601313751072224
1295706274072494081,negative,0.012556254412896956
1295706275754516480,negative,0.00012629777209333874
1295706275951579136,negative,0.04502105299530949
1295706276324933632,negative,0.0032533681489490627
1295706276626755587,negative,0.10935984945413624
1295706277004419072,negative,9.814275796527548e-08
1295706277637652482,negative,2.5838278851179425e-10
1295706277872578560,negative,2.853348055206981e-07
1295706278136774658,negative,0.12601313751072224
1295706279147704321,negative,0.23793590964624936
1295706281056112641,negative,0.12601313751072224
1295706281169178629,negative,0.041759171076040845
1295706282620583936,neutral,0.4112987067069062
1295706282830200832,neutral,0.3306646816629014
1295706283040006145,negative,0.13129783353392396
1295706283224571907,negative,0.00035415519744435176
1295706286487740417,negative,0.016461640321718846
1295706286517030922,negative,9.480324373364362e-07
1295706286517092353,negative,0.08007641557858117
1295706286584209408,negative,0.12601313751072224
1295706286894600198,negative,0.026458342702958958
1295706287146250242,negative,0.001150404241661264
1295706288266125312,negative,0.0004532802372324247
1295706288488419329,negative,0.017178444783900387
1295706291441106944,negative,1.8636484425476488e-07
1295706291973890049,negative,0.3233824984701617
1295706292200275969,negative,0.019901934905204827
1295706295006265344,negative,1.2561970071300371e-06
1295706295325134848,negative,4.028344630602455e-07
1295706296499412992,negative,0.00875905910078901
1295706297162240007,neutral,0.4016666249702248
1295706297602637830,negative,0.00014779249629750258
1295706297703247872,positive,0.9006977868829952
1295706298638639105,negative,0.12601313751072224
1295706298735104001,negative,0.0002974427987768453
1295706298995154947,negative,0.044370267073655045
1295706299720708096,negative,0.056176581370649965
1295706300668612614,neutral,0.5344029679637843
1295706300723220481,negative,0.12601313751072224
1295706300937117697,negative,0.10459830546158512
1295706302228856832,negative,0.019901934905204827
1295706302673498112,negative,0.0072938360075774575
1295706303092883456,negative,0.00875905910078901
1295706304900718592,negative,0.0132621384651003
1295706305173356546,negative,0.007181478780361355
1295706306037325824,negative,0.12601313751072224
1295706306305810433,neutral,0.3353500257179539
1295706306763018241,negative,0.14134167714666668
1295706307870314496,negative,0.019901934905204827
1295706308931354625,negative,0.0011942654795542582
1295706309858332675,negative,0.025487700788020696
1295706310051270657,positive,0.6998978141349389
1295706310290350080,negative,0.00044741211266990753
1295706310718169088,negative,2.3124898967898942e-05
1295706311326392320,neutral,0.3355572867975873
1295706311334801408,negative,0.019901934905204827
1295706311401889793,negative,0.00015346569853918462
1295706311607431168,neutral,0.4226715758816897
1295706311880048641,negative,0.09615957085032137
1295706312517591041,negative,6.712568391943377e-05
1295706312676904963,negative,0.14782831052656822
1295706313037684737,negative,4.242556532076272e-10
1295706313104805894,negative,0.044051357276136495
1295706314551828482,negative,0.12301798842856856
1295706315009011713,negative,0.22035441222533647
1295706315327766531,negative,3.155019128915761e-05
1295706315520724993,negative,0.044051357276136495
1295706315579428864,negative,0.0072938360075774575
1295706316145659906,negative,0.1730746230786644
1295706316741259264,negative,0.03071574672026436
1295706317076795392,negative,0.12601313751072224
1295706317366145024,negative,6.849023803553776e-05
1295706317710077952,negative,0.0002290261921331164
1295706318943248388,negative,0.019901934905204827
1295706322546065408,negative,0.3140380540806584
1295706323179511808,negative,0.019901934905204827
1295706324009914368,negative,0.00014896760640403317
1295706324118974464,negative,0.29006020693707746
1295706325398282240,negative,0.0010130998930972732
1295706326451052546,positive,0.6708650165533697
1295706326560124929,positive,0.7571941426827925
1295706327122087938,positive,0.7571941426827925
1295706327310835712,negative,0.12601313751072224
1295706327453511681,negative,0.010542052804054286
1295706328103559170,negative,0.12601313751072224
1295706328585900034,negative,0.019901934905204827
1295706330842324993,negative,2.0347502185322474e-07
1295706331383570434,neutral,0.43492002157381665
1295706332146827266,negative,0.08007641557858117
1295706335548301323,negative,0.08007641557858117
1295706336118870017,negative,0.2738695170191066
1295706336563535873,negative,0.004719275828295753
1295706338580934664,negative,0.13856529706893503
1295706339063271424,negative,0.03861374179062536
1295706339600211968,negative,0.015360953107589878
1295706341500231682,negative,8.320274930410065e-05
1295706345782550536,negative,0.0004989025182391388
1295706346529198080,negative,0.0027652069923277743
1295706347955204097,negative,0.00011920047949049027
1295706460144508929,negative,0.12601313751072224
1295706461562179585,negative,0.12601313751072224
1295706461658656770,neutral,0.37531229269311095
1295706461981626369,negative,0.001390712626906702
1295706462417813504,negative,0.0018657919984342661
1295706466448478208,negative,0.001390712626906702
1295706466788216833,negative,0.019901934905204827
1295706466809196547,negative,0.10484636901521566
1295706466888949761,negative,0.025952750194008528
1295706467086012417,negative,1.6790720993342289e-06
1295706467597778944,negative,0.0032533681489490627
1295706468419862532,negative,0.12601313751072224
1295706469506199552,negative,0.0015128085876069605
1295706470047260672,negative,0.11591685326288977
1295706470185566213,negative,0.12601313751072224
1295706470193995776,negative,0.2605322006373171
1295706470647058432,negative,0.019901934905204827
1295706471553015809,negative,0.12601313751072224
1295706471880065025,negative,0.14134167714666668
1295706474153414657,negative,0.02755594191733393
1295706474367287296,negative,0.0372056118046681
1295706475055153152,negative,0.12601313751072224
1295706475491405824,negative,0.14134167714666668
1295706477915590656,negative,1.3290059832167561e-05
1295706478955966465,negative,0.12601313751072224
1295706479497019397,negative,0.23649811240819985
1295706479823958017,negative,0.0030701138703230625
1295706480855986183,negative,0.08007641557858117
1295706482013609984,negative,2.4378217494607125e-05
1295706482588164097,negative,3.25722101444236e-05
1295706482680508416,negative,0.1781806734197427
1295706483267641344,neutral,0.5916122031609724
1295706483875864577,negative,0.041487524922074116
1295706484362235916,negative,0.1981964822210415
1295706485939408896,negative,0.29354048216691747
1295706486207844355,negative,1.1321207340295423e-07
1295706486409244673,negative,0.04350140218881862
1295706486761500672,negative,0.044051357276136495
1295706487180861440,negative,0.0600101272615417
1295706488191823874,negative,0.0001253395889658168
1295706488837672962,negative,0.02132099595582579
1295706488867102728,negative,0.019901934905204827
1295706489831776256,neutral,0.4105186026067499
1295706490016235522,negative,0.0007745359129958626
1295706491656245252,negative,0.0003736834594421744
1295706492486791171,neutral,0.5257972330163432
1295706493031940096,positive,0.7571941426827925
1295706493686296576,negative,0.1516090625394908
1295706494546182145,negative,0.13053382710697978
1295706495292788741,negative,0.019901934905204827
1295706498866253824,negative,0.0001591944135037066
1295706499965165571,negative,0.12601313751072224
1295706502632804354,negative,0.0005707288715266583
1295706503849168896,negative,2.6132346560405725e-05
1295706504503472128,negative,0.019901934905204827
1295706504646074370,negative,0.00020683372086268103
1295706504675373056,negative,0.030847358250301313
1295706505279406081,negative,0.04085089827575333
1295706507024228352,negative,0.12601313751072224
1295706507632414720,negative,0.10385394694798021
1295706507951079424,negative,0.12601313751072224
1295706508123090945,negative,0.06181673096631845
1295706508261502976,negative,0.09122211993124452
1295706508756504577,negative,0.18981173074337218
1295706508827729920,negative,0.0006034492095579572
1295706508962013187,negative,0.019901934905204827
1295706509184126982,neutral,0.5495922250151081
1295706509310078976,negative,0.2205315889791667
1295706510991986694,negative,0.00013275692607053348
1295706511830921224,negative,1.3506846961013331e-05
1295706512392822786,negative,0.004524225401134042
1295706512678105093,negative,0.0030066376206947824
1295706512715911170,negative,0.01978172325238759
1295706512975958016,negative,1.465691123095298e-05
1295706513328218114,negative,0.12601313751072224
1295706513399521281,negative,0.010623259146946546
1295706514145964032,negative,0.08007641557858117
1295706515504939008,negative,0.12601313751072224
1295706515777757189,neutral,0.5495922250151081
1295706516058775552,negative,0.07431120277202391
1295706517161811968,positive,0.7571941426827925
1295706517371412480,negative,0.014479366522355026
1295706517946195971,positive,0.9999762548406239
1295706518248026112,neutral,0.5495922250151081
1295706518256603141,negative,0.1837859889002491
1295706518269112320,negative,0.02132099595582579
1295706518302666754,negative,0.12601313751072224
1295706518457856000,negative,0.0036430713080476515
1295706519510679553,negative,0.0145867303551947
1295706519527460866,negative,0.09386000229361774
1295706520714448899,negative,0.1837859889002491
1295706521507180545,negative,0.14134167714666668
1295706523927228420,negative,0.12601313751072224
1295706524753559553,negative,0.014154193208363157
1295706525109977088,positive,0.9984967564493797
1295706526959706113,negative,0.005245280274857483
1295706528763318277,negative,0.2071251955952833
1295706530713665537,negative,0.000828909398338232
1295706530810036224,negative,0.16555727204251808
1295706533322534913,neutral,0.3306646816629014
1295706533368483840,negative,0.08007641557858117
1295706533745946625,negative,0.0004989025182391388
1295706534199070721,negative,0.00023088360034133665
1295706534215745537,negative,1.5481218111970158e-12
1295702795962720256,negative,0.3043513341841566
1295692504315166721,negative,1.0648757133506859e-06
1295692505309229056,negative,4.563973575128894e-06
1295692508111024128,negative,0.01656192644602075
1295692508731711492,negative,0.0009173530820455925
1295692512208789505,positive,0.9903894067918971
1295692513425137665,negative,0.06597199003933545
1295692518345056258,negative,0.06255232367590494
1295692518991040513,negative,4.5818022217529554e-05
1295692522715480064,neutral,0.40674001738839816
1295692531817119744,negative,2.7979368241805328e-08
1295692532261715968,negative,0.0010888727059445574
1295692534602240001,negative,2.7703840529168037e-12
1295692539593465857,negative,0.0001417892679741681
1295692540386185219,negative,1.8273128620739075e-07
1295692551849218049,negative,1.0607310483097795e-09
1295692556001521664,negative,0.00026634702911723353
1295692558912442368,negative,0.0001417892679741681
1295692565472325635,negative,0.00025243205599758
1295692574586474498,negative,0.0010920145700008843
1295692574620082178,negative,0.04712219519476422
1295692576801075204,neutral,0.3722486922901105
1295692577749053441,negative,0.0002517449435959577
1295692580643053569,negative,4.741208126927708e-09
1295692580714434560,negative,0.004549788300401896
1295692582887084036,negative,0.0001417892679741681
1295692583310635010,negative,3.3391757182064167e-13
1295692587152691200,negative,0.017178444783900387
1295692591523139584,negative,0.0385497010527556
1295692594878586881,negative,0.0001417892679741681
1295692606270255109,negative,1.2676864931509424e-05
1295692606677159937,negative,0.00025243205599758
1295692608732377088,negative,2.838941998221439e-05
1295692612637274112,negative,0.0003075850370888771
1295692616705675264,negative,0.005225136139719639
1295692616722526210,negative,0.031089050025701462
1295692620157657088,negative,0.0001417892679741681
1295692622309269505,negative,0.12203833099369381
1295692623940902920,negative,1.540397839299899e-12
1295692624402296832,negative,0.013510911875181624
1295692626377793536,negative,0.02299970135322675
1295692629976416256,negative,3.0043594342199976e-07
1295692631503245314,negative,2.9288976506066385e-05
1295692631822008320,negative,0.017079640452981402
1295692634279813120,neutral,0.3722486922901105
1295692636070850563,negative,0.17823154162182836
1295692642735489030,negative,0.0001417892679741681
1295692645126344706,negative,0.010169097293237549
1295692646950871040,negative,0.07780979959261852
1295692651296174081,negative,0.03159415743070448
1295692653972074498,negative,1.386942646094858e-08
1295692657117855744,negative,0.0001417892679741681
1295692658845851648,negative,0.030844643584057908
1295692660544540672,negative,0.0039154224093537835
1295692667213492224,negative,0.004084114521403623
1295692667699986432,negative,3.314886641772634e-05
1295692668538945537,negative,0.031325683436589494
1295692668899594240,negative,0.0625932855156542
1295692671726616577,negative,0.006214843962711178
1295692673106542594,negative,0.0625932855156542
1295692676327776259,negative,7.379436507058362e-07
1295692677200175105,negative,0.0037380814799590706
1295692681444827136,negative,0.0005396069055010455
1295692683663618048,negative,2.428569684482482e-06
1295692683764260864,negative,4.5818022217529554e-05
1295692691603435520,negative,0.0001417892679741681
1295692692635242502,positive,0.8394621826696407
1295692696611422208,neutral,0.3519927622691324
1295692697269927936,negative,0.014617917754891425
1295692699660582912,negative,2.5095143905345908e-08
1295692705700470784,negative,0.12666801936251446
1295692706002477056,neutral,0.44350776573879747
1295692706392547330,negative,0.0001562079315870556
1295692710368641026,positive,0.6642666270940681
1295692716119150593,negative,2.0989943331702133e-10
1295692719323598849,neutral,0.6295640117060367
1295692723152969729,negative,7.18604336644598e-05
1295692724818063360,negative,6.159536581654326e-08
1295692724948148225,positive,0.8023475604602576
1295692729805156354,negative,0.0015057753695290747
1295692731860291584,negative,0.15412889708452662
1295692736281153537,negative,0.0001417892679741681
1295692738122350593,negative,0.010169097293237549
1295692743658868736,negative,0.0001417892679741681
1295692743784763393,negative,1.8193217241295354e-05
1295692754488627200,negative,7.115881304233414e-05
1295692762671730689,neutral,0.41649937642294155
1295692763439210496,negative,0.006671511598298859
1295692768011079683,negative,2.336062053347948e-09
1295692768627642370,negative,0.0011917883565307579
1295692769588056064,negative,1.2446148623863127e-09
1295692771303526401,negative,0.011270018055922672
1295692777171365888,negative,9.320216853477683e-05
1295692780208095232,positive,0.8023475604602576
1295692780510076928,negative,0.0001417892679741681
1295692784960184321,negative,0.009536420518644543
1295692789297098763,negative,3.562362170281348e-08
1295692792400928769,negative,4.390899161732044e-08
1295692801582211072,negative,0.0060502823314950785
1295692801762627585,positive,0.96913610192841
1295692802827878401,negative,0.0001417892679741681
1295692805105487872,neutral,0.5970090151999642
1295692809526272000,negative,1.1767180206819137e-05
1295692812604907520,negative,0.007931912107524157
1295692813368209408,negative,0.00037257210692540326
1295692815188598786,negative,0.0625932855156542
1295692818590183424,neutral,0.38195653414080605
1295692818611150848,negative,0.0036871125358652803
1295692819181580294,negative,0.00014824730211079822
1295692822083973120,negative,3.753297596287481e-06
1295692824298618882,neutral,0.42507619662732005
1295692824957067264,positive,0.7446422362159518
1295692828195028995,negative,0.0015558178413717235
1295692834285195265,negative,0.002883231089375099
1295692836642402304,negative,1.386942646094858e-08
1295692840199163904,negative,0.03097222994796527
1295692841449070593,negative,0.10045096184608983
1295692843193950208,negative,7.608493524954648e-06
1295692845869936647,negative,0.003018100630746876
1295692848893956098,negative,1.8797101693626753e-10
1295692852723318784,negative,0.0001417892679741681
1295692856213069825,negative,0.013510911875181624
1295692864714936321,negative,0.00744420001827985
1295692865088172032,negative,0.04930899742201028
1295692872801570820,negative,0.00011837300634943461
1295692873875066880,negative,0.0045129749067582
1295692873963376643,negative,2.221840741085434e-09
1295692875196440576,negative,1.386942646094858e-08
1295692877767610370,negative,4.843842678480603e-05
1295692877968953344,negative,3.2235430707536717e-07
1295692879998914560,negative,4.442790173575191e-10
1295692881441816576,negative,0.00018461212049835743
1295692886906986496,negative,0.003088775944649829
1295692894880366596,negative,1.857711426860248e-14
1295692895756980225,negative,1.386942646094858e-08
1295692902916665344,negative,4.090284819561363e-08
1295692912450244609,negative,0.0625932855156542
1295692934927523843,negative,1.2280642254130186e-11
1295692935342764033,negative,0.0011917883565307579
1295692949989335040,negative,0.0029094368272099317
1295692953302831108,negative,0.0003255457828891923
1295692956041646080,negative,0.013510911875181624
1295692957119643650,negative,0.0015558178413717235
1295692963096322048,negative,0.0063855649407403795
1295692972382707718,negative,0.011420927666620041
1295692981446606848,negative,5.817617322417037e-05
1295692981991813120,negative,0.0047977260186318075
1295692982881079298,negative,0.0005120864597516413
1295692984764309505,negative,0.007384138028323276
1295692990757965827,negative,7.377596935972284e-05
1295692991315742721,negative,0.00014596470437561488
1295692991579947008,negative,9.507785087992511e-06
1295692991999483904,negative,0.0001417892679741681
1295692994184699907,negative,0.0010920145700008843
1295692994243428354,negative,0.0003025525396973167
1295692996781002754,negative,0.0002676475954483508
1295693002086789120,neutral,0.40516747752800525
1295693002980106242,negative,0.02359403524092045
1295693006494932992,negative,0.0004597593860639752
1295693007493238785,negative,0.17823154162182836
1295693015831531520,negative,0.23342958292187402
1295693046772793344,negative,7.719743614592279e-05
1295693047817277441,negative,0.0010920145700008843
1295693049939529729,negative,3.314886641772634e-05
1295693052938465282,negative,5.638013740875407e-05
1295693054800809985,negative,1.7814619005461834e-06
1295693062509756417,negative,2.066390294444389e-08
1295693066217693185,negative,0.00010017056144494442
1295693067039715336,negative,0.0002748735903416322
1295693070093164547,negative,0.007947469157920415
1295693070932103169,negative,0.0001417892679741681
1295693072488161281,negative,4.5818022217529554e-05
1295693076174864385,negative,0.248211658543836
1295693078733479936,negative,0.0060502823314950785
1295693084844593154,negative,0.0012298040458753941
1295693087310843905,negative,0.10984968904210077
1295693097654005760,negative,1.8627449019731842e-06
1295693102930436098,negative,0.030462512200703624
1295693111499337729,negative,0.0001417892679741681
1295693116075397120,negative,0.0001417892679741681
1295693117535006721,negative,0.00018499587058611356
1295693118491316224,negative,1.386942646094858e-08
1295693118730391552,negative,0.025230042852043808
1295693124589715456,neutral,0.36479877123316384
1295693127995580416,negative,0.0001417892679741681
1295693130172444672,negative,1.384343848938234e-05
1295693138531622914,negative,2.773037809116106e-07
1295693145955590144,negative,0.005916087814062956
1295693147549376513,negative,0.0038161974891417526
1295693150191837184,negative,0.04119096937464556
1295693150623850496,negative,5.467094498104215e-05
1295693151462658048,negative,0.0625932855156542
1295693152913948683,negative,0.0001417892679741681
1295693155682209793,negative,0.02299970135322675
1295693165073227777,negative,1.386942646094858e-08
1295693165354156032,negative,0.013510911875181624
1295693165911998465,negative,0.01268074355690388
1295693167564673025,negative,0.02887449844109405
1295693173986140166,neutral,0.3729125139231715
1295693176972488704,negative,0.0026229526793390343
1295693178817990657,negative,0.002210552612240443
1295693179153526784,negative,0.013108764490528554
1295693181632356353,negative,0.0001417892679741681
1295693192759844870,negative,0.1354646946496688
1295693196928978945,negative,6.130943164026728e-19
1295693201878257669,negative,0.0006493139249033249
1295693205619519488,negative,0.0017810502040366276
1295693208836608001,negative,2.8846931392113515e-05
1295693210984108039,neutral,0.49789225920557484
1295693211231559681,negative,0.07691077086498119
1295693213576114179,negative,2.5059045265012857e-05
1295693216243683328,negative,0.01027706186307743
1295693217950728192,negative,0.09427164496531705
1295693220110835718,neutral,0.4057042038372631
1295693221708869635,negative,0.0003025525396973167
1295693230751846401,negative,0.0001417892679741681
1295693233482280963,negative,0.08499561390873915
1295693233792659456,negative,1.386942646094858e-08
1295693234384130055,negative,0.0001417892679741681
1295693234472198145,negative,1.3172070075965035e-05
1295693237974380544,negative,0.0002748735903416322
1295693239568277504,negative,0.012779642300298648
1295693240306470913,negative,8.841156859243247e-05
1295693240486830080,negative,0.02650540680745208
1295693240734187523,negative,0.0001417892679741681
1295693243116658688,negative,0.0001417892679741681
1295693249613619200,negative,1.386942646094858e-08
1295693249903026176,negative,1.386942646094858e-08
1295693250041446400,negative,0.004732752207583648
1295693251186491395,negative,5.316902093933934e-06
1295693252004384768,negative,7.92050097575363e-07
1295693255322017793,negative,7.608493524954648e-06
1295693260137156609,negative,3.314886641772634e-05
1295693262079111169,negative,4.5818022217529554e-05
1295693265069539329,negative,0.0001417892679741681
1295693269461016579,negative,0.0001417892679741681
1295693274221629440,negative,0.0001417892679741681
1295693282203271169,negative,0.0002748735903416322
1295693287030915073,negative,1.1879577725905539e-07
1295693288964530176,negative,0.0003075850370888771
1295693290336137218,negative,0.0001417892679741681
1295693300092018692,negative,0.030462512200703624
1295693301203570689,negative,0.10307844033868241
1295693315447443456,positive,0.9739322021227819
1295693318693752832,positive,0.7590905285125776
1295693318806999041,negative,0.005246160535052898
1295693323097772033,negative,0.02650540680745208
1295693325635399680,negative,0.0005638462736805043
1295693330106462211,negative,9.749224552792101e-13
1295693330882465793,negative,0.17823154162182836
1295693338889379841,negative,1.221621028409713e-05
1295693342622318592,negative,0.17823154162182836
1295693345885495296,negative,0.004505373843784535
1295693346598518784,positive,0.9739322021227819
1295693349706399744,negative,0.2549878309182747
1295693350239076352,negative,1.2216406864903623e-07
1295693350457298944,neutral,0.3722486922901105
1295693350864146432,negative,0.0625932855156542
1295693355884707840,negative,0.02650540680745208
1295693356505485312,negative,0.0001417892679741681
1295693357843386370,negative,0.0001417892679741681
1295693361601544192,negative,0.0060502823314950785
1295693362427842560,negative,3.314886641772634e-05
1295693363048599553,negative,1.2280642254130186e-11
1295693367045689344,negative,1.386942646094858e-08
1295693368257916928,negative,0.0001417892679741681
1295693372984877057,negative,0.12868738112193812
1295693373463027712,neutral,0.5673102708571802
1295693379788058624,negative,0.0010920145700008843
1295693385869787136,negative,0.0001417892679741681
1295693388293996547,negative,0.013510911875181624
1295693388763865092,neutral,0.33534866839617805
1295693391125262336,negative,1.386942646094858e-08
1295693397592870912,negative,5.253571134173039e-07
1295693401296429057,negative,0.0007899462866668824
1295693404060426248,negative,0.0047977260186318075
1295693408531632128,neutral,0.34158468482078874
1295693427661824001,negative,0.0010920145700008843
1295693429108768770,negative,0.0025787818351115785
1295693430006456322,negative,0.0001417892679741681
1295693434037182465,negative,1.496168094931046e-18
1295693435605790721,negative,9.750216732376457e-06
1295693443574964224,negative,1.386942646094858e-08
1295693457659437056,negative,0.056346235176054006
1295693458276065282,negative,9.886747461337774e-06
1295693462738804736,negative,0.015250475563771512
1295693464026394628,negative,0.0001417892679741681
1295693464055812098,neutral,0.44105681928584556
1295693466152796160,negative,3.655512564820673e-07
1295693466618527746,negative,0.0001417892679741681
1295693466786308096,negative,0.057032313436927454
1295693469072207872,negative,1.386942646094858e-08
1295693470271766528,negative,4.213781324825419e-12
1295693474675724289,negative,0.0001417892679741681
1295693475833405441,negative,0.0002748735903416322
1295693487984250880,negative,0.004753918547747055
1295693491146809344,negative,0.0003195315515764304
1295693494061801475,negative,6.238699429127409e-09
1295693500059660288,negative,0.0001417892679741681
1295693500252651522,negative,1.386942646094858e-08
1295693501179604992,negative,0.0001417892679741681
1295693505986256898,negative,0.00025243205599758
1295693509652033541,negative,0.12868738112193812
1295693518942416896,negative,0.0001417892679741681
1295693520892829697,negative,0.0008153000640337071
1295693521802924032,negative,0.10045096184608983
1295693527893106688,negative,1.6150610666813066e-05
1295693533144285185,negative,2.61196003092545e-07
1295693539557376002,negative,0.0001417892679741681
1295693543479152640,negative,0.0047977260186318075
1295693544586452992,negative,0.0001417892679741681
1295693551146283014,negative,1.3990170728120579e-08
1295693552849162242,negative,0.0001417892679741681
1295693560218628098,negative,0.17823154162182836
1295693560336068614,negative,0.001099630540594896
1295693565281079296,negative,0.30233866234746715
1295693566111555584,negative,2.2847243682707153e-06
1295693571006357507,negative,0.0001417892679741681
1295693571270627328,negative,0.0003025525396973167
1295693573392916480,negative,0.00902414779977543
1295693577381720064,negative,0.01316727242868082
1295693581181747202,neutral,0.5672413396080165
1295693586915360768,negative,2.1625030509626096e-09
1295693587833851904,negative,8.723139555122483e-07
1295693588064608256,negative,0.006681096358260175
1295693602027438080,negative,1.386942646094858e-08
1295693604304953345,negative,0.11773465866904173
1295693604862791683,negative,0.0001417892679741681
1295693609191211010,negative,0.0047977260186318075
1295693611523334145,negative,0.0003075850370888771
1295693613465247744,negative,0.0001417892679741681
1295693618024415232,negative,0.014216524197645583
1295693631173668866,negative,0.057032313436927454
1295693631366537216,negative,0.0010920145700008843
1295693632134160385,negative,0.10307844033868241
1295693635862790145,negative,2.0102464801526754e-14
1295693636093587456,negative,0.01980188107397208
1295693638870142976,negative,0.0001417892679741681
1295693646566694912,negative,2.9288976506066385e-05
1295693647229394944,negative,0.0955599986629087
1295693649364357120,negative,7.303715170917331e-11
1295693650903564288,negative,0.0001417892679741681
1295693651545391104,negative,0.00040825560586070026
1295693653445410816,negative,3.90978006810157e-09
1295693654011543553,negative,0.0015794965598329347
1295693659459989505,negative,3.722820387213691e-05
1295693664581189632,neutral,0.4617245210313875
1295693664950390786,negative,2.2847243682707153e-06
1295693665063653376,negative,4.3604036584734434e-08
1295693666107953153,negative,0.12868738112193812
1295693666380644353,negative,0.0015558178413717235
1295693666581807106,negative,0.0015057753695290747
1295693669987758081,negative,0.000376743288887939
1295693672579764226,negative,1.2018497330735238e-05
1295693675360661505,negative,1.386942646094858e-08
1295693680762920960,negative,0.0001417892679741681
1295693684961419265,negative,0.006681096358260175
1295693687335264258,negative,1.7714962717145968e-07
1295693688409128961,negative,0.0022031340975492194
1295693688904065025,negative,0.000981520430661869
1295693690036539393,negative,7.5064986584178e-09
1295693692930596864,negative,0.0005955075532754429
1295693702510387200,negative,0.0625932855156542
1295693703282151424,negative,4.5818022217529554e-05
1295693704670453760,negative,0.1810787899287918
1295693705601593345,negative,0.0021651727702642026
1295693708214644736,negative,0.09525638944423144
1295693714577399808,negative,0.01980188107397208
1295693716372500480,negative,0.0001417892679741681
1295693719300186112,negative,0.0047977260186318075
1295693731304218624,negative,0.0001417892679741681
1295693734475177984,negative,3.788599287578604e-08
1295693736849088512,negative,0.02486465715846341
1295693739604795392,negative,0.013510911875181624
1295693740397539328,negative,0.0001417892679741681
1295693740728819715,negative,0.0010920145700008843
1295693741085335552,negative,0.0047977260186318075
1295693749754920960,negative,7.377596935972284e-05
1295693751462002693,negative,0.0001417892679741681
1295693757778665472,negative,0.0001417892679741681
1295693762262454272,negative,5.139142357797096e-15
1295693764598681602,negative,0.09427164496531705
1295693768918794240,negative,0.30233866234746715
1295693772433522688,negative,0.03845064305834592
1295693786580946947,negative,3.1559459732991715e-14
1295693788715921409,negative,2.773037809116106e-07
1295693790133526529,negative,4.799871959388057e-06
1295693796446031872,negative,0.0001417892679741681
1295693796555075585,negative,0.0001417892679741681
1295693808873676800,negative,0.0008153000640337071
1295693810027110411,negative,0.0047977260186318075
1295693810123640834,negative,4.133589771960778e-06
1295693810870214656,negative,0.0001417892679741681
1295693820932296705,negative,0.0015645295878872025
1295693822975004675,negative,0.057032313436927454
1295693826082967553,negative,0.0010920145700008843
1295693842834960384,negative,0.0016715520415613535
1295693845154455554,negative,0.0001433969649832403
1295693847973036032,negative,0.0001417892679741681
1295693848732225537,negative,0.10055725824098245
1295693849990488064,positive,0.8326896210851136
1295693856281956353,negative,0.0047977260186318075
1295693861629689857,negative,8.398724171265923e-08
1295693865287127047,negative,4.223239665170978e-06
1295693872937480192,negative,0.010664964479300239
1295693882332766211,negative,0.0625932855156542
1295693882391494661,negative,3.014503711785376e-05
1295693889446260741,negative,0.04740283769469276
1295693891367247873,negative,2.4542092406056516e-06
1295693891778293762,negative,7.138432736679519e-05
1295693893909053440,negative,0.0001417892679741681
1295693894873690114,negative,0.02650540680745208
1295693895154704384,negative,2.356390150144686e-07
1295693895704227840,negative,5.675090311854308e-06
1295693896433926145,negative,0.02650540680745208
1295693898577305600,negative,0.0001417892679741681
1295693898929582082,negative,0.0022031340975492194
1295693904466059264,negative,2.356390150144686e-07
1295693907368583169,negative,0.02650540680745208
1295693909822144512,negative,0.0001417892679741681
1295693911990636544,negative,0.003778437336358376
1295693912942825473,negative,9.96791631022445e-11
1295693914809171969,negative,0.0008755865718744771
1295693928512008192,negative,0.0001417892679741681
1295693950079115265,negative,2.3602359513441465e-06
1295693952377655299,negative,1.386942646094858e-08
1295693954994917382,negative,3.520664924021404e-07
1295693956781670400,negative,0.008403119899772458
1295693957477924866,negative,1.708227211956695e-08
1295693963425447938,negative,3.1551553920564804e-06
1295693966722113537,negative,0.0001417892679741681
1295693967548452865,negative,2.8326527394090377e-05
1295693970518007809,negative,0.0005935688081910632
1295693971235180545,negative,2.356390150144686e-07
1295693972803813377,negative,0.0003954299928429998
1295693972879417347,negative,0.0012298040458753941
1295693973441445888,negative,3.314886641772634e-05
1295693975085617153,negative,0.14102555023442012
1295693987584585730,negative,0.0001417892679741681
1295693990549954561,negative,0.0014576983777635217
1295693992181587968,negative,0.03573047194107764
1295693992244510720,negative,0.0001417892679741681
1295694000637325312,negative,0.0001417892679741681
1295694003002839040,negative,0.14102555023442012
1295694004789612545,negative,0.09846480640945898
1295694008480608258,negative,0.01980188107397208
1295694009533452288,negative,0.0007806727375452863
1295694014650421251,negative,0.0001417892679741681
1295694015510327298,neutral,0.49789225920557484
1295694018416959488,negative,0.0001417892679741681
1295694038092468224,negative,0.0047977260186318075
1295694039052943360,negative,1.0393406071368688e-06
1295694043599511552,negative,0.0060502823314950785
1295694045759639552,negative,1.825229224543044e-07
1295694046644572161,negative,5.311667152242163e-09
1295694061303627778,negative,1.2960796116218831e-06
1295694062691983361,negative,0.0001417892679741681
1295694065414045697,negative,0.0001417892679741681
1295694066223644672,negative,0.0047977260186318075
1295694071554617345,negative,0.06518121672785945
1295694072888340481,negative,2.773037809116106e-07
1295694088285687808,negative,0.0001417892679741681
1295694099274772480,negative,2.9099083589558782e-08
1295694100243591168,negative,0.0001417892679741681
1295694103246757893,negative,0.0032299739643758584
1295694109357867008,negative,1.0360388229587099e-07
1295694115615715330,negative,0.0001417892679741681
1295694124058906624,negative,0.0001417892679741681
1295694132275548160,negative,0.0032829252293608397
1295694132552372224,negative,3.314886641772634e-05
1295694135115087874,negative,0.0001417892679741681
1295694138483105792,negative,0.0001417892679741681
1295694139284234242,negative,0.0010920145700008843
1295694145160437763,negative,5.808226083575491e-07
1295694151531585541,negative,0.0003075850370888771
1295694152160731136,neutral,0.6052937896341655
1295694152907272192,negative,0.0003075850370888771
1295694154543124480,negative,0.0010920145700008843
1295694155759394819,negative,0.0001417892679741681
1295694156300517382,negative,6.817802069355438e-05
1295694157030273025,negative,0.013510911875181624
1295694157630132224,negative,0.0001417892679741681
1295694160121536513,negative,0.0001417892679741681
1295694160373129217,neutral,0.5136446707795853
1295694163745415171,negative,0.00036154896390077485
1295694166614257664,negative,0.0012298040458753941
1295694167075704834,negative,0.004756625100826111
1295694169592205312,negative,8.398724171265923e-08
1295694179239067653,negative,0.008777553416962208
1295694181139189761,negative,0.0001417892679741681
1295694184159076353,negative,0.0001417892679741681
1295694187531243521,negative,4.575287963054254e-07
1295694191029297154,negative,0.0001417892679741681
1295694191155175424,negative,1.7002624864940488e-07
1295694194095190018,negative,2.0094107120612054e-07
1295694196133826560,negative,0.0003025525396973167
1295694197576683522,negative,0.0008153000640337071
1295694199124365314,negative,0.08292215057610886
1295694203901620225,positive,0.7498249086873967
1295694204782481409,negative,0.0010920145700008843
1295694212894162946,negative,0.0001417892679741681
1295694213674344449,negative,0.0001417892679741681
1295694215125639175,negative,0.00011091324235934246
1295694223455526914,negative,0.0001417892679741681
1295694223673565184,negative,3.9270661039272235e-08
1295694225175187459,negative,0.2451456670032199
1295694226827640832,negative,0.0001417892679741681
1295694227737849856,negative,0.010169097293237549
1295694237367971840,positive,0.9739322021227819
1295694237682606081,negative,2.6094341533998746e-05
1295694240719175680,negative,2.0133275498438395e-05
1295694241772052480,negative,0.00018461212049835743
1295694243147796480,negative,0.0060502823314950785
1295694245542670338,negative,0.09978547689809966
1295694246146695168,negative,0.2836161245441281
1295694246373195779,negative,0.0001417892679741681
1295694249057554432,negative,0.1851410649687554
1295694249581846528,negative,3.531594606389757e-07
1295694249703309313,negative,0.02650540680745208
1295694251762888704,negative,0.0015245198159880816
1295694253692256257,negative,3.952438612323132e-10
1295694255730688001,negative,0.0001417892679741681
1295694258280648704,negative,3.1939503982529068e-06
1295694262915543040,negative,0.18124181380795734
1295694263792132098,negative,0.0001417892679741681
1295694267747377152,negative,3.270660091533113e-05
1295694274374307840,negative,0.014302501648573218
1295694274512773121,negative,0.01838385355664849
1295694275519426560,negative,0.033581245800541226
1295694283882848262,negative,1.1879577725905539e-07
1295694287376654336,negative,0.028924131120943778
1295694290534961152,negative,0.0010920145700008843
1295694293370318848,negative,4.843842678480603e-05
1295694296910307331,negative,0.0036329296132540856
1295694301989687297,negative,0.00015270296279280702
1295694306628505606,negative,0.0001417892679741681
1295694312718643200,negative,0.15285439983202498
1295694313792450561,negative,0.00045979196995731214
1295694322680160256,negative,1.0976831218835676e-12
1295694323514781697,negative,0.13559648630100257
1295694338232590336,negative,0.008777553416962208
1295694341109952512,negative,5.487973340630601e-07
1295694342015909889,negative,0.05221910439986508
1295694342145937409,neutral,0.4532243126278243
1295694347921494016,negative,0.0010920145700008843
1295694351729864704,negative,0.0001417892679741681
1295694355739676674,negative,0.0001417892679741681
1295694356779864069,negative,1.3863374170527143e-06
1295694357853540364,negative,0.0005504293666461777
1295694359719968768,negative,0.0001417892679741681
1295694364602175494,neutral,0.40674001738839816
1295694366665777152,positive,0.9964443882379201
1295694369647996931,negative,0.02650540680745208
1295694370038075398,negative,0.0060502823314950785
1295694370075824129,negative,0.000964658993917683
1295694376186851328,negative,0.0001417892679741681
1295694380083433478,negative,0.0003025525396973167
1295694386576142336,negative,0.0003075850370888771
1295694387616374784,negative,0.0001417892679741681
1295694387972718593,negative,3.476753877418743e-08
1295694390162268160,negative,9.780408819208924e-05
1295694397544304640,negative,0.0001417892679741681
1295694398328582144,negative,0.0001417892679741681
1295694406297817089,negative,0.014216524197645583
1295694408264880133,negative,0.0013819688705407982
1295694408566726657,neutral,0.3911694373968675
1295694408650821632,negative,0.23745511186307378
1295694414833221633,negative,1.020855222819115e-09
1295694415906910208,negative,5.316902093933934e-06
1295694418792587264,negative,9.399092349675915e-06
1295694422299021312,negative,0.06161537906806061
1295694422680772610,neutral,0.41077465999263246
1295694423515430913,negative,0.0001417892679741681
1295694428800253953,negative,1.386942646094858e-08
1295694434361839616,negative,0.0125267217936657
1295694436949778432,negative,0.0001417892679741681
1295694438484844549,negative,0.00047032022260632604
1295694440695320576,negative,0.0003075850370888771
1295694444516315136,negative,3.314886641772634e-05
1295694444784648193,negative,0.02299970135322675
1295694446315675648,negative,0.0001417892679741681
1295694454750187520,neutral,0.49789225920557484
1295694459431247878,neutral,0.4737554465528978
1295694463977828352,negative,2.9797603293437707e-06
1295694466637012994,negative,0.291757588327275
1295694471955439616,negative,0.010477920825040784
1295694472332836870,negative,0.014996418683775879
1295694473117278208,negative,0.0001433969649832403
1295694474602057729,negative,0.0006536278638534667
1295694475378020353,negative,0.00029195410350033024
1295694475940057090,negative,0.0016715520415613535
1295694479308054528,negative,2.758796716347878e-06
1295694479475834881,neutral,0.49789225920557484
1295694480188866564,negative,0.00012701028201835134
1295694486333460480,positive,0.7313513059485367
1295694489391190016,negative,0.09846480640945898
1295694491991658496,negative,0.0001417892679741681
1295694492700495873,negative,1.386942646094858e-08
1295694493778354177,negative,8.590397260041422e-06
1295694494646534145,negative,0.0002676475954483508
1295694497578393600,negative,0.0001417892679741681
1295694500057186304,negative,8.235108571177201e-12
1295694506789146624,negative,0.310581112478079
1295694508479348738,negative,0.015360232030746535
1295694508743700480,negative,1.4812368897707787e-05
1295694511398621184,negative,9.386465810966805e-12
1295694514707931136,negative,0.004869463095146272
1295694517283237891,negative,0.007384138028323276
1295694520630292481,negative,0.005246160535052898
1295694523499249664,negative,0.010664964479300239
1295694526527541253,negative,0.010664964479300239
1295694528062672896,negative,0.0011050839606330934
1295694537847902208,negative,0.001313854988991713
1295694541899653121,negative,0.0005366602025698527
1295694550116323331,negative,1.386942646094858e-08
1295694550539829249,negative,9.436401544104302e-06
1295694552582496258,negative,0.0001417892679741681
1295694552649674752,negative,0.00040722276291450295
1295694553509433344,negative,0.0001417892679741681
1295694556718084099,negative,0.10933936873766857
1295694558093873152,negative,0.0001417892679741681
1295694563387072513,negative,0.053927493234337605
1295694563915571201,negative,0.0001417892679741681
1295694564171362304,negative,2.9002980814925817e-07
1295694568965505024,negative,0.0001417892679741681
1295694569905029121,neutral,0.5495922250151081
1295694572002185216,negative,0.00010017056144494442
1295694573570859009,negative,1.8211013938107177e-13
1295694574904639494,negative,0.0001417892679741681
1295694579207999488,negative,0.2207058397378527
1295694579715452931,negative,0.2954869397896005
1295694584740286464,negative,0.04565168522601957
1295694584799014923,negative,0.0003075850370888771
1295694585042214912,negative,0.02683573902269773
1295694591329525761,negative,0.0010920145700008843
1295694593514766336,negative,9.96791631022445e-11
1295694597671342085,negative,0.0001417892679741681
1295694598778630145,negative,0.008495885178714
1295694604726149121,negative,0.01656192644602075
1295694612275900416,negative,0.006831278837107926
1295694623675949056,negative,0.00015270296279280702
1295694632727318529,negative,0.0047977260186318075
1295694634249854977,negative,1.1873511993518155e-14
1295694636313387010,negative,0.10045096184608983
1295694637185867776,negative,0.0001417892679741681
1295694638012039175,negative,0.0001417892679741681
1295694641594064898,negative,2.5521353504829338e-08
1295694648577609729,neutral,0.3385252644667176
1295694674439569410,neutral,0.5288451690252718
1295694679275708416,negative,1.2112095719690975e-05
1295694679971954689,negative,0.00018499587058611356
1295694679992934401,negative,1.4140594018826095e-17
1295694683679711234,negative,0.0047977260186318075
1295694683927130113,negative,0.0010920145700008843
1295694684384305152,negative,0.0001417892679741681
1295694685407772677,negative,0.0001417892679741681
1295694691313295368,neutral,0.5934125502588049
1295694693234348033,negative,0.007384138028323276
1295694694119284736,negative,0.000763601014889796
1295694697374134274,negative,5.662793670611834e-08
1295694701127970816,negative,0.0001417892679741681
1295694710724591621,negative,0.03763561171245476
1295694711961919488,negative,0.0003075850370888771
1295694716135145472,negative,0.17823154162182836
1295694716147834880,negative,0.0003075850370888771
1295694716634308608,negative,0.0039154224093537835
1295694718299443200,negative,0.0001417892679741681
1295694727371730944,neutral,0.5672413396080165
1295694727476662273,negative,1.1360080990530565e-06
1295694729485713408,negative,0.0003365215056095959
1295694730165202946,negative,0.010664964479300239
1295694734044930049,neutral,0.33534866839617805
1295694734397247488,negative,0.12939205663304149
1295694737471672326,negative,6.094511374605174e-07
1295694739119968256,neutral,0.3722486922901105
1295694747047284737,negative,0.0001417892679741681
1295694752323637248,negative,0.0001417892679741681
1295694765074386946,negative,0.005664715694701839
1295694766005518342,positive,0.7812021063564741
1295694766441627651,negative,0.022291731149299266
1295694770552164352,negative,0.0001417892679741681
1295694773257371650,negative,0.0654023096897708
1295694774574358529,negative,0.0006493139249033249
1295694776935882752,negative,0.00148354092482955
1295694778152243200,negative,0.0039154224093537835
1295694779527962627,negative,0.0001417892679741681
1295694784628236295,negative,1.386942646094858e-08
1295694791766835200,negative,0.0001417892679741681
1295694793092337666,negative,0.0016715520415613535
1295694793746587648,negative,7.379436507058362e-07
1295694794069626881,negative,4.6387802082952446e-05
1295694797114662914,negative,0.0001417892679741681
1295694799085932546,negative,3.51555212146469e-10
1295694799773802502,negative,0.0047977260186318075
1295694805922652162,negative,0.2533146105347838
1295694807285800960,negative,0.0001417892679741681
1295694809361985536,negative,3.385318681254215e-14
1295694811878612992,negative,0.0001417892679741681
1295694812113448967,negative,6.909700150617619e-09
1295694817066917890,negative,0.0001417892679741681
1295694818119692290,negative,0.1713204787694225
1295694821793898497,negative,0.0001417892679741681
1295694822842535938,negative,0.0037892416665559134
1295694829989638144,negative,6.573949656500452e-08
1295694833642811393,negative,0.0015057753695290747
1295694834364231681,negative,0.0001417892679741681
1295694837015027713,negative,0.0032299739643758584
1295694838210400256,negative,0.11964955373871117
1295694841800798209,negative,0.0001417892679741681
1295694846167068672,negative,0.0018496406265144374
1295694848499036160,negative,0.0009173530820455925
1295694851955200005,negative,0.004399646336844156
1295694854631104512,negative,0.00029195410350033024
1295694855239340034,negative,1.959087819098671e-06
1295694858292801536,negative,0.00037360817429491286
1295694861094486018,negative,0.0009036277456178313
1295694864038932482,negative,0.00012701028201835134
1295694870800146432,negative,0.0001417892679741681
1295694870850555905,negative,1.668948024316397e-09
1295694872750563338,negative,0.02650540680745208
1295694873471913985,negative,1.1173940701739457e-13
1295694880371613697,negative,0.0001417892679741681
1295694881361461249,negative,0.0001417892679741681
1295694884922368000,negative,1.2670779013844055e-06
1295694889628446720,negative,0.16733962349136758
1295694892161814528,negative,0.010664964479300239
1295694895923986433,negative,0.010169097293237549
1295694898306392076,negative,7.80250812524552e-07
1295694899124342785,negative,4.505156677478497e-08
1295694900172918790,negative,3.314886641772634e-05
1295694906657316865,negative,0.00010688961485967637
1295694911254257664,negative,7.92050097575363e-07
1295694914488066048,negative,0.00028701251504702083
1295694918128672773,negative,0.0001417892679741681
1295694919445749761,negative,0.013476248589915873
1295694919584161792,negative,0.06436402897841988
1295694924885745664,negative,1.2618431270156753e-11
1295694926135668738,negative,4.8713362881954664e-08
1295694938974322688,negative,1.5261767358096904e-05
1295694943382581249,negative,5.760574419111332e-09
1295694943508365312,negative,0.030579449296623786
1295694944905113600,negative,0.0019350538284953448
1295694945249046529,negative,4.843842678480603e-05
1295694948457684993,negative,0.0008535316718191474
1295694950408114176,negative,0.1475943831968278
1295694956527583233,negative,1.386942646094858e-08
1295694957324521472,negative,0.0010920145700008843
1295694961048989697,negative,3.167767271083696e-10
1295694964534411264,negative,0.00018461212049835743
1295694965058744322,negative,0.0009036277456178313
1295694965813764101,negative,4.510996642825086e-06
1295694966681997312,negative,0.02650540680745208
1295694967348834304,negative,0.0001417892679741681
1295694969311825928,negative,0.0002252751955455335
1295694969550843904,neutral,0.4494417523158671
1295694969861279744,negative,0.0002518326335912021
1295694980397309954,negative,0.002892489556821477
1295694984352608257,negative,0.00176398151774502
1295694986302959616,negative,2.9519900350819226e-05
1295694991436795908,negative,0.0009036277456178313
1295694995920478211,negative,0.0001417892679741681
1295694998676045825,negative,1.2075684323469596e-11
1295695001830199296,negative,1.596572941624551e-05
1295695004640346117,negative,0.0001417892679741681
1295695011141615616,negative,3.6045416636370495e-09
1295695012303446018,negative,0.001982514071790782
1295695016443162624,negative,0.0001417892679741681
1295695019957981184,negative,0.0012298040458753941
1295695022491340801,negative,0.004549788300401896
1295695026526269440,negative,0.0015558178413717235
1295695028355059716,negative,6.17448464958909e-05
1295695031475503104,negative,0.005246160535052898
1295695040384307201,negative,0.0009036277456178313
1295695042183651328,negative,1.8339167264362405e-09
1295695043886485504,negative,0.0001417892679741681
1295696356569473027,negative,0.0047977260186318075
1295696359111176193,negative,0.0001417892679741681
1295696361971691521,negative,0.013510911875181624
1295696362986786816,negative,0.000607792892052278
1295696367663423488,negative,1.5278868565323914e-10
1295696368376459264,negative,0.0001417892679741681
1295696369311776774,negative,0.057032313436927454
1295696370372882432,negative,0.0001417892679741681
1295696372256182274,negative,1.572356955203394e-05
1295696373547970561,negative,0.0001417892679741681
1295696374806216710,negative,0.11952741736175551
1295696375095668736,negative,0.0003075850370888771
1295696377389953024,negative,2.8500670928083064e-05
1295696377729748994,negative,0.0005120864597516413
1295696378191122433,negative,0.17823154162182836
1295696380011450368,negative,0.013510911875181624
1295696388332888065,negative,0.0625932855156542
1295696390148980736,negative,0.0001417892679741681
1295696391977795585,negative,2.9288976506066385e-05
1295696396423766016,negative,0.2207058397378527
1295696397535256581,negative,9.276317013424799e-06
1295696398097297408,negative,0.0001417892679741681
1295696400299315200,negative,0.012928714560703809
1295696408889131013,negative,0.0010920145700008843
1295696413171621888,negative,0.00018499587058611356
1295696413259685899,negative,0.005763614611736948
1295696413955952640,negative,0.008379964333392938
1295696415331581952,negative,0.0015645295878872025
1295696418540269569,negative,0.0001417892679741681
1295696420952051718,negative,4.5818022217529554e-05
1295696422612930560,negative,1.386942646094858e-08
1295696426543075329,negative,2.956688311071357e-06
1295696427633577988,negative,7.719743614592279e-05
1295696436877819904,negative,0.0012298040458753941
1295696442921758723,negative,0.009140533398510372
1295696445404844033,neutral,0.35682531487434804
1295696447850131456,negative,0.028924131120943778
1295696450609872896,negative,0.0001417892679741681
1295696455383101441,negative,4.799871959388057e-06
1295696455433359360,negative,0.00018499587058611356
1295696464409223169,negative,0.0001417892679741681
1295696464765759493,negative,0.010169097293237549
1295696464975482885,negative,0.00015270296279280702
1295696465801732097,negative,0.0003952310193725482
1295696469110984706,negative,0.0047977260186318075
1295696471057223681,negative,0.011108326545754766
1295696471149469704,neutral,0.35714095586477146
1295696475868061697,negative,0.0008207866207153072
1295696477084438529,negative,5.316902093933934e-06
1295696478929920002,negative,0.008003179736906
1295696482537033728,negative,7.679228486656021e-05
1295696486139867136,negative,1.386942646094858e-08
1295696486450311168,negative,0.0001417892679741681
1295696488690049028,negative,0.014996418683775879
1295696488891392000,negative,0.0001417892679741681
1295696491529502725,negative,0.1527202800948035
1295696493735817218,negative,0.008637844306078937
1295696494608121856,negative,0.0047977260186318075
1295696496810012672,negative,1.0954159083867796e-11
1295696499788087297,negative,0.0001417892679741681
1295696502648709120,negative,0.0009173530820455925
1295696514979954688,negative,0.0003615108443868376
1295696515629973505,negative,0.02683573902269773
1295696516607356928,negative,0.10307844033868241
1295696523456647168,negative,0.2549878309182747
1295696531065131008,negative,0.0001417892679741681
1295696532226953217,negative,0.0015558178413717235
1295696536719024128,negative,0.033072379404414674
1295696537109106688,negative,0.0001417892679741681
1295696543975178241,negative,0.0001864610462339881
1295696544348413953,negative,1.7537829378556664e-09
1295696548710486017,negative,5.481325957463688e-06
1295696552804200451,negative,0.0001417892679741681
1295696555354333185,negative,9.718332417899645e-07
1295696555513651200,negative,1.1314946433252236e-05
1295696558269386752,negative,0.011393824640194393
1295696560123252737,neutral,0.49789225920557484
1295696564598571008,negative,0.0001417892679741681
1295696565978509313,negative,2.479994834435802e-09
1295696573133983744,negative,0.0025510940324575287
1295696574392283138,negative,2.7367259850330183e-07
1295696580113321987,negative,1.386942646094858e-08
1295696583271514113,negative,0.0001417892679741681
1295696583686860800,negative,4.0778502193031716e-09
1295696589038792705,neutral,0.49789225920557484
1295696590775160832,negative,0.0015645295878872025
1295696598547169287,negative,0.0001417892679741681
1295696598677291008,negative,0.0004934805577639892
1295696612019314690,negative,8.320274930410065e-05
1295696615618105344,negative,0.00029195410350033024
1295696617165791235,negative,0.0001417892679741681
1295696618356977665,negative,0.0001417892679741681
1295696623927001088,negative,0.0001417892679741681
1295696627160752132,negative,0.0001417892679741681
1295696636769964033,negative,2.752744151652136e-05
1295696646303612929,negative,0.0001417892679741681
1295696647100473345,negative,0.0001417892679741681
1295696648425873408,negative,0.0001417892679741681
1295696648849555456,negative,0.0001417892679741681
1295696653505241091,negative,0.025130287626880018
1295696653966610432,negative,0.0001417892679741681
1295696654214062083,negative,0.01656192644602075
1295696664984985600,negative,0.00014610507521348927
1295696667954601987,negative,0.0009604010392818498
1295696668579508224,negative,0.013672524546166128
1295696672647983105,negative,0.17823154162182836
1295696673117745155,negative,0.0001417892679741681
1295696680420024320,negative,0.013510911875181624
1295696681955143680,negative,0.013510911875181624
1295696682856873986,neutral,0.5136446707795853
1295696690457059329,negative,0.010169097293237549
1295696695276318720,negative,0.011519454585165541
1295696698665205760,negative,1.386942646094858e-08
1295696701706121216,negative,0.0003075850370888771
1295696702100447235,negative,0.00014481153131331055
1295696707691347969,negative,0.00029195410350033024
1295696707800489985,negative,0.0001106800727466052
1295696711541719041,negative,0.0047977260186318075
1295696712519081991,negative,0.013413670332848836
1295696714024857601,negative,0.0001417892679741681
1295696714335227904,negative,0.17823154162182836
1295696725705990146,negative,0.00010350536314417064
1295696725844398081,negative,0.0001746577463108039
1295696726712451078,negative,8.648702689458968e-05
1295696728453263365,negative,0.0002047870926257499
1295696729254301701,negative,0.00021435005400956804
1295696735042494464,negative,1.2855036611931897e-08
1295696735608635398,negative,0.0001417892679741681
1295696745452707840,negative,0.0003075850370888771
1295696745507291138,negative,0.10307844033868241
1295696747122040833,negative,0.0010920145700008843
1295696747600257024,negative,0.008621902574821682
1295696751039582208,negative,0.013510911875181624
1295696752536887299,neutral,0.3519927622691324
1295696757544882181,negative,6.020190388801443e-07
1295696762263482371,negative,0.0001417892679741681
1295696765447032832,negative,1.1879577725905539e-07
1295696768404017155,negative,1.386942646094858e-08
1295696774657712129,negative,0.0002047870926257499
1295696776377372674,negative,0.0001417892679741681
1295696780445782018,negative,0.02726850396549717
1295696786347175937,negative,2.73649528317635e-05
1295696809390735363,negative,5.808893629344439e-07
1295696820866342912,negative,0.0010920145700008843
1295696822581723143,negative,0.0015245198159880816
1295696824221696000,negative,0.011969113250773223
1295696845310763009,neutral,0.49789225920557484
1295696849949667328,negative,0.0003075850370888771
1295696850813693953,negative,0.014216524197645583
1295696857662980097,negative,0.0001417892679741681
1295696858426290177,negative,3.4837327009632807e-07
1295696865049153537,negative,0.0001417892679741681
1295696875727851521,negative,4.8977994913052255e-05
1295696880656158721,negative,0.013510911875181624
1295696887190892546,negative,0.00043540077682233764
1295696891712348160,negative,0.0001417892679741681
1295696892920299520,negative,1.3172070075965035e-05
1295696906329436160,negative,9.420616148021506e-06
1295696907642310656,negative,0.0001417892679741681
1295696910938931200,negative,0.0015542105018013096
1295696921391136774,negative,0.0021304149544705405
1295696927175172096,negative,2.7200506564386205e-06
1295696930325045255,negative,0.16810585175201795
1295696932246085632,negative,0.0001417892679741681
1295696932837429253,negative,8.15806408373814e-13
1295696933047214080,negative,0.0001417892679741681
1295696936100651008,negative,0.0016279165084206605
1295696937660952577,negative,0.030642482585042437
1295696940630519808,negative,0.13909884583435866
1295696941041557512,negative,0.0015558178413717235
1295696943478341633,negative,0.01916566958878128
1295696944183083013,negative,0.0047977260186318075
1295696948247371776,negative,0.17823154162182836
1295696949308424192,negative,0.05631547735053681
1295696949585367041,negative,3.392501925249331e-10
1295696951351169025,negative,0.0006944497833112551
1295696951753814016,negative,1.0996358370229104e-07
1295696952781418496,neutral,0.3333854762157764
1295696956644368386,negative,0.0038644155034522672
1295696956904398848,negative,4.5818022217529554e-05
1295696961895575552,negative,0.01773698664341462
1295696962013011969,negative,0.12976852911513756
1295696963971809285,negative,2.3539679927302056e-08
1295696966475821057,negative,2.194146463820844e-05
1295696971227967488,negative,0.0001417892679741681
1295696975552225280,negative,0.0002748735903416322
1295696981814317057,negative,0.0001417892679741681
1295696982498041856,negative,5.0969958144451644e-05
1295696985782132736,positive,0.8043533305044404
1295696989263405057,negative,0.0001417892679741681
1295696990681157632,negative,0.0010920145700008843
1295696993352916993,negative,0.0001417892679741681
1295696999317147649,negative,9.38811870327586e-07
1295697000420257793,positive,0.8326896210851136
1295697001955418115,negative,0.10063313347379305
1295697008192360453,negative,0.0001417892679741681
1295697016413130752,negative,0.0001417892679741681
1295697020712374272,negative,2.001276827538323e-06
1295697022092181506,negative,0.0032829252293608397
1295697023019220992,negative,0.0013921888339488854
1295697027347644419,negative,0.0001417892679741681
1295697049573351425,negative,0.00019039228461675893
1295697051456503810,negative,1.6376654603987802e-08
1295697055244079104,negative,0.0001417892679741681
1295697055759949832,negative,0.0010920145700008843
1295697068594520064,negative,4.0778502193031716e-09
1295697078316933123,negative,0.001402842044640527
1295697079071682560,neutral,0.593996461305536
1295697080057499648,negative,0.17823154162182836
1295697081064095744,negative,4.252324225842763e-05
1295697085258436608,negative,0.0060502823314950785
1295697085501710336,negative,3.449545022124913e-08
1295697086625845248,negative,0.17823154162182836
1295697090295799808,negative,0.0008460257973333692
1295697090769821698,negative,2.4615228839811947e-07
1295697096197181440,negative,0.2738990319481288
1295697099284250630,negative,0.002093167147277612
1295697099644952577,neutral,0.34514807198074465
1295697102278983680,negative,0.0047977260186318075
1295697108226514944,negative,0.00046812884602908696
1295697108448817153,negative,0.0002748735903416322
1295697108574580737,negative,1.386942646094858e-08
1295697116355014659,negative,0.0039154224093537835
1295697117365837825,negative,2.773037809116106e-07
1295697130661842945,negative,0.23146959233959927
1295697142145835008,negative,0.0001417892679741681
1295697142254833671,negative,1.386942646094858e-08
1295697143441887233,negative,4.5818022217529554e-05
1295697149255200768,negative,8.723139555122483e-07
1295697153654960128,negative,0.00020748052755475171
1295697161338998791,negative,1.1643302586829838e-07
1295697165356945410,negative,0.004051443147384882
1295697170386104321,negative,7.608493524954648e-06
1295697179986874369,negative,0.0001417892679741681
1295697185959489541,negative,0.0001417892679741681
1295697190644580353,negative,0.04537543937228612
1295697192234229760,negative,0.0001417892679741681
1295697199704219648,negative,0.001099630540594896
1295697206520025088,negative,6.855319607909865e-09
1295697206746525696,negative,0.0015558178413717235
1295697207929139200,negative,0.17823154162182836
1295697210320064513,negative,0.0003025525396973167
1295697213625176068,negative,0.010169097293237549
1295697217001607168,negative,0.0001417892679741681
1295697218654134272,negative,4.5818022217529554e-05
1295697220805840901,negative,0.00029195410350033024
1295697223163039745,negative,0.0001417892679741681
1295697232847609859,negative,0.002281344766021173
1295697236089856000,negative,2.708329616189073e-05
1295697238279237633,negative,0.0001417892679741681
1295697238509989891,negative,2.191883639151722e-14
1295697241454387200,negative,0.002575486166466995
1295697243404673024,negative,0.013510911875181624
1295697246839767040,negative,1.4650908508162608e-15
1295697252304982021,negative,1.8753678282619517e-07
1295697256247701505,negative,0.2677275061257796
1295697260366503936,negative,2.3602359513441465e-06
1295697268717355008,negative,0.0002047870926257499
1295697269388455936,negative,0.0001417892679741681
1295697270298546177,negative,0.0001417892679741681
1295697270831284224,negative,0.06377542223939002
1295697271821139971,negative,0.02650540680745208
1295697275981832192,negative,0.009950160722431965
1295697276631949322,negative,2.773037809116106e-07
1295697278699790336,negative,0.0001417892679741681
1295697279156916224,negative,9.96791631022445e-11
1295697292226428928,negative,0.0001417892679741681
1295697296601100288,negative,5.826727211218061e-08
1295697303014187008,negative,0.0625932855156542
1295697304708685827,negative,0.0032829252293608397
1295697308118638592,negative,0.0001417892679741681
1295697309359955968,positive,0.8561286392491565
1295697313852272640,negative,0.0002676475954483508
1295697320105959427,positive,0.7254989161449219
1295697320349175810,negative,0.0015558178413717235
1295697321683034114,negative,1.3809123301998155e-05
1295697322370691072,negative,1.386942646094858e-08
1295697325109776385,negative,7.608493524954648e-06
1295697325344555008,negative,3.314886641772634e-05
1295697327315877888,positive,0.9259019044101264
1295697328695910402,negative,0.20696274087128733
1295697331149512704,negative,0.011441229867657787
1295697331220881409,negative,1.386942646094858e-08
1295697334651760645,negative,1.1370224819388742e-06
1295697337143173120,negative,0.010664964479300239
1295697341073305601,negative,6.879699007006807e-07
1295697357556850690,negative,4.5818022217529554e-05
1295697357787586561,negative,0.0034613146429389066
1295697359519784961,negative,4.5818022217529554e-05
1295697365031165953,negative,0.17823154162182836
1295697365458980864,negative,0.0001417892679741681
1295697376485740549,negative,6.7463697216373306e-12
1295697388905078786,negative,1.386942646094858e-08
1295697389454598144,negative,0.010293709317434483
1295697391547490304,negative,0.0001746577463108039
1295697393590075392,negative,0.031303225376064156
1295697395112697857,negative,0.0001417892679741681
1295697395464966146,negative,0.013510911875181624
1295697396769398784,negative,2.0943174069447986e-06
1295697409608228867,neutral,0.49909327230760747
1295697418793648136,negative,0.0047977260186318075
1295697430416183296,negative,2.7301946966857965e-07
1295697433528336386,negative,0.0001417892679741681
1295697441237409793,negative,3.747833322283781e-05
1295697441283506176,neutral,0.528316761497956
1295697443229753347,negative,0.0001417892679741681
1295697444638986249,negative,0.0625932855156542
1295697450372599808,negative,0.021341223889046308
1295697452100706306,negative,0.0011012136441888047
1295697452511768576,positive,0.9210955197574207
1295697452662751235,positive,0.8651775776005285
1295697455703560192,negative,0.005246160535052898
1295697462678749188,negative,0.000957010523863975
1295697467254636544,negative,0.0003075850370888771
1295697469427208194,negative,0.0047977260186318075
1295697470408859648,negative,0.23745511186307378
1295697470761111553,negative,1.386942646094858e-08
1295697478768046080,negative,5.316902093933934e-06
1295697478919036928,negative,1.6820276934970228e-11
1295697483503472641,negative,1.274478839008887e-06
1295697486070329350,negative,1.690128767530883e-05
1295697490151276551,negative,2.408111092865365e-07
1295697491904671744,negative,5.3697729560209615e-09
1295697492995190787,negative,0.0009017261183988348
1295697494907723777,negative,0.0047977260186318075
1295697497206280193,negative,2.7254772900039793e-06
1295697503761899521,negative,2.9288976506066385e-05
1295697509617213440,negative,5.316902093933934e-06
1295697512389435393,negative,0.00010710335926892026
1295697521709391874,negative,4.843842678480603e-05
1295697522648920064,negative,0.016167092748641917
1295697526675451906,negative,5.316902093933934e-06
1295697529288433665,negative,0.0006881390524286034
1295697529707941888,negative,6.880662799638023e-07
1295697531654078464,negative,0.009829444566355997
1295697533583400964,negative,1.386942646094858e-08
1295697537425379329,negative,0.0001417892679741681
1295697539455475715,negative,0.02683573902269773
1295697545952399361,negative,0.0001417892679741681
1295697547454042115,negative,5.154071034142815e-07
1295697549374914560,negative,0.0625932855156542
1295697550457081857,negative,3.051594411846513e-11
1295697551270838273,negative,0.013510911875181624
1295697551849594881,negative,0.0015558178413717235
1295697553095372800,negative,0.010664964479300239
1295697555444178951,negative,1.386942646094858e-08
1295697562901651456,negative,0.0004751988660829467
1295697564893929472,negative,2.4567293219984064e-07
1295697569423785984,negative,7.728128677593929e-11
1295697569931300864,negative,3.169091938282018e-09
1295697572296888324,negative,3.314886641772634e-05
1295697573819428864,negative,0.0001417892679741681
1295697573945257984,negative,1.889739643726558e-09
1295697574322737162,negative,4.3604036584734434e-08
1295697580320534529,negative,4.5818022217529554e-05
1295697580719038466,negative,0.009109326236987568
1295697583399108608,negative,0.17823154162182836
1295697584980480001,negative,0.0010920145700008843
1295697585429270528,negative,1.8996734006017123e-08
1295697586997940225,negative,1.386942646094858e-08
1295697589208264704,negative,0.014316331370478228
1295697592404316160,negative,2.3602359513441465e-06
1295697600037953537,neutral,0.42943678910667643
1295697600973361158,negative,0.011775165677227748
1295697609278074880,negative,3.314886641772634e-05
1295697609991041024,negative,6.381561739068217e-05
1295697610360139777,negative,3.6712396976334236e-10
1295697619042394112,negative,1.386942646094858e-08
1295697633449848833,negative,4.422553319336841e-05
1295697638717890568,negative,0.00325791878361579
1295697639493828609,negative,0.0008782208217408624
1295697639569272834,negative,0.0001417892679741681
1295697640571707393,negative,0.0015558178413717235
1295697640663977986,negative,1.3591758483746483e-08
1295697644883451905,negative,0.08046899136183533
1295697649455304706,negative,0.0001417892679741681
1295697657000800256,negative,0.0010920145700008843
1295697663896301570,negative,0.0001417892679741681
1295697667998220288,negative,0.17823154162182836
1295697668958806017,negative,0.0010920145700008843
1295697670259068930,negative,0.0001417892679741681
1295697672503009280,negative,0.10307844033868241
1295697673467703301,negative,0.00020748052755475171
1295697673971015682,negative,0.002423121033569308
1295697674281398277,negative,6.563350366197262e-05
1295697682040852480,negative,0.00014610507521348927
1295697683424915456,neutral,0.35714095586477146
1295697688734900224,negative,0.0032829252293608397
1295697690312015872,negative,0.0001417892679741681
1295697714030796800,negative,0.007384138028323276
1295697718778658816,negative,8.398724171265923e-08
1295697720481644544,negative,0.0001417892679741681
1295697724785004544,negative,2.9288976506066385e-05
1295697727700054017,negative,1.7767006127456955e-07
1295697730887712768,negative,0.0001417892679741681
1295697744519139328,negative,0.0001417892679741681
1295697744762490882,negative,0.010169097293237549
1295697745215401985,negative,0.17823154162182836
1295697751892795398,negative,2.1787304777039783e-06
1295697754912686080,negative,0.0001417892679741681
1295697758737838081,negative,0.10307844033868241
1295697759538946050,negative,0.280173440961822
1295697768313491456,negative,0.010664964479300239
1295697771484385280,negative,0.10273284566500485
1295697772621058048,negative,0.0010920145700008843
1295697777549287424,negative,1.947213711843794e-09
1295697779982049280,negative,0.0001417892679741681
1295697782297239552,negative,0.0001417892679741681
1295697783027048450,negative,0.006681096358260175
1295697785434578947,negative,2.0607076354834124e-08
1295697791113732096,negative,7.379436507058362e-07
1295697791231172609,negative,0.009347026501991961
1295697791893884928,negative,0.0001417892679741681
1295697797963026433,negative,8.09550184761064e-08
1295697800131489792,negative,0.0001417892679741681
1295697811711954945,negative,1.901042105277641e-05
1295697813314166785,negative,1.0281205635261163e-08
1295697815772041216,negative,0.0001417892679741681
1295697821723746304,negative,0.04151665962993376
1295697822898061312,negative,0.02650540680745208
1295697826492624896,negative,0.0047977260186318075
1295697830053634048,negative,4.5818022217529554e-05
1295697832431820800,negative,0.0032229840862614176
1295697838878457856,negative,0.021773474209270328
1295697840862363649,negative,0.013510911875181624
1295697844771459074,negative,0.10307844033868241
1295697847845883905,negative,0.0001417892679741681
1295697851914346502,negative,0.0010920145700008843
1295697853273321473,negative,0.158955862888185
1295697855483699201,negative,0.0001417892679741681
1295697856767164417,negative,0.10307844033868241
1295697856838475777,positive,0.7850832398123497
1295697859711569929,negative,0.0001417892679741681
1295697862106521605,negative,0.0001417892679741681
1295697864023318529,neutral,0.46127768308170247
1295697866741157888,negative,0.0007142809144176848
1295697867005403141,negative,1.386942646094858e-08
1295697868481798144,negative,0.02650540680745208
1295697868997656577,negative,1.1502604725949827e-12
1295697869907927041,negative,0.0001417892679741681
1295697869920509952,negative,0.19033209215646588
1295697869933027328,negative,0.0001417892679741681
1295697882008485889,negative,1.386942646094858e-08
1295697890279555072,negative,1.386942646094858e-08
1295697893228240896,negative,0.011108326545754766
1295697896193568769,negative,3.314886641772634e-05
1295697899578363905,negative,2.099267010920027e-14
1295697901180592131,negative,3.231325231325202e-09
1295697904292835328,negative,0.16804417709778238
1295697909875384320,negative,2.479994834435802e-09
1295697911368515594,negative,0.0001417892679741681
1295697911376904193,negative,0.0001417892679741681
1295697913960685568,negative,0.00047606421663429725
1295697919534862336,negative,0.001099630540594896
1295697919593582592,negative,0.10045096184608983
1295697920562466816,negative,0.0047977260186318075
1295697920998682624,negative,0.0001417892679741681
1295697922240258051,negative,2.9288976506066385e-05
1295697922361892864,negative,4.3604036584734434e-08
1295697926153527296,negative,0.0001417892679741681
1295697926245814274,negative,0.013510911875181624
1295697930033287170,negative,0.016134973141567043
1295697933191577600,negative,3.314886641772634e-05
1295697933560668160,negative,0.0001417892679741681
1295697935536140288,negative,5.399444282574194e-07
1295697935859097601,negative,0.013510911875181624
1295697936064577543,negative,2.773037809116106e-07
1295697936995831813,negative,1.386942646094858e-08
1295697939503906817,negative,0.0025065350483294167
1295697941970255872,negative,0.10456458448122344
1295697944805613568,negative,3.314886641772634e-05
1295697949020782592,negative,0.013510911875181624
1295697949771653120,negative,0.00029195410350033024
1295697952359567360,negative,0.1648383853766487
1295697956142809088,negative,0.046866648454876404
1295697957442945024,negative,0.0043463460846490855
1295697958428696576,negative,0.02650540680745208
1295697965475074050,negative,7.1844221361667385e-06
1295697966372618245,negative,0.0010920145700008843
1295697973813424130,negative,0.000971762556324804
1295697976946458625,negative,4.658673332571692e-06
1295697982139052033,negative,0.0001417892679741681
1295697983439351808,neutral,0.5672413396080165
1295697983951048706,negative,5.316902093933934e-06
1295697987742703618,negative,0.0039154224093537835
1295697990120812546,negative,2.9288976506066385e-05
1295697991312060420,negative,1.386942646094858e-08
1295697998253629440,negative,2.708329616189073e-05
1295698001193775104,negative,0.004052393425475434
1295698003454578688,negative,0.02650540680745208
1295698007795675136,negative,1.6234752334450304e-08
1295698008395395072,negative,4.5818022217529554e-05
1295698008718311424,negative,4.00619241901865e-06
1295698011893440512,negative,0.0001417892679741681
1295698017018880001,negative,1.3794115177211136e-05
1295698017513857024,negative,7.377596935972284e-05
1295698027332673542,negative,0.0001417892679741681
1295698027546652673,negative,0.004052393425475434
1295698028226138112,negative,0.017178444783900387
1295698036123893761,neutral,0.523629908343724
1295698036807684096,negative,5.316902093933934e-06
1295698040104329216,negative,1.3081250604058153e-05
1295698040972554240,negative,0.0012061586780547178
1295698041329127424,negative,0.0039154224093537835
1295698043677835264,negative,4.0451305359175445e-08
1295698046068625409,negative,1.386942646094858e-08
1295698049889599489,negative,0.06161537906806061
1295698050569175043,negative,2.2641739035049523e-10
1295698051496108033,neutral,0.46127768308170247
1295698054805442561,negative,0.0012067065155449027
1295698054922883072,negative,0.0023798618683393345
1295698055652663303,negative,2.752744151652136e-05
1295698057787572225,negative,0.0034743113791275084
1295698063324000256,negative,0.0001417892679741681
1295698063412133889,negative,1.6490428343111955e-12
1295698063726608384,negative,9.008875507158061e-05
1295698066754994178,negative,0.0015645295878872025
1295698073511960577,negative,1.386942646094858e-08
1295698077488226304,negative,1.3172070075965035e-05
1295698079514066946,negative,0.0003821717481292627
1295698092151451649,negative,0.12722196693380752
1295698093804068864,negative,9.750216732376457e-06
1295698094999379970,negative,0.0001417892679741681
1295698095200772098,negative,1.9392739953215234e-07
1295698097222438914,negative,0.0047977260186318075
1295698102092009472,positive,0.7820245057598504
1295698103400632320,negative,0.0001417892679741681
1295698103522201602,negative,4.302555504077952e-05
1295698107246825472,negative,0.021076360211625542
1295698110543540226,negative,0.045381010226472486
1295698111860477954,negative,1.1436680438050146e-06
1295698116113506304,negative,0.0003025525396973167
1295698120840486914,negative,2.838941998221439e-05
1295698124900569089,negative,0.0047977260186318075
1295698125907267584,negative,0.0001417892679741681
1295698129472368644,negative,1.386942646094858e-08
1295698138246844416,negative,0.0047977260186318075
1295698140285276163,negative,1.8133598880352834e-06
1295698142847856640,negative,0.0007568755815828232
1295698145310117895,negative,0.0001417892679741681
1295698145549209600,negative,0.005246160535052898
1295698148728471552,negative,0.10307844033868241
1295698158836690945,neutral,0.49789225920557484
1295698159373410304,negative,0.0038161974891417526
1295698161411985409,negative,0.00019240184365825776
1295698166155751424,positive,0.9739322021227819
1295698167074357248,negative,0.09846480640945898
1295698170127802368,negative,0.013510911875181624
1295698172229103616,negative,0.0002676475954483508
1295698179330117632,negative,0.0035389120758549087
1295698180496121856,negative,3.1731444958407625e-10
1295698187404169216,negative,3.397944663414611e-05
1295698189320953861,negative,0.0041445296626078975
1295698196258263041,negative,1.907372961672695e-08
1295698200137957388,negative,0.07106817652631081
1295698208673406976,negative,0.0001417892679741681
1295698215002611712,negative,0.0005189112389060799
1295698220719497216,negative,0.20179717774138858
1295698224569896963,negative,0.00018461212049835743
1295698225161281538,negative,2.094075239653732e-05
1295698228017598470,negative,0.0003075850370888771
1295698230026674178,negative,0.10307844033868241
1295698230869663746,negative,0.2650038251848514
1295698233302437888,negative,0.0001417892679741681
1295698236028661760,negative,0.0001417892679741681
1295698236217466880,negative,0.0015558178413717235
1295698241321918464,negative,1.3208718159297616e-08
1295698243557494790,negative,6.519893942028847e-08
1295698246917074947,negative,0.0009013868300930839
1295698247734956032,negative,1.8193217241295354e-05
1295698248456429569,negative,0.09609265314937881
1295698256438075393,negative,0.07797341145496378
1295698259319676928,negative,0.02650540680745208
1295698261668503552,negative,0.17823154162182836
1295698265023959040,negative,0.0006060600447940641
1295698269629231104,negative,0.0005690727646216218
1295698274041712641,negative,0.0018355293641924677
1295698277011263489,negative,0.0001417892679741681
1295698278512828416,negative,2.0877378333979381e-10
1295698282266660865,negative,1.7842040640064772e-07
1295698286725206017,negative,5.186186166003807e-08
1295698289640312834,negative,0.0015558178413717235
1295698290336567298,negative,0.00018461212049835743
1295698296535687169,negative,0.0002676475954483508
1295698305905721345,negative,0.0034562628501210255
1295698317888954368,negative,7.215093415637248e-06
1295698322418802688,negative,1.092344820287671e-06
1295698323337285633,negative,0.003188148032095904
1295698330228592643,negative,0.00134991564860332
1295698330316611587,negative,0.0001417892679741681
1295698330534764544,negative,0.00015270296279280702
1295698334041231360,negative,6.83108161071026e-07
1295698339288305664,negative,0.0047977260186318075
1295698340483600384,negative,0.0001417892679741681
1295698341880303617,negative,2.046429206648397e-09
1295698342794723329,negative,0.0013921888339488854
1295698345764237313,negative,2.03835432398163e-09
1295698356682084352,negative,0.0001417892679741681
1295698372138078208,negative,0.0001417892679741681
1295698381143183360,negative,0.09846480640945898
1295698382518919168,negative,0.0001417892679741681
1295698388353191937,negative,0.0001417892679741681
1295698388600659971,negative,0.015928112378153985
1295698391708717063,negative,0.0006493139249033249
1295698393642262528,negative,6.933338503731631e-09
1295698401108131840,negative,2.100066831441923e-05
1295698403368804354,negative,0.0015940282927165387
1295698416065024001,negative,8.590397260041422e-06
1295698417621008385,negative,0.0047977260186318075
1295698430753492993,negative,0.006202542200322855
1295698443587981313,negative,0.006214843962711178
1295698444221329409,negative,5.714677268444864e-10
1295698458553339905,negative,0.10995702551187829
1295698464513372160,negative,0.1276018758003671
1295698465993953281,negative,2.955542407550635e-05
1295698469613699073,negative,0.00018461212049835743
1295698471211749376,negative,0.0001417892679741681
1295698475598974978,negative,8.394383853247023e-09
1295698477016592385,negative,0.03224661429551025
1295698483391979525,negative,0.0001417892679741681
1295698489003978753,negative,0.19096328290851394
1295698491705036802,negative,0.015928112378153985
1295698494162903041,negative,1.2838195782002328e-09
1295698496050335750,negative,0.03403836900369092
1295698497707089922,negative,0.018219455946538943
1295698499338735616,negative,0.06161537906806061
1295698499519090692,negative,5.316902093933934e-06
1295698500798251008,negative,0.17823154162182836
1295698511078592513,negative,0.0001332558447073089
1295698511611285504,negative,0.0001417892679741681
1295698512592674817,negative,2.3602359513441465e-06
1295698515599994881,negative,8.38929004911939e-05
1295698519114883072,negative,0.0001417892679741681
1295698520197013505,negative,5.455442452472854e-05
1295698520436019200,negative,0.0003025525396973167
1295698522579390464,negative,0.0005146012218074011
1295698527201492994,negative,5.251274756056862e-06
1295698529684422657,negative,1.595631648221617e-06
1295698535430660097,negative,0.00045063792044688537
1295698553872900101,negative,3.627924202114769e-06
1295698556800708609,negative,0.0001417892679741681
1295698563226382344,negative,0.00015270296279280702
1295698564425949184,negative,0.0004519299298284086
1295698564975341569,negative,0.0011966361123932293
1295698569538809856,negative,1.9090829575400077e-10
1295698572856287232,negative,0.0001417892679741681
1295698575998033925,negative,0.13909884583435866
1295698576182476801,negative,0.0001417892679741681
1295698582662717442,negative,0.0032829252293608397
1295698584596295680,negative,2.773037809116106e-07
1295698589717598208,negative,0.0015558178413717235
1295698589923057664,negative,0.00014961061954332292
1295698590095093761,negative,0.05853833746841595
1295698591906967553,negative,0.013403461960793799
1295698593500860418,negative,0.0001417892679741681
1295698597527400448,negative,0.0015558178413717235
1295698600933175296,negative,0.17823154162182836
1295698601977446401,negative,8.673004460306874e-11
1295698603441356802,negative,3.131393934764241e-05
1295698606708740101,negative,1.386942646094858e-08
1295698608516403200,negative,1.1879577725905539e-07
1295698610298982400,negative,2.7927402856237496e-07
1295698610986913796,negative,0.0008535316718191474
1295698612224241664,negative,0.008709236111111098
1295698615747448834,negative,0.0047977260186318075
1295698616963694594,negative,0.004549788300401896
1295698622898745344,negative,0.0003263535842035202
1295698624228327424,negative,0.0034562628501210255
1295698629278212098,negative,0.0015645295878872025
1295698632004468737,negative,0.0047977260186318075
1295698632084197376,positive,0.7175445318003882
1295698633006907392,negative,0.0001417892679741681
1295698636400136194,negative,0.0007030171642852991
1295698637440385024,negative,7.259903731710855e-20
1295698639151673344,negative,0.0001417892679741681
1295698639482953729,negative,1.2423961771492144e-09
1295698643127762944,negative,0.0009521244585111904
1295698645791186947,negative,2.708329616189073e-05
1295698656109244416,negative,0.2207058397378527
1295698658797789185,negative,0.015928112378153985
1295698662014824450,negative,1.7814619005461834e-06
1295698662547480578,negative,8.364634226483882e-05
1295698663696748544,negative,2.592793758464352e-12
1295698666125250560,negative,0.0010920145700008843
1295698666926288897,negative,7.5827824311797e-11
1295698668755079174,negative,3.330190845372144e-08
1295698675096748032,negative,3.459026995891052e-05
1295698675424002049,negative,0.02009230691238689
1295698679374974978,negative,0.0001417892679741681
1295698685137952768,negative,2.9288976506066385e-05
1295698689206312965,negative,0.1450699920945621
1295698693140733952,negative,0.0001417892679741681
1295698696076763138,negative,0.0001417892679741681
1295698697016291329,negative,0.010191236667404343
1295698697892888577,negative,1.3064978461748322e-09
1295698698052263937,negative,0.0001417892679741681
1295698702103912448,negative,0.0001417892679741681
1295698705073483783,negative,0.004241854255337168
1295698705287454720,neutral,0.49789225920557484
1295698710672924679,negative,0.007562357945901555
1295698711063015425,negative,0.0015558178413717235
1295698718411444232,negative,0.1298127588845223
1295698721297125376,negative,0.0001417892679741681
1295698723994054656,negative,3.424679506399329e-12
1295698727919919106,negative,0.31366235962393535
1295698739303194624,negative,0.0032829252293608397
1295698742033682432,negative,0.0006778096053119959
1295698751768662016,negative,0.0001417892679741681
1295698758899048448,negative,0.0001417892679741681
1295698765446250498,positive,0.8326896210851136
1295698766088097793,negative,0.02650540680745208
1295698769665830914,negative,1.386942646094858e-08
1295698770819194881,negative,0.00015270296279280702
1295698770928250884,negative,0.00018461212049835743
1295698771091828737,negative,2.9288976506066385e-05
1295698777919983616,negative,0.06500952152850621
1295698781455945730,negative,0.013510911875181624
1295698781485379586,negative,4.799871959388057e-06
1295698781716045824,negative,0.03889721158873237
1295698785591537665,negative,0.11115402361896808
1295698787109830657,negative,1.6202919925164197e-05
1295698787420299264,negative,1.386942646094858e-08
1295698788355575808,negative,0.1450740554869361
1295698789068668935,negative,0.0003025525396973167
1295698791815958533,negative,0.17823154162182836
1295698793736867841,negative,0.0047977260186318075
1295698794479341568,negative,2.708329616189073e-05
1295698797696290818,negative,0.2207058397378527
1295698798631694336,negative,0.005246160535052898
1295698801634627585,negative,0.0047977260186318075
1295698802339454979,negative,0.00171443560847675
1295698806219120640,negative,0.0001417892679741681
1295698809494929415,negative,4.284095474424872e-05
1295698810006638592,positive,0.9739322021227819
1295698814653861889,negative,1.7814619005461834e-06
1295698819003318273,negative,0.0001417892679741681
1295698819095695362,negative,0.0001417892679741681
1295698819170971649,negative,0.0006898407258329784
1295698823873003522,negative,1.386942646094858e-08
1295698824200097793,negative,0.0029094368272099317
1295698830143479811,negative,0.00015270296279280702
1295698830902661120,negative,0.0001417892679741681
1295698831598919686,negative,7.69830979839651e-07
1295698835164090369,negative,0.0047977260186318075
1295698839710703616,negative,0.0001417892679741681
1295698842545983494,negative,1.386942646094858e-08
1295698842604765186,negative,0.0016228749293788287
1295698846169866241,negative,7.377596935972284e-05
1295698846488711173,negative,6.602350695726861e-09
1295698851404414977,negative,0.019710474066289226
1295698854634037248,negative,0.0001417892679741681
1295698855648997376,negative,1.7814619005461834e-06
1295698856680792065,negative,0.0010312487534403613
1295698860157829127,negative,0.0001417892679741681
1295698870920519681,neutral,0.49789225920557484
1295698871067303937,negative,0.0016905924355531798
1295698872724070402,negative,0.0001417892679741681
1295698875429326848,negative,0.0001417892679741681
1295698878810017794,negative,1.8732863845969844e-08
1295698879317450752,negative,0.0001746577463108039
1295698880416423937,negative,0.0001417892679741681
1295698880617742337,negative,1.3172070075965035e-05
1295698882240958466,negative,0.10273284566500485
1295698895960408064,negative,1.763049871998641e-05
1295698898456137728,negative,0.0028181448526341506
1295698901224366080,negative,0.0001417892679741681
1295698908044308481,negative,4.5818022217529554e-05
1295698923302993920,negative,9.211441986049767e-05
1295698925048008704,negative,0.0001417892679741681
1295698925895196674,neutral,0.42943678910667643
1295698926406971393,negative,2.8500670928083064e-05
1295698929355501568,negative,0.0039154224093537835
1295701863933894658,neutral,0.5420654425734331
1295701865183825921,negative,7.055330151767574e-07
1295701873786265600,negative,0.0015542105018013096
1295701874428071936,negative,1.6886833090338673e-06
1295701877900955648,negative,0.043580309503181064
1295701878098071555,negative,0.0001417892679741681
1295701885920382978,negative,0.0047977260186318075
1295701888302755841,negative,0.0001417892679741681
1295701889766641669,negative,9.280830068568385e-10
1295701890597101570,negative,0.3212381777928367
1295701892559929350,negative,2.773037809116106e-07
1295701893231108103,negative,0.0047977260186318075
1295701894711709696,negative,2.0409140831788567e-06
1295701895042957312,negative,1.386942646094858e-08
1295701896351580162,negative,0.0057026107362551735
1295701901774856192,negative,2.8049712492899838e-08
1295701904811491329,negative,0.0001417892679741681
1295701908682924036,negative,9.910436974527679e-14
1295701911526682628,negative,2.9288976506066385e-05
1295701911870595072,negative,0.0005120864597516413
1295701911895769093,neutral,0.44515666723971453
1295701918875099136,negative,0.002354699755716456
1295701920598888452,negative,0.0001417892679741681
1295701924356988930,negative,0.0001417892679741681
1295701925095243783,negative,0.00190560469904171
1295701933823590400,negative,0.013510911875181624
1295701939364167682,neutral,0.474909001464967
1295701941956284417,negative,4.5818022217529554e-05
1295701942061150208,positive,0.9739322021227819
1295701949556367361,negative,0.017178444783900387
1295701950193905666,negative,2.0647624642110427e-05
1295701952597315584,negative,0.00031149165374442687
1295701955722072066,negative,0.0001417892679741681
1295701956032372737,negative,0.0033224897353310093
1295701959769501696,negative,3.060966347381254e-08
1295701960277004288,negative,1.386942646094858e-08
1295701963154370568,neutral,0.5523318573592522
1295701965880557570,negative,7.1844221361667385e-06
1295701968913076225,negative,0.00018461212049835743
1295701982414614528,negative,0.0004386530040098573
1295701982523674624,negative,0.00019591127112775022
1295701984922787840,negative,0.00043286021574652484
1295701989662359553,negative,2.2255833261674392e-07
1295701991222640640,negative,0.0001746577463108039
1295701997178494977,negative,0.010664964479300239
1295702000487870465,negative,0.0047977260186318075
1295702002526289920,negative,0.017178444783900387
1295702003574767617,negative,0.0015057753695290747
1295702010185093125,positive,0.7248307244784378
1295702013267849216,negative,7.478510093268202e-05
1295702013750239232,negative,0.02990041350213506
1295702015004246016,negative,0.23871696831429615
1295702020557541376,negative,0.06746812249448603
1295702027000057858,negative,0.0003263535842035202
1295702027155144704,negative,0.0001417892679741681
1295702029629890560,neutral,0.38080228299110946
1295702033178263562,negative,0.0001417892679741681
1295702034994335744,negative,0.0047977260186318075
1295702035006881792,negative,0.0008337306548949892
1295702039863988225,negative,0.0015057753695290747
1295702039972974593,negative,9.64643456035502e-05
1295702041721962503,negative,0.0002491012206960424
1295702045773701128,negative,0.046866648454876404
1295702049594716160,negative,0.0012828138331697494
1295702057471680512,negative,0.000927999885943392
1295702061594685440,negative,0.0008337306548949892
1295702063368884225,negative,0.0001417892679741681
1295702065109504000,negative,0.14859525750272992
1295702065222692864,negative,1.386942646094858e-08
1295702066053156864,negative,4.916235412588415e-05
1295702066170650626,neutral,0.3519927622691324
1295702074643091456,negative,0.05296568298310114
1295702083409149958,negative,0.028194334840726566
1295702086903046146,negative,6.815252905166684e-07
1295702087628664834,negative,0.04161797389690508
1295702091575549952,negative,1.386942646094858e-08
1295702091952947201,negative,0.008239628484586698
1295702094079504385,negative,0.0012623577316925247
1295702096919101442,negative,0.0001417892679741681
1295702097317498880,negative,4.284095474424872e-05
1295702098307252225,negative,0.0011146358308368927
1295702100970811395,negative,0.0039154224093537835
1295702101469925380,negative,0.0001335670110718447
1295702101637713920,negative,1.3172070075965035e-05
1295702104129110021,negative,0.07423789443282205
1295702104741498883,negative,2.9288976506066385e-05
1295702106746355713,neutral,0.5618992652620424
1295702108524740612,negative,0.0010920145700008843
1295702114421833729,negative,0.003080432598981001
1295702115218849792,negative,0.0001417892679741681
1295702118536564737,negative,0.25791745072898836
1295702120520458241,negative,0.0002748735903416322
1295702122898567173,negative,7.737672126511844e-05
1295702124354052103,negative,0.13552851741917776
1295702125973053441,negative,0.00012681680057062948
1295702126526595072,negative,0.0010920145700008843
1295702128007225355,negative,0.00902414779977543
1295702131085893632,negative,1.386942646094858e-08
1295702133736706048,negative,0.001534717225916363
1295702134630035456,negative,0.07423789443282205
1295702137868099584,negative,0.030462512200703624
1295702140426559488,negative,0.0060502823314950785
1295702151080169473,negative,0.008777553416962208
1295702151969345536,negative,8.89918047408947e-10
1295702164464193542,negative,1.6865981544007016e-13
1295702165852434435,negative,3.9711229308618845e-07
1295702175637737472,neutral,0.5065581303854892
1295702177030328324,negative,0.0001417892679741681
1295702180985528320,negative,0.0001417892679741681
1295702185272061953,negative,0.0001417892679741681
1295702186169700352,negative,0.17823154162182836
1295702188417785856,negative,1.717258450237169e-05
1295702189483200512,negative,0.0047977260186318075
1295702189986512896,neutral,0.45803625963933076
1295702192444276736,negative,1.386942646094858e-08
1295702201357213700,negative,0.00036154896390077485
1295702201571123200,negative,0.0006917060307206628
1295702201843712001,negative,0.057032313436927454
1295702202850451456,neutral,0.5858368949118923
1295702203622215680,negative,2.9288976506066385e-05
1295702205291532288,negative,4.355645620938137e-06
1295702205899706369,negative,0.0001417892679741681
1295702206147158016,negative,1.1830540928265757e-05
1295702206470066176,negative,0.0001417892679741681
1295702208474906626,negative,0.0001417892679741681
1295702210937069569,neutral,0.45071598260851764
1295702212417662978,negative,2.2654527951823064e-05
1295702214657413127,negative,1.386942646094858e-08
1295702223591219203,negative,0.17823154162182836
1295702223767429121,negative,0.06296831777942262
1295702226560847872,negative,0.00016843503617270346
1295702226866970625,negative,0.013510911875181624
1295702227756232704,negative,0.10028053296428709
1295702233988833280,neutral,0.35714095586477146
1295702239940677634,negative,5.808226083575491e-07
1295702242104954884,negative,0.0001417892679741681
1295702242482421760,negative,0.0003025525396973167
1295702244780904451,negative,2.9288976506066385e-05
1295702248966836224,negative,1.1002330881686264e-15
1295702252435517441,negative,0.00019200964649838652
1295702252787650560,negative,0.009339451121321628
1295702252955619329,negative,2.1460554225293468e-05
1295702255350546433,negative,0.0047977260186318075
1295702257720340485,negative,0.0001417892679741681
1295702260920602625,negative,0.013510911875181624
1295702261314838541,negative,2.2408230398696122e-12
1295702265022558208,negative,0.012345596195465446
1295702268436787201,negative,0.0005332567384601656
1295702272731754497,negative,2.221840741085434e-09
1295702274333986816,negative,0.00017605219459792187
1295702274564644864,negative,0.0015558178413717235
1295702276066226176,negative,0.008777553416962208
1295702277244825600,negative,0.008777553416962208
1295702277852999683,negative,0.0001417892679741681
1295702281409761280,negative,3.449033396793274e-08
1295702281472671746,negative,0.010714463438518366
1295702283976491008,neutral,0.49789225920557484
1295702284693839872,negative,0.010714463438518366
1295702293703266304,negative,0.0010920145700008843
1295702295661944833,negative,2.1249626169118153e-17
1295702297138409472,negative,0.011420927666620041
1295702297364791296,negative,5.3974098890733065e-15
1295702299004854276,negative,0.013510911875181624
1295702305262755841,negative,0.10307844033868241
1295702307531894784,negative,1.386942646094858e-08
1295702311436718080,negative,0.0001417892679741681
1295702316444778497,negative,9.627260010199075e-06
1295702317782704129,negative,0.011248950233808773
1295702319452033025,negative,1.386942646094858e-08
1295702319947014145,negative,0.05781049834118476
1295702322660679681,negative,0.07423789443282205
1295702324724346881,negative,1.1260613444048603e-09
1295702327966470144,negative,0.0001417892679741681
1295702331783352320,positive,0.9739322021227819
1295702341258285057,negative,0.1117874629620271
1295702341694496770,negative,2.6638504078961204e-06
1295702342596165636,negative,2.3602359513441465e-06
1295702345637036032,negative,0.0012298040458753941
1295702346136264706,negative,1.3132407584383825e-18
1295702350909317120,negative,2.2485394932011977e-08
1295702351542706178,negative,0.0001417892679741681
1295702353912291331,negative,2.1102498528678166e-07
1295702358291357697,negative,0.0001417892679741681
1295702363169333248,negative,0.0047977260186318075
1295702364943523840,negative,0.16454345614350982
1295702372199604225,negative,0.1391984342405165
1295702376448438273,negative,0.045742417117083316
1295702397638107142,negative,0.0001417892679741681
1295702398367801345,negative,0.0001417892679741681
1295702399152263171,negative,0.1647918548306689
1295702405145821191,negative,0.01656192644602075
1295702406408347650,negative,0.0009340223564432656
1295702409877037056,negative,0.004867090777807588
1295702418005450752,negative,1.7769405479500482e-09
1295702418227965955,negative,4.97023258552697e-10
1295702419138019329,negative,0.0047977260186318075
1295702421985996800,negative,0.017178444783900387
1295702422837395456,negative,0.0269923267334268
1295702424871669761,negative,0.028587974394747574
1295702425718988802,negative,0.011170996157590466
1295702434094948353,negative,0.0001417892679741681
1295702437714690049,negative,0.03971339586947443
1295702438192844803,negative,0.005223266293274712
1295702440726102016,negative,0.1140985866519851
1295702441976004610,negative,0.09846480640945898
1295702449186131972,negative,0.2603447419645243
1295702450737950720,negative,0.019203175218276334
1295702457268436994,negative,0.010714463438518366
1295702458371641345,negative,0.0016715520415613535
1295702458958852103,negative,0.0125267217936657
1295702462742003713,negative,0.0010920145700008843
1295702465359347713,negative,0.030462512200703624
1295702468551114755,negative,0.0001417892679741681
1295702473387147264,negative,4.97023258552697e-10
1295702475094331393,negative,0.009140533398510372
1295702475517952001,negative,0.0625932855156542
1295702475681538048,negative,0.000294070480531075
1295702477472399362,negative,0.07423789443282205
1295702485718519809,negative,5.487973340630601e-07
1295702487220072448,negative,0.17823154162182836
1295702488260149253,negative,0.004328402975690337
1295702493154942977,negative,5.925491834909086e-06
1295702504508989441,negative,0.0039154224093537835
1295702508833210368,negative,0.07354674813648628
1295702510716370944,negative,0.0012354358601459295
1295702514336247808,negative,0.0001417892679741681
1295702520799662084,negative,0.0010920145700008843
1295702524037672961,negative,0.0047977260186318075
1295702527070134272,negative,0.0001417892679741681
1295702528550723585,negative,8.989284007653964e-05
1295702529565753345,negative,0.0006493139249033249
1295702537220349952,negative,0.00028086501929055764
1295702541750198274,negative,4.719072585691189e-08
1295702543830355969,negative,0.10307844033868241
1295702544472322048,negative,3.4707991265617403e-06
1295702546204495878,negative,0.001244793371628959
1295702547349549056,positive,0.9898437421110032
1295702547819307010,negative,7.357766171528374e-09
1295702549270614019,negative,0.0002040359329251789
1295702549631311872,negative,0.00015714311780318306
1295702551145385986,negative,0.0003075850370888771
1295702551871000577,negative,0.0047977260186318075
1295702552185643009,negative,0.00019992692737800467
1295702553078960128,negative,3.9665035170674425e-11
1295702556845408257,negative,0.00013780432161824863
1295702556887388162,negative,0.0001417892679741681
1295702557193641984,positive,0.7164319297165873
1295702558862966785,neutral,0.38378758368393706
1295702559504695303,positive,0.9972927649465715
1295702563719979008,negative,0.02650540680745208
1295702567977197568,negative,0.0001417892679741681
1295702569579356162,negative,1.4957042587427318e-06
1295702570841837569,negative,0.018217267429889467
1295702572473425924,negative,0.045293220589150675
1295702573291380743,negative,6.096856198077357e-06
1295702573341650947,negative,0.0013938461301093504
1295702573387862016,negative,0.00036154896390077485
1295702574855790595,negative,0.013510911875181624
1295702576185450498,negative,0.0039154224093537835
1295702577938665472,negative,0.0001417892679741681
1295702578873991169,negative,3.9875664477842567e-07
1295702583626141698,negative,0.0001417892679741681
1295702587736563714,negative,0.015412643402700855
1295702588139229184,negative,0.0001417892679741681
1295702589397438466,negative,0.0001417892679741681
1295702592648085505,negative,2.2986018632414896e-05
1295702598796935168,negative,0.0003615108443868376
1295702601779077121,negative,3.222898903513267e-05
1295702602546544641,negative,4.7237750671684605e-05
1295702603704262658,negative,0.13909884583435866
1295702603981041666,negative,0.10048903573315154
1295702608309555200,negative,0.0656396286861675
1295702612390617089,negative,0.0002305298676820983
1295702615297318914,negative,1.3172070075965035e-05
1295702618342404097,negative,0.07453339916315681
1295702620099706881,negative,0.00018690167646891632
1295702624214437891,negative,0.0001417892679741681
1295702626605109248,negative,0.20807390438211842
1295702627565613058,negative,0.0001417892679741681
1295702629390209024,negative,1.386942646094858e-08
1295702633810923520,negative,0.0004001064877258599
1295702634737872896,negative,0.023116124741556564
1295702637225148416,negative,0.0001417892679741681
1295702637929734145,negative,0.0002040359329251789
1295702643357229056,negative,0.0032829252293608397
1295702644149956609,negative,0.0005975640578054757
1295702647505408000,neutral,0.35714095586477146
1295702649556414466,negative,5.186186166003807e-08
1295702650202226689,negative,0.0001417892679741681
1295702652219789317,negative,0.0047977260186318075
1295702653696081925,negative,0.1796973836490721
1295702654753087488,negative,4.799871959388057e-06
1295702661778595845,negative,1.386942646094858e-08
1295702663485677569,negative,0.0008878314565430983
1295702664337072128,negative,1.8017337828490128e-07
1295702664823681024,negative,1.1085152208315606e-05
1295702665306025984,negative,7.303715170917331e-11
1295702666279092224,negative,0.17823154162182836
1295702666325233664,negative,0.015786086244190294
1295702667075952641,negative,0.0001417892679741681
1295702669827375108,negative,0.00028649178438303584
1295702671480020992,negative,0.0003025525396973167
1295702672440426505,negative,0.02650540680745208
1295702676014075907,negative,0.08203484703240181
1295702679214325760,negative,4.5818022217529554e-05
1295702681974079494,negative,0.0001417892679741681
1295702689469403149,negative,0.019256386004846398
1295702694196322304,negative,0.0001417892679741681
1295702694267695106,negative,0.007882024741568166
1295702695421116416,negative,0.00902414779977543
1295702695924371458,negative,3.250349231376759e-07
1295702704291971075,negative,0.00036154896390077485
1295702710344351751,neutral,0.42943678910667643
1295702719110320132,negative,7.377596935972284e-05
1295702719789965314,negative,3.929427795093076e-05
1295702730120593408,negative,0.026366094444882273
1295702730758074369,negative,1.448838334661818e-05
1295702731148099584,negative,1.9206331216457866e-08
1295702731697446912,neutral,0.34735576556366266
1295702733891280897,negative,0.0001417892679741681
1295702734897807360,negative,0.0003075850370888771
1295702735816400896,negative,2.8500670928083064e-05
1295702736651071488,negative,5.487973340630601e-07
1295702737485799424,negative,2.708329616189073e-05
1295702737573863424,negative,0.014996418683775879
1295702738442100737,negative,0.004399646336844156
1295702750844588033,negative,0.013510911875181624
1295702751410892800,negative,0.0001417892679741681
1295702756150382598,negative,0.0047977260186318075
1295702757278658561,negative,0.0017873309915126773
1295702763037429760,negative,1.9350142897299603e-14
1295702763473645570,negative,0.08984291957145371
1295702786089390080,negative,0.10307844033868241
1295702787985231874,negative,3.476753877418743e-08
1295702789558067202,negative,0.0001332558447073089
1295702790392750080,negative,0.0047977260186318075
1295702790942187520,negative,0.0001472350855635822
1295702791122571267,negative,0.002482386862946023
1295702792108158978,negative,0.0015558178413717235
1295702798684889088,negative,0.00014145013315534514
1295702799817285636,negative,0.28039822469596326
1295702802220670983,negative,0.0047977260186318075
1295702803621580802,negative,2.5586230697023316e-07
1295702805232201729,negative,0.004399646336844156
1295702807723425794,negative,2.7736885727305154e-06
1295702812333137923,negative,0.0001417892679741681
1295702816636440577,negative,0.00113787082429266
1295702822202286080,negative,0.0009173530820455925
1295702835502473216,negative,0.09513955490684024
1295702841739403265,negative,0.0026403495829573844
1295702845405245441,negative,0.0047977260186318075
1295702845472284673,negative,0.0001417892679741681
1295702847422713856,negative,0.0004982175092760812
1295702850039951360,negative,0.0001417892679741681
1295702860303339525,negative,1.42747428059059e-10
1295702860320169985,negative,0.00902414779977543
1295702863340077056,negative,4.782586355111565e-05
1295702863415513089,negative,0.019030473898579228
1295702865726640129,negative,1.386942646094858e-08
1295702869664989189,negative,1.2057076892313222e-07
1295702870256496642,negative,0.013510911875181624
1295702870675857409,negative,0.010664964479300239
1295702873913929730,negative,1.926897962412808e-09
1295702874182352896,negative,0.0001417892679741681
1295702875398721536,negative,0.00016640981704343967
1295702884407967744,negative,0.0001417892679741681
1295702887641866246,negative,0.0001417892679741681
1295702888669425664,positive,0.7640386469806255
1295702891425144833,negative,0.00014610507521348927
1295702892507258885,negative,0.0002040359329251789
1295702892708605955,negative,1.2100644059442174e-08
1295702893736202240,negative,1.8621259708653203e-10
1295702896005308417,negative,0.0001417892679741681
1295702898375000065,negative,0.0001417892679741681
1295702898891001856,negative,0.0001417892679741681
1295702899360595968,negative,0.00013838462028449992
1295702899805376512,negative,0.13552851741917776
1295702900489035778,negative,0.0001417892679741681
1295702906197467139,negative,0.030199196766303674
1295702906688208899,negative,0.0039154224093537835
1295702907849969664,negative,0.07423789443282205
1295702907887771653,negative,0.03126483009813925
1295702908688912386,negative,0.0002833377492668794
1295702909263450113,negative,2.62833204895305e-10
1295702910999728129,negative,9.853252049870191e-06
1295702913243906049,negative,5.186186166003807e-08
1295702914644815872,negative,0.00018461212049835743
1295702915529703424,negative,0.013510911875181624
1295702919015206914,negative,0.0002155070630944938
1295702924732112896,negative,0.0005249347673018233
1295702926778937350,negative,3.6464460493792586e-06
1295702927617785861,negative,0.013510911875181624
1295702928993464328,negative,1.42747428059059e-10
1295702945732988928,negative,0.0010920145700008843
1295702947406516224,negative,0.0001111896156491285
1295702950271242243,negative,0.0047977260186318075
1295702959385456640,neutral,0.34041798930242495
1295702968319311872,negative,0.0003075850370888771
1295702972106706944,negative,0.013510911875181624
1295702973243437056,negative,0.02726850396549717
1295702973801267201,negative,7.81492658280217e-07
1295702977416769537,negative,6.043810813896542e-07
1295702980667285504,negative,0.002941153633753571
1295702984790282240,negative,0.010714463438518366
1295702991605989376,negative,0.0010920145700008843
1295702993623547904,negative,1.0181230032989934e-08
1295703000003088386,negative,4.150761055501998e-06
1295703000384712704,negative,0.025055557186921047
1295703011210264577,negative,0.0001417892679741681
1295703011801669632,negative,0.013672524546166128
1295703016721526785,negative,7.813569758353242e-08
1295703017115856898,negative,0.0003966730741239878
1295703019254960133,negative,8.605813418385213e-08
1295703019754004481,negative,4.5743729872189026e-05
1295703019754074114,negative,1.0996358370229104e-07
1295703022790676481,negative,0.0003025525396973167
1295703023315025921,negative,0.07423789443282205
1295703031770644481,negative,2.3006166609901196e-12
1295703032525660166,negative,3.314886641772634e-05
1295703035914715136,negative,0.006214843962711178
1295703038561259526,negative,2.773037809116106e-07
1295703038783561728,negative,0.0003704028404230349
1295703038951403520,negative,0.00030472750754389366
1295703040029347841,negative,0.00012568111291065976
1295703041224695810,negative,0.07285700103066568
1295703044299067392,negative,0.017178444783900387
1295703047616765953,negative,0.007858118452541136
1295703054302486530,negative,0.0001417892679741681
1295703068613410816,negative,1.777782310611731e-11
1295703074435207168,negative,0.0005047295811809087
1295703077597700096,negative,0.0001417892679741681
1295703080026152960,negative,1.9836261037119234e-07
1295703080831459329,negative,0.0002040359329251789
1295703081963917313,negative,0.00027326956809056247
1295703082383310849,negative,2.5148564113072446e-10
1295703086154108928,positive,0.9739322021227819
1295703095746408448,negative,0.0001417892679741681
1295703098137153539,negative,7.055330151767574e-07
1295703098141409281,negative,5.8331060784997185e-12
1295703099055669250,negative,0.02650540680745208
1295703103241691139,negative,0.3035339614795264
1295703107675000832,negative,0.0001417892679741681
1295703110363623426,negative,9.548275870953498e-10
1295703112326545408,negative,0.0039154224093537835
1295703122166390784,negative,0.013752528650718708
1295703126608154624,negative,0.0020149053689201258
1295703127384088577,positive,0.7164319297165873
1295703127749001217,negative,0.00014722126241987715
1295703130060070944,negative,0.0047977260186318075
1295703134296309763,negative,0.013510911875181624
1295703135445549065,negative,5.808226083575491e-07
1295703144383614976,negative,3.314886641772634e-05
1295703148124934144,negative,0.0003025525396973167
1295703150951890944,negative,5.0796486846809224e-05
1295703155926355968,negative,1.0809485601178528e-06
1295703160196079617,negative,0.0001417892679741681
1295703160653324290,negative,0.0047977260186318075
1295703163593465856,neutral,0.4959044086256773
1295703168035282944,negative,0.2630109805739234
1295703168844795906,negative,0.0625932855156542
1295703169272557573,negative,0.10307844033868241
1295703172380491776,negative,0.0001417892679741681
1295703172418351104,negative,0.02968293313998935
1295703180148453378,negative,0.17823154162182836
1295703180307828737,negative,0.0009534179478811942
1295703181717012481,negative,1.9230694867021907e-05
1295703187354193926,negative,1.9038596748663056e-06
1295703190743195648,negative,3.3996482797220593e-11
1295703192123080704,negative,1.5484503552632215e-06
1295703196795637760,negative,4.5818022217529554e-05
1295703197726789633,negative,0.00036154896390077485
1295703200268525568,negative,1.386942646094858e-08
1295703208329916418,neutral,0.5452842757330861
1295703211437850624,negative,4.1059452407533386e-05
1295703218379522051,negative,0.0001417892679741681
1295703224989581313,negative,0.25191742328668054
1295703225274961922,negative,7.885612837120015e-07
1295703230891069444,negative,2.7639500589001086e-08
1295703231973273600,negative,0.0001417892679741681
1295703232107417600,negative,0.0013024269495968764
1295703232501755905,negative,0.17823154162182836
1295703233722187781,negative,1.20517694961791e-05
1295703234015834121,negative,1.4574935809340433e-07
1295703239778865152,negative,0.0001417892679741681
1295703241624293376,negative,1.836345049448222e-07
1295703242668756992,negative,1.1185866507924423e-06
1295703245919313920,negative,0.017079640452981402
1295703248511410176,negative,9.385520658996972e-05
1295703250805628929,negative,7.500472650552741e-05
1295703252579823616,negative,0.0001417892679741681
1295703257071988737,negative,0.00028086501929055764
1295703260456783872,negative,1.7814619005461834e-06
1295703263455727616,negative,1.386942646094858e-08
1295703264839774209,negative,1.386942646094858e-08
1295703265020186625,negative,5.316902093933934e-06
1295703268417581056,negative,0.0047977260186318075
1295703271512977416,negative,3.314886641772634e-05
1295703274650247168,negative,0.00027767998733370185
1295703274700582912,negative,0.0001417892679741681
1295703283919663104,negative,2.0842352018273053e-11
1295703287061192706,negative,4.957444776434587e-06
1295703287333703680,negative,2.0707762376062742e-06
1295703289674248193,negative,0.10307844033868241
1295703290408308738,negative,0.0001417892679741681
1295703295181414403,negative,2.097867501885408e-10
1295703296993370112,negative,0.0001417892679741681
1295703299694485504,negative,0.0001417892679741681
1295703304735993856,negative,0.00012913193414520723
1295703305017077764,negative,0.00337681496416629
1295703311627190272,negative,0.004399646336844156
1295703314252865536,negative,0.0013507745108056685
1295703317071495169,negative,0.09707535545333067
1295703323170021376,negative,0.0047977260186318075
1295703332888215558,negative,0.05898936838915299
1295703338005286915,negative,4.473490196163346e-07
1295703346867843072,negative,8.316289550811959e-05
1295703349053063170,neutral,0.49789225920557484
1295703349715709953,negative,2.9288976506066385e-05
1295703352496607232,negative,0.015156632447582951
1295703359727566848,negative,0.14497589417764767
1295703371484147714,negative,0.0018978428672649466
1295703377100382208,negative,2.065143236996866e-08
1295703379243667457,negative,0.0001417892679741681
1295703379558256640,negative,0.010714463438518366
1295703380233519104,negative,0.0001417892679741681
1295703381189832705,negative,0.0001417892679741681
1295703381541978113,negative,7.138765477893765e-10
1295703385178624000,negative,9.982258173013473e-05
1295703386923433987,negative,0.0704871252456392
1295703391889391618,negative,0.0625932855156542
1295703394343104512,negative,1.386942646094858e-08
1295703395907624960,negative,3.473595560647254e-09
1295703398302519297,negative,0.0001417892679741681
1295703399812534273,negative,0.0001417892679741681
1295703402970832898,negative,2.387924352803427e-05
1295703405806129155,negative,0.013510911875181624
1295703406871547904,negative,0.010664964479300239
1295703410910658561,negative,3.4713759000872334e-11
1295703411204202497,negative,0.00029195410350033024
1295703417030168577,positive,0.9829599525594827
1295703421434159105,negative,0.013476248589915873
1295703423162163200,negative,0.00018499587058611356
1295703425234214918,negative,1.386942646094858e-08
1295703426920308736,negative,1.386942646094858e-08
1295703428300185601,negative,0.008963742561729876
1295703430498050048,negative,0.13552851741917776
1295703431005577219,negative,0.1391984342405165
1295703432683233280,negative,0.0001417892679741681
1295703436923731968,negative,0.017178444783900387
1295703439616413696,negative,0.017178444783900387
1295703448365801473,negative,0.0009723686841188071
1295703449468841984,negative,0.03350148861012923
1295703452417511424,negative,5.233906956644563e-05
1295703453965131777,negative,0.10307844033868241
1295703454824960000,negative,1.2101916677608039e-05
1295703455957385217,negative,0.0001417892679741681
1295703457681362944,negative,0.0001417892679741681
1295703460248195073,negative,1.1816345893479315e-07
1295703462559219712,negative,0.009950160722431965
1295703463360442369,negative,0.0001417892679741681
1295703471207985152,negative,0.0014993362507060093
1295703472155824130,negative,0.17823154162182836
1295703480687042560,negative,2.211984617348591e-05
1295703482742300677,negative,0.036403437685934716
1295703483400826880,negative,3.73483115350923e-05
1295703485464403968,negative,0.0001417892679741681
1295703486659796993,negative,3.314886641772634e-05
1295703490480820225,negative,2.433573906257384e-07
1295703498303176704,negative,0.0001417892679741681
1295703501042069505,negative,0.0001417892679741681
1295703502656868354,negative,0.0006493139249033249
1295703503206326279,negative,0.00027896170048798054
1295703513461391360,negative,0.02650540680745208
1295703513855664131,negative,0.0001417892679741681
1295703526514085890,negative,0.015156632447582951
1295703529219395587,negative,4.5818022217529554e-05
1295703530280558593,negative,8.398724171265923e-08
1295703532302106624,negative,0.12934387178932596
1295703538606145536,negative,1.8731357131742064e-08
1295703542649561090,negative,0.0001417892679741681
1295703545711337473,negative,0.017079640452981402
1295703555031130113,negative,0.024335137365257543
1295703557312839685,negative,0.0047977260186318075
1295703558055170050,negative,0.0001417892679741681
1295703559674224642,negative,0.043580309503181064
1295703561179996162,negative,0.00027426305464918385
1295703567307866113,negative,0.0002748735903416322
1295703567777640449,negative,1.2437093986695682e-07
1295703567928623104,negative,0.0009021677911147847
1295703569241444353,negative,0.09609265314937881
1295703570168381440,negative,0.0047977260186318075
1295703571204378635,neutral,0.4576114637030095
1295703571523133441,negative,0.038592745308081364
1295703581778157568,negative,0.0001417892679741681
1295703583103614976,negative,0.00030472750754389366
1295703584722518019,negative,8.749970014297669e-05
1295703586169643008,negative,0.0001417892679741681
1295703590447742979,negative,0.0001417892679741681
1295703591282507778,negative,0.013510911875181624
1295703594059079681,negative,2.0244012218634194e-05
1295703595669749765,negative,0.0037622756708426065
1295703595887845377,positive,0.9320362789908226
1295703596449902604,negative,4.4829132078762e-09
1295703596768657408,negative,0.0008489016324578649
1295703600186834947,negative,0.0004185453122255746
1295703601428549633,negative,0.10984968904210077
1295703604389728262,neutral,0.5599810379291126
1295703605941604358,negative,4.935315230003682e-05
1295703614548324352,negative,0.0047977260186318075
1295703617463353344,negative,0.0009172661200204738
1295703617886990336,negative,0.0002301612229837716
1295703618188980224,neutral,0.5734576952979002
1295703619526963200,negative,7.128697510001699e-06
1295703623800958978,negative,2.6094917981597144e-12
1295703626204295171,negative,0.0001417892679741681
1295703627282157569,negative,0.0005747703281589211
1295703630323109889,neutral,0.3722486922901105
1295703631363297281,negative,6.407994050256964e-06
1295703634630582278,negative,3.47960939176623e-05
1295703635461132288,negative,0.00036942797051853584
1295703637512126464,negative,1.7814619005461834e-06
1295703637864439808,negative,1.386942646094858e-08
1295703638405455875,negative,0.07423789443282205
1295703638531170305,negative,0.0001695905437380657
1295703642348179457,negative,0.06377186753102987
1295703644973735936,negative,0.0001417892679741681
1295703648425705472,negative,1.2971778839658702e-05
1295703652536025088,negative,0.02650540680745208
1295703653467279361,negative,0.0001417892679741681
1295703662745071618,negative,2.614284177111182e-07
1295703668390494208,negative,7.156748555129386e-09
1295703668428279809,negative,3.572754146362296e-05
1295703671603228672,negative,0.046866648454876404
1295703671653662722,negative,0.0001417892679741681
1295703672270098434,negative,0.021672386938995966
1295703674883375106,neutral,0.3547597429385181
1295703678343696385,positive,0.9829599525594827
1295703680684097536,negative,0.044735572253380484
1295703682076553217,negative,3.6288388029130874e-07
1295703684014276609,negative,0.1665409863560003
1295703688066072577,negative,0.015928112378153985
1295703691354419200,negative,0.17823154162182836
1295703694189694976,neutral,0.5523318573592522
1295703694470787078,negative,7.139663931337788e-08
1295703694584012801,negative,0.0005919917204344916
1295703707833831424,negative,0.0006708300040605098
1295703708718829568,negative,1.991494924907386e-06
1295703709654159360,negative,0.003901995802126543
1295703717765939207,negative,0.0047977260186318075
1295703720500637698,negative,4.0036599591043835e-05
1295703723281350656,negative,0.013510911875181624
1295703724682346496,negative,0.0009173530820455925
1295703725441507333,negative,1.386942646094858e-08
1295703732970295297,negative,0.0032829252293608397
1295703736078274560,negative,2.612980433474118e-09
1295703736921333760,negative,0.08835821240427391
1295703737466585088,negative,0.0001417892679741681
1295703738066382850,negative,0.0005660707675981249
1295703739412762626,negative,0.021672386938995966
1295703744957558784,negative,0.013510911875181624
1295703745842552834,negative,9.943178538908241e-07
1295703772275015681,negative,0.0052961318247308166
1295703776872062979,negative,0.18035184935518622
1295703781930340354,negative,0.10191327623804246
1295703782903427072,negative,0.015156632447582951
1295703782957953024,negative,0.007136152738481797
1295703783922696193,negative,0.09665830343889639
1295703786170847233,negative,0.007582389628543555
1295703787156504576,negative,0.00021592731747373654
1295703788146307075,negative,0.07423789443282205
1295703789597589505,negative,6.716185251995825e-06
1295703791736479745,negative,0.006831278837107926
1295703792906895360,negative,0.0001417892679741681
1295703792999112704,negative,2.7351966551354936e-08
1295703797059248128,negative,5.2277464411192834e-08
1295703801320570880,negative,3.0130489206582905e-06
1295703801551298560,negative,3.8416369848506875e-05
1295703802583158784,negative,0.00020205917785751096
1295703804936179712,negative,0.005246160535052898
1295703812842369024,negative,0.0009172661200204738
1295703816692695046,negative,0.0001417892679741681
1295703825861484544,negative,0.010084734456941132
1295703834199838720,negative,0.015156632447582951
1295703838620622848,negative,5.314554665588307e-06
1295703841296584704,negative,2.9213562243979833e-09
1295703843347595265,negative,0.12722196693380752
1295703843372699649,negative,0.0001417892679741681
1295703843515387904,negative,0.0045019476819686535
1295703844303839233,negative,0.0009340223564432656
1295703845235036160,negative,0.006447777940866933
1295703846866624512,negative,6.752408362903597e-05
1295703848330440706,negative,0.01347359137724058
1295703854378627073,negative,1.892814229852955e-14
1295703857599778819,negative,0.0001417892679741681
1295703860384870401,negative,3.1960560639296626e-09
1295703860598714369,negative,0.0003075850370888771
1295703862809112578,negative,0.12722196693380752
1295703868601282561,neutral,0.33534866839617805
1295703870530899971,negative,0.17093737970692047
1295703872590303232,negative,0.0029094368272099317
1295703874041458688,negative,0.0001417892679741681
1295703874049839105,negative,0.004399646336844156
1295703874230263808,negative,0.0003881544549817915
1295703874314043392,negative,0.0001417892679741681
1295703875064868866,negative,0.0001417892679741681
1295703875731816448,negative,1.386942646094858e-08
1295703876813946882,negative,8.221912876293035e-05
1295703878730764289,negative,0.07423789443282205
1295703878906847232,negative,0.0001417892679741681
1295703886645395463,negative,0.0001417892679741681
1295703887933050881,negative,0.10307844033868241
1295703889438703616,negative,0.0006708300040605098
1295703893406515200,negative,0.0025558325879347582
1295703898032869377,negative,2.9288976506066385e-05
1295703898662019072,negative,0.10191327623804246
1295703899865833472,negative,0.0009172661200204738
1295703901363228679,negative,0.020502265820911216
1295703903724544001,negative,0.030684089629641993
1295703907788828673,negative,3.48805657219721e-06
1295703908745129988,negative,0.0047977260186318075
1295703910401953792,negative,0.007509764945171741
1295703923374923776,negative,0.002222840260117072
1295703924889059331,negative,0.0895866330347726
1295703927288193024,negative,0.00018461212049835743
1295703927686672392,negative,1.0506688980747108e-08
1295703928714203137,negative,5.743730859898643e-08
1295703929934798849,negative,3.4034892184633905e-09
1295703931943878656,negative,0.0001417892679741681
1295703937471975426,negative,2.8298039404713435e-10
1295703938759614468,negative,0.02726850396549717
1295703939183259651,negative,1.6644110942796033e-07
1295703939820683265,negative,0.015156632447582951
1295703942102474754,negative,0.05887573245472313
1295703943343996930,negative,0.013295149682251898
1295703945638273024,negative,0.008777553416962208
1295703945814454273,negative,0.001400831188767192
1295703949861883904,negative,0.0009172661200204738
1295703950340096005,neutral,0.47363445591576653
1295703950344282112,negative,4.268194761584402e-11
1295703954983190528,negative,0.003706691888414153
1295703962482618371,negative,0.02887449844109405
1295703962599989248,negative,0.0001417892679741681
1295703963107557378,negative,0.0003045745356305872
1295703964764246017,negative,1.7814619005461834e-06
1295703972620230656,negative,0.0028147659477852165
1295703974008565760,negative,1.1524866702902034e-13
1295703974302093313,negative,2.5210087940282447e-05
1295703977733103616,negative,0.0704871252456392
1295703980165734400,negative,4.5818022217529554e-05
1295703980379648001,negative,0.1590760379429635
1295703987296116736,negative,0.0895866330347726
1295703995915407362,negative,0.0001417892679741681
1295703998624935938,negative,2.1858289047491555e-05
1295704002219384832,negative,0.06048865089905147
1295704002466897920,negative,5.314554665588307e-06
1295704011782447105,negative,0.005763614611736948
1295704012118020097,negative,0.1335336014294426
1295704015880167426,negative,2.711033942993445e-06
1295704020175200256,negative,0.06048865089905147
1295704023690084352,negative,0.0026017833874800106
1295704025929863170,negative,0.00029195410350033024
1295704029041954816,negative,0.0001417892679741681
1295704034800795648,negative,0.07828631096634955
1295704043118039040,negative,0.0060502823314950785
1295704049858351107,negative,0.0009172661200204738
1295704057307377669,negative,2.0163455466499214e-13
1295704060952223744,negative,6.43062446102358e-08
1295704062613217284,negative,7.608493524954648e-06
1295704064550895621,negative,5.2031607656319015e-09
1295704068724326401,negative,4.7520735341003897e-07
1295704070284607488,negative,0.0001746577463108039
1295704075657338884,negative,0.00018461212049835743
1295704076307632128,negative,0.11976326797842225
1295704079709110272,negative,0.023745392346799277
1295704079914721282,negative,0.0010952084841998506
1295704088483713024,negative,0.00046427341388163406
1295704089184145411,negative,8.240612333710352e-05
1295704093110013952,negative,1.386942646094858e-08
1295704094200537088,negative,0.0060502823314950785
1295704101104361473,negative,0.2237608098957224
1295704102719164416,negative,3.4560346095130744e-07
1295704107219640321,negative,0.0047977260186318075
1295704108788322313,negative,3.2191073770251833e-06
1295704109627170816,negative,0.2779603111437973
1295704121769508866,negative,5.437587614014321e-08
1295704122767941632,negative,0.002686575195824383
1295704127008276480,negative,0.0001417892679741681
1295704132356059138,negative,3.45276100051952e-07
1295704139335376896,negative,0.013510911875181624
1295704146079776770,negative,0.0003421771303257282
1295704148185427969,negative,0.005976503733355525
1295704149288538112,negative,5.835394066782198e-10
1295704154288136196,negative,0.012398057867639081
1295704157819736064,negative,5.186186166003807e-08
1295704162865426434,negative,0.0003075850370888771
1295704170448605184,negative,7.377596935972284e-05
1295704171258228737,negative,0.0028383704806845046
1295704176018817025,negative,4.843842678480603e-05
1295704182079533056,negative,0.11382801848957755
1295704182641627142,negative,3.4159073177690533e-05
1295704184788889600,negative,0.0026017833874800106
1295704185053286401,neutral,0.34041798930242495
1295704185506332676,negative,4.93484359234965e-07
1295704199251066880,negative,0.014958478513926848
1295704199800463363,negative,1.598562888713562e-16
1295704199972388864,negative,0.0001417892679741681
1295704203722194945,negative,0.00036154896390077485
1295704214769930240,negative,0.00012433559582581503
1295704215055208453,negative,0.0001417892679741681
1295704223015931912,negative,0.0001417892679741681
1295704223192055811,negative,0.0011364234886093029
1295704224454660097,negative,0.0004749985975695467
1295704227537399808,negative,0.10191327623804246
1295704227579404288,negative,0.0047977260186318075
1295704228816736258,negative,1.6631517526318037e-06
1295704229970161664,negative,0.015156632447582951
1295704230272143360,negative,9.427668178632288e-10
1295704233367437312,negative,2.5744864167382123e-05
1295704233937907712,negative,1.0896044875952736e-06
1295704239885430785,negative,0.0015558178413717235
1295704241911271425,negative,2.0580423304790142e-11
1295704243589058566,negative,0.0010920145700008843
1295704250056663041,negative,0.00027426305464918385
1295704251130351616,negative,0.17823154162182836
1295704252443238402,negative,2.910049410465685e-13
1295704252963332098,negative,7.608493524954648e-06
1295704254380941312,negative,4.0223786247093423e-05
1295704254901035008,negative,0.000974960503432285
1295704255257620480,negative,0.0047977260186318075
1295704255530258432,negative,0.0047977260186318075
1295704255844757505,negative,0.014045621102550577
1295704256343937024,negative,0.03889721158873237
1295704256562044928,negative,0.0047977260186318075
1295704256574627840,negative,2.193380771801874e-06
1295704257652494339,negative,3.005261823902349e-07
1295704259678412801,negative,0.0003025525396973167
1295704271808278531,positive,0.96913610192841
1295704279295172608,negative,0.001093016689508327
1295704281752973314,negative,0.10028053296428709
1295704285909573632,negative,1.386942646094858e-08
1295704286534533120,negative,1.3565830754816915e-06
1295704286995808261,negative,0.002312593772266799
1295704298639298567,negative,0.0001417892679741681
1295704302120468480,negative,2.336899668515006e-06
1295704303190056961,negative,0.0001417892679741681
1295704304255369216,negative,0.014216524197645583
1295704304737804288,negative,0.0029646080361102503
1295704305178234881,negative,0.0046442125787701325
1295704312967036929,negative,0.010169097293237549
1295704313638064128,negative,4.2134275189471154e-11
1295704313873014784,negative,0.00021847709213633032
1295704319287799808,neutral,0.49789225920557484
1295704334412521472,negative,1.995196831899902e-06
1295704340145946628,negative,0.0005142697412586493
1295704340322308096,negative,0.013510911875181624
1295704344730513408,negative,1.1879577725905539e-07
1295704350719975431,negative,2.069622364271215e-06
1295704351143600129,negative,3.5180726600928046e-10
1295704353567838208,negative,0.06048865089905147
1295704353572040706,negative,0.0001417892679741681
1295704355375648768,negative,0.0003025525396973167
1295704355975372805,negative,8.899106629540137e-06
1295704357703495686,negative,0.010664964479300239
1295704359444058112,negative,0.0001417892679741681
1295704364871450625,negative,0.0003075850370888771
1295704365530058753,negative,0.03685504503594076
1295704365626527744,negative,0.013510911875181624
1295704366662516737,negative,0.0008422358107090645
1295704367266439170,negative,0.006422998665367704
1295704371687301121,negative,0.0001417892679741681
1295704372463230976,negative,1.4179289152080097e-05
1295704373692178432,negative,4.125713209743395e-08
1295704374795284482,negative,0.0001417892679741681
1295704380268843009,negative,0.0008955154680882789
1295704390209277953,negative,2.356390150144686e-07
1295704390255476736,negative,0.1979702623696262
1295704390347755520,negative,1.1314946433252236e-05
1295704392281264130,negative,1.4877188936762782e-05
1295704393602469896,negative,8.583928377433747e-09
1295704393887748099,negative,4.548105728578668e-12
1295704397243179011,negative,0.0001417892679741681
1295704400825135110,neutral,0.5540128586630981
1295704401399742465,negative,0.09609265314937881
1295704403303895042,negative,1.8438998428326344e-09
1295704408165101569,negative,0.1013333469792931
1295704414695632896,negative,2.6699879743863754e-06
1295704421427445760,negative,3.499911439872114e-05
1295704424455774210,negative,0.010664964479300239
1295704426649473024,negative,2.0995012155873416e-10
1295704428352286720,negative,0.17823154162182836
1295704433729376256,negative,0.00015195720566089203
1295704436904468481,negative,0.0004073133083258246
1295704439722999809,negative,7.608493524954648e-06
1295704446924660736,negative,0.0001417892679741681
1295704448136876033,negative,0.00047784106342785884
1295704451286798340,negative,3.383724372678099e-05
1295704455376187392,negative,0.099883881989508
1295704467279679490,negative,2.408520811882011e-08
1295704467808165891,negative,0.0001417892679741681
1295704470026944514,negative,7.379436507058362e-07
1295704472707117057,negative,1.0373878608996313e-10
1295704477522173952,negative,9.688499984718895e-10
1295704480747528192,negative,0.007162194607557434
1295704481166962688,negative,1.386942646094858e-08
1295704484111360000,negative,1.1127135273451784e-11
1295704486149787653,negative,2.9288976506066385e-05
1295704487198433282,negative,0.012275520979933596
1295704488347672576,negative,0.007031059968382466
1295704488632868864,negative,0.0015542105018013096
1295704491409518592,negative,0.007558960544779419
1295704494244798465,negative,4.011334528855407e-05
1295704495519924224,negative,0.017178444783900387
1295704496966979585,negative,0.0028383704806845046
1295704511667994633,negative,7.940641407359778e-06
1295704512318119938,negative,7.379436507058362e-07
1295704512972324865,negative,0.03971339586947443
1295704517372149761,negative,0.0001417892679741681
1295704517963649025,negative,0.0032829252293608397
1295704518022242304,negative,0.10194650508943341
1295704519586832384,negative,0.0001417892679741681
1295704523353264128,negative,4.244527453776569e-06
1295704525693693952,negative,0.008580440966341803
1295704530613665793,negative,0.002550819096704904
1295704533138649089,negative,0.0625932855156542
1295704538205364225,negative,7.08352983600851e-15
1295704539295866880,negative,0.0001417892679741681
1295704545276973057,negative,2.8500670928083064e-05
1295704547063717891,negative,0.0001417892679741681
1295704550226173952,negative,5.45914975647432e-06
1295704559042666496,negative,0.024543290785657614
1295704561810911232,negative,0.02303975980755243
1295704562951692289,negative,0.0001417892679741681
1295704571524853760,negative,0.0047977260186318075
1295704574511259650,negative,0.0003075850370888771
1295704575513636870,negative,0.08486139741540288
1295704577015259136,negative,0.22214841508061753
1295704577854054400,negative,0.00902414779977543
1295704584741158912,negative,0.002222840260117072
1295704587668787201,negative,0.0001417892679741681
1295704590462181377,positive,0.9829599525594827
1295704591770812416,negative,0.0001417892679741681
1295704593171611657,negative,4.5818022217529554e-05
1295704595193266176,negative,0.0047977260186318075
1295704595335909377,negative,0.0047977260186318075
1295704608371879936,negative,0.30835598131302583
1295704609504272384,negative,8.284050255655383e-07
1295704615435075589,negative,0.002586956776504617
1295704616051638273,negative,6.024004371851566e-14
1295704617481908224,negative,2.6260058342476415e-13
1295704619704889349,negative,0.17823154162182836
1295704620845740032,negative,2.6138305090134672e-08
1295704624222081024,negative,1.3172070075965035e-05
1295704629595054080,negative,0.20468552983362098
1295704632354906112,negative,0.008434192237880054
1295704634447798272,negative,0.0047977260186318075
1295704637740384260,negative,0.0008525715444881495
1295704642899279872,negative,0.0009172661200204738
1295704647592742919,negative,0.008777553416962208
1295704648876261376,negative,5.460424033316984e-06
1295704650835013632,negative,0.17823154162182836
1295704651321548801,negative,6.395380917834614e-13
1295704652881760257,negative,2.9288976506066385e-05
1295704654593036290,negative,0.07372216836591684
1295704659932454915,negative,9.270239779651874e-05
1295704660733550594,negative,0.013875833197670192
1295704665028538368,negative,4.874655327136572e-09
1295704667620618241,negative,1.784962776654122e-06
1295704667750633473,negative,0.02650540680745208
1295704670598569984,negative,4.5818022217529554e-05
1295704672553050113,negative,0.013510911875181624
1295704680442613760,negative,0.006506342447352867
1295704680782233602,negative,4.6180034545861575e-05
1295704684699824128,negative,3.247330587997395e-16
1295704689531641857,negative,2.9288976506066385e-05
1295704693553999875,negative,1.7453231409322894e-15
1295704696733278208,negative,1.39520641549167e-09
1295704701518962694,negative,0.0001417892679741681
1295704701615460352,neutral,0.42507619662732005
1295704709160992769,negative,0.1598178547218144
1295704712948391936,negative,1.0923482183571738e-08
1295704716282941441,negative,3.3663489189868968e-06
1295704716412956673,negative,2.4490271969341266e-08
1295704717188890625,negative,0.006809921030657725
1295704721077022721,neutral,0.5452842757330861
1295704728903483400,negative,0.0060502823314950785
1295704729301979137,negative,0.011362480921038939
1295704731688591360,negative,0.0015542105018013096
1295704732267417600,negative,7.001552087582074e-09
1295704732422549504,negative,0.04418849814220928
1295704745609502721,negative,0.0022667928196816803
1295704746288992256,negative,0.001099630540594896
1295704746830028803,negative,0.0001417892679741681
1295704755839348736,negative,1.710066220079206e-05
1295704758154600449,negative,1.386942646094858e-08
1295704759983316993,negative,0.0001417892679741681
1295704760423780352,negative,0.00017740493199159564
1295704766274838528,negative,0.0047977260186318075
1295704767541522435,negative,6.762999707280737e-05
1295704768787120129,negative,0.0002748735903416322
1295704769835806720,negative,9.270710306700911e-06
1295704772507578368,negative,0.002235987012851331
1295704773832970242,negative,0.0006868900225090893
1295704773941919744,negative,0.0001460574337079627
1295704777305849857,negative,1.0319428829635772e-06
1295704777310035968,negative,9.276339084696309e-05
1295704777561649152,negative,0.0001417892679741681
1295704781068140544,negative,2.6167783984289548e-05
1295704781865070593,negative,0.010664964479300239
1295704787904794624,negative,0.0001417892679741681
1295704792367497218,negative,3.732174715066238e-08
1295704792392765441,negative,0.03763561171245476
1295704793529360385,negative,0.0001417892679741681
1295704799229251584,negative,9.22489532616942e-10
1295704804937826306,negative,0.0001417892679741681
1295704808465108993,negative,3.9893356049677106e-05
1295704814752604160,neutral,0.49789225920557484
1295704815549513728,negative,5.185305233683157e-08
1295704817076260865,negative,7.394437802229767e-16
1295704817676046337,negative,0.0001417892679741681
1295704819781509120,negative,2.5631897456250014e-05
1295704824772587520,negative,0.0001417892679741681
1295704825129205764,negative,0.21308590040716138
1295704825997426689,negative,1.386942646094858e-08
1295704826446327808,negative,0.00027326956809056247
1295704830007291905,negative,3.041441664579858e-09
1295704832335118347,negative,9.21323956721298e-06
1295704833161400321,negative,0.0001417892679741681
1295704835275272192,negative,2.9442840416081513e-08
1295704835703148544,negative,3.17279963007451e-08
1295704841864515586,negative,0.018376445187170718
1295704844662079489,negative,0.0001417892679741681
1295704851620466689,negative,0.01159148252368577
1295704855898619904,negative,1.0419768328269161e-10
1295704861519097856,negative,1.0319428829635772e-06
1295704862408282114,negative,0.0047977260186318075
1295704863117127680,negative,6.877975063921575e-07
1295704863649693697,negative,0.0015946511453973934
1295704865344229376,negative,2.1581453155810685e-05
1295704867642671104,negative,3.2223034015551797e-11
1295704867680538626,negative,4.1094987817558217e-08
1295704868641017858,negative,0.0001417892679741681
1295704869202952198,negative,0.006172538789630738
1295704875121225729,negative,1.603377630970068e-08
1295704875402244099,negative,0.10307844033868241
1295704875737784320,negative,2.752744151652136e-05
1295704879772700672,negative,0.06048865089905147
1295704880527679489,negative,0.01316727242868082
1295704880804503558,negative,0.1433226862036232
1295704888769417219,negative,2.6209630843530925e-14
1295704889184727041,negative,0.0010920145700008843
1295704894314356736,negative,0.0011287800816248696
1295704894486253568,negative,2.8389470653854827e-12
1295704897321676801,negative,0.0008878314565430983
1295704898512850945,negative,0.0011917883565307579
1295704900807139328,neutral,0.39006025581039117
1295704900962328577,negative,5.4594817869224e-06
1295704901465575429,negative,0.0001417892679741681
1295704904200327170,negative,0.0001417892679741681
1295704904418439169,negative,0.0001417892679741681
1295704906368790530,negative,0.0001417892679741681
1295704908080074753,negative,2.402158815549569e-10
1295704917169123329,negative,2.6830634871791835e-05
1295704920943996931,negative,0.0047977260186318075
1295704924366479362,negative,0.002481198098644331
1295704924563615754,negative,0.08376254147962574
1295704925964509184,negative,0.046866648454876404
1295704934994915328,negative,0.0625932855156542
1295704935242387458,negative,0.0039154224093537835
1295704935930236928,negative,6.420451730442514e-05
1295704938652344320,negative,9.387425899136122e-06
1295704938899738625,negative,0.0013921888339488854
1295704939629613056,negative,0.01076165769605007
1295704940569141250,negative,0.00034008782044795343
1295704953336594434,negative,0.0001417892679741681
1295704953793781762,negative,0.0005975640578054757
1295704954309611520,negative,0.0015645295878872025
1295704954334785536,negative,0.1844517071401636
1295704954754260992,neutral,0.49738219173390363
1295704959661543425,negative,0.10150826688030247
1295704961888727042,negative,1.7814619005461834e-06
1295704963805589504,negative,0.0003075850370888771
1295704964220813312,negative,0.0011742057298155812
1295704965646888962,negative,0.00018499587058611356
1295704968150876160,negative,0.0047977260186318075
1295704969711104000,negative,0.0001417892679741681
1295704976254271493,negative,9.98471771155636e-07
1295704976371658754,negative,3.9893356049677106e-05
1295704979035115520,negative,0.0002757723652162403
1295704981614493697,negative,1.5740862066455793e-06
1295704985469177857,negative,3.79545124667423e-05
1295704989046800385,negative,0.00014145013315534514
1295704997397749762,negative,0.005246160535052898
1295704998886727681,negative,0.0021508783538743423
1295704999394185217,negative,0.10028053296428709
1295705004876214273,negative,2.4527407270195337e-08
1295705005509541889,negative,0.011065823895362346
1295705010840449025,negative,0.0004597593860639752
1295705014665609217,negative,2.1213025529520615e-13
1295705014959210498,negative,0.0001417892679741681
1295705017186426880,negative,0.0001417892679741681
1295705025658880001,negative,0.00016629073624443232
1295705025990328320,negative,1.386942646094858e-08
1295705027621851136,negative,0.01083494694410246
1295705029727457286,negative,0.10307844033868241
1295705030083977216,neutral,0.42943678910667643
1295705031937851392,negative,2.625493578444073e-07
1295705033259061248,negative,8.491031287062711e-08
1295705041882566658,neutral,0.40674001738839816
1295705045779001347,neutral,0.37487644987518626
1295705047494467584,negative,1.386942646094858e-08
1295705052762472448,negative,0.08038341871220246
1295705053140062208,negative,3.005261823902349e-07
1295705056180928513,neutral,0.39985810626958745
1295705056214429696,neutral,0.37487644987518626
1295705060614254593,negative,2.867798094181945e-05
1295705061348249601,negative,4.052569623351199e-07
1295705062908530688,neutral,0.5452842757330861
1295705065290899458,negative,0.0001309638416869197
1295705067824218112,negative,0.0010920145700008843
1295705071435558913,negative,1.6419176944524504e-07
1295705072312229889,negative,0.057032313436927454
1295705074866544641,negative,0.0002236977933727847
1295705074963025920,negative,0.0047977260186318075
1295705082546331651,negative,0.10045096184608983
1295705084446343169,negative,0.010714463438518366
1295705084827963392,negative,1.7082562979580883e-15
1295705089047498752,negative,7.379436507058362e-07
1295705090121175040,negative,2.9288976506066385e-05
1295705101361971200,negative,0.003025714189810673
1295705101479403520,negative,0.010169097293237549
1295705101705904130,negative,3.1148315868974614e-09
1295705107473063942,negative,0.013510911875181624
1295705115429613568,negative,0.0001417892679741681
1295705118629867522,negative,0.0007570999133369659
1295705123662987266,negative,1.651147148943643e-06
1295705124946485249,negative,6.879699007006807e-07
1295705129400901632,negative,0.0003025525396973167
1295705129841295361,negative,0.0003195315515764304
1295705133196677120,negative,5.730282346460413e-06
1295705139613966336,negative,0.0001417892679741681
1295705140461264898,negative,1.3770631322983898e-10
1295705147788742656,negative,1.6214191049730182e-05
1295705151488090112,negative,0.3026869427158197
1295705157301411841,negative,0.0012298040458753941
1295705159771869187,negative,0.0009021677911147847
1295705160421978112,negative,0.009169100739641913
1295705163144011777,negative,0.015250475563771512
1295705167002730496,negative,0.005791206535069381
1295705170463076352,negative,1.482078849452294e-10
1295705173340364800,negative,0.03173832933425046
1295705178063147010,negative,0.00012568111291065976
1295705181573853184,negative,0.20621960584469615
1295705185625559053,negative,0.0001417892679741681
1295705186866999296,negative,2.773037809116106e-07
1295705191526916098,negative,1.236143990963346e-10
1295705192776835073,negative,5.712463615434581e-08
1295705194227957761,negative,1.0637880372346198e-08
1295705196052570116,negative,0.012890512868040294
1295705205737050113,negative,0.002153506305556141
1295705207754629127,neutral,0.4443409696910492
1295705208371269639,negative,0.012189106231210677
1295705215614758913,negative,0.0001417892679741681
1295705216894066688,negative,0.015412643402700855
1295705219293155328,negative,0.0014901686028881166
1295705222069866503,negative,0.00414410598963492
1295705225450455041,negative,0.15902441720103988
1295705226243170306,negative,4.5818022217529554e-05
1295705226691870731,negative,4.843842678480603e-05
1295705229007167490,negative,0.0013921888339488854
1295705233608396800,negative,0.0047977260186318075
1295705233654521861,negative,0.057032313436927454
1295705236586352641,negative,0.00036154896390077485
1295705239669153792,negative,0.010714463438518366
1295705239778197510,negative,2.6308552350000584e-09
1295705243192365056,negative,5.1204386943876205e-05
1295705243301359616,negative,0.0001417892679741681
1295705244073103361,negative,0.0001417892679741681
1295705246099005443,negative,0.013510911875181624
1295705249114710016,negative,0.002126877349403973
1295705249559252992,negative,0.0003075850370888771
1295705253900320774,negative,0.005889437041692443
1295705260275773443,negative,0.025055557186921047
1295705260871356416,negative,0.007931912107524157
1295705261311766528,negative,0.0047977260186318075
1295705261672411137,neutral,0.5736277106172938
1295705262645481473,negative,0.15948074379394162
1295705262934958080,negative,2.3073558512550727e-22
1295705263169839104,negative,0.003996634741165164
1295705264788774912,negative,1.1996458450370117e-07
1295705265610936320,negative,0.0003615108443868376
1295705268253265922,negative,3.9946258696158084e-08
1295705268635029504,negative,1.3172070075965035e-05
1295705268932747265,negative,2.922679909782926e-06
1295705272489566211,negative,0.0010920145700008843
1295705273072529416,negative,5.422360501804797e-06
1295705273554919425,negative,0.10273284566500485
1295705274381107201,negative,0.0002748735903416322
1295705278122467329,negative,1.121908986790095e-05
1295705279263174656,negative,0.02067721710072319
1295705279909199875,negative,9.484295088633812e-06
1295705285546442752,negative,0.023148986706554974
1295705286183878657,negative,3.476753877418743e-08
1295705286792097792,negative,0.01623947152790499
1295705287572291584,negative,0.00027326956809056247
1295705291535810560,negative,0.001390672761126194
1295705294916460544,negative,4.5818022217529554e-05
1295705296833253382,negative,6.447424797606559e-07
1295705297684766720,negative,0.0001417892679741681
1295705301723774976,negative,5.108987710079031e-07
1295705303254740992,negative,1.386942646094858e-08
1295705303384821760,positive,0.6899362592515417
1295705305616199684,negative,8.398724171265923e-08
1295705310263476226,negative,0.0001417892679741681
1295705321818787840,negative,0.020524204864652104
1295705334883987459,negative,0.10045096184608983
1295705334921793536,negative,0.0047977260186318075
1295705334946975745,negative,0.0032773304186860175
1295705340319858689,negative,8.572299695806675e-05
1295705345566871552,negative,0.2761661844941365
1295705347324284928,negative,0.0032829252293608397
1295705347781529602,negative,0.00014098575609056073
1295705349044015106,negative,0.0047977260186318075
1295705351522836480,negative,0.004399646336844156
1295705351875186688,negative,0.02299970135322675
1295705357986287618,negative,0.0022789875017434776
1295705358128877568,negative,2.252807635977841e-05
1295705358313443334,negative,3.4633071364690144e-06
1295705360200806400,negative,0.0001417892679741681
1295705365850595328,negative,0.00027326956809056247
1295705367398289409,negative,0.0002748735903416322
1295705371848445952,negative,1.386942646094858e-08
1295705372142055425,negative,0.002235987012851331
1295705372162957317,negative,2.7263557128729486e-05
1295705372641157120,negative,4.5818022217529554e-05
1295705375203905536,negative,0.0001417892679741681
1295705377942769664,negative,0.0388311975768926
1295705380471877635,negative,1.3172070075965035e-05
1295705386012618754,negative,0.00018461212049835743
1295705388826976260,negative,0.00022403916640637234
1295705389477109761,negative,0.1462864753777292
1295705393084223488,negative,8.121326930884509e-09
1295705396070486021,negative,0.02650540680745208
1295705397349810178,negative,6.270719548111003e-05
1295705398738128897,negative,0.0007751704507139801
1295705403356053509,negative,0.0001417892679741681
1295705409299320832,negative,1.118639325525699e-14
1295705410641502210,negative,2.9726356682571885e-05
1295705412759674880,negative,0.02650540680745208
1295705418577190917,negative,5.614357752589002e-07
1295705423354372099,negative,0.003145447786023834
1295705427536207872,negative,0.00023911305468534487
1295705428542795776,negative,3.314886641772634e-05
1295705430233165825,negative,0.0047977260186318075
1295705433836007424,negative,0.10984968904210077
1295705440974712832,negative,0.0015542105018013096
1295705448625119232,negative,8.723139555122483e-07
1295705449292079104,negative,4.217677361140816e-06
1295705450403500033,negative,3.7890565722598327e-07
1295705450583855104,negative,0.00036154896390077485
1295705451171127296,negative,0.0005249347673018233
1295705451548545030,neutral,0.5672413396080165
1295705453322698754,negative,6.773676181164985e-11
1295705454094495744,negative,4.843842678480603e-05
1295705455814205441,negative,0.0031052318312720993
1295705466782261248,negative,0.025626433336169614
1295705468753649664,negative,0.010714463438518366
1295705472557895680,negative,0.000964658993917683
1295705477419020289,negative,8.726613090066195e-06
1295705479662964736,negative,0.010169097293237549
1295705482829672448,negative,0.00045422021395508723
1295705490761101312,negative,0.0015542105018013096
1295705492078170119,negative,4.851816117850057e-10
1295705498264666112,neutral,0.4107186781339169
1295705501855035395,positive,0.9972927649465715
1295705505776701446,negative,0.0625932855156542
1295705513305538560,negative,0.02683573902269773
1295705519764758528,negative,0.0013766419501910253
1295705520159043584,negative,4.0889821400507854e-05
1295705523128545280,negative,1.3618893936020091e-08
1295705523409629186,negative,0.00018461212049835743
1295705526127546369,negative,7.159109940322126e-14
1295705526785970176,negative,6.682059940875929e-11
1295705527578767363,negative,0.00013237456825916533
1295705528715358209,negative,0.26561687357645575
1295705530779017218,negative,6.093552270189938e-06
1295705532527972353,negative,0.00023300633893660929
1295705534331576323,negative,0.013510911875181624
1295705537112412160,negative,1.386942646094858e-08
1295705537410211842,negative,0.0047977260186318075
1295705541663219715,negative,0.005441383619013775
1295705545211551744,negative,1.6588873589924073e-08
1295705547937808384,negative,0.0015057753695290747
1295705551427567616,negative,3.862822324787245e-06
1295705553612800000,negative,0.0002748735903416322
1295705557031100416,negative,0.0047977260186318075
1295705564446588928,negative,1.3567194041813813e-09
1295705565285552129,negative,0.10045096184608983
1295705568456384513,negative,7.510458007690514e-07
1295705570067066880,negative,1.3172070075965035e-05
1295705574114566144,negative,0.0047977260186318075
1295705581827883009,negative,1.0767173022491614e-10
1295705584596135936,negative,0.000761347337790868
1295705586672295937,positive,0.6750545301049464
1295705588060557314,negative,0.013539952558337254
1295705590518427649,negative,0.0001417892679741681
1295705592804376576,negative,0.0001417892679741681
1295705596294029312,negative,4.004325117460881e-06
1295705598605037568,neutral,0.5496678701602578
1295705600748331009,negative,0.0125267217936657
1295705603449421824,negative,7.919914673317401e-06
1295705604925923328,negative,0.0015542105018013096
1295705608407134208,negative,0.0625932855156542
1295705608977514499,negative,0.03427856388538104
1295705611775234048,negative,0.00034274894913376543
1295705612307767296,negative,0.0005919917204344916
1295705612760817665,neutral,0.49789225920557484
1295705615453519872,negative,2.3757207385150956e-06
1295705618813079553,negative,0.27842183043605795
1295705619853385728,negative,0.1117025348929934
1295705619899584512,negative,0.0001417892679741681
1295705625377349635,negative,0.013510911875181624
1295705634848022530,negative,0.0015542105018013096
1295705644843098119,neutral,0.5672413396080165
1295705646248198146,negative,1.710066220079206e-05
1295705648253083648,negative,4.733186134597407e-08
1295705648395685888,negative,1.386942646094858e-08
1295705651172110336,negative,7.377596935972284e-05
1295705655190454272,negative,2.773037809116106e-07
1295705655643459585,negative,0.0047977260186318075
1295705657346269184,negative,0.0047977260186318075
1295705657442787328,negative,1.20517694961791e-05
1295705660672401408,negative,2.0558450363362386e-08
1295705660705865728,negative,0.0005111048553253669
1295705667416850432,negative,0.0060502823314950785
1295705668046000130,negative,4.799871959388057e-06
1295705668704493568,negative,0.0013921888339488854
1295705678892408833,negative,7.608493524954648e-06
1295705680746352642,negative,3.0695827583906204e-10
1295705680796581889,negative,0.0001417892679741681
1295705688354816002,negative,9.4678326593448e-07
1295705690670084096,negative,0.24119290568568688
1295705691668328450,negative,0.0001417892679741681
1295705697779359744,negative,8.947035202172739e-08
1295705700438618114,neutral,0.37836507246097595
1295705700501524480,neutral,0.37487644987518626
1295705702921625601,negative,3.9893356049677106e-05
1295705703747854337,neutral,0.5034259248417658
1295705704305700864,negative,4.53506969385721e-09
1295705704322469890,negative,3.5233693905211255e-15
1295705705001910276,negative,0.0026422882857964364
1295705708843929605,negative,0.10367173200768201
1295705709083013120,negative,0.00034064426487718185
1295705710202945543,negative,0.0038560143113330484
1295705711779995649,negative,1.386942646094858e-08
1295705714296586241,negative,0.09215973607919183
1295705715756204032,negative,0.06963568922972635
1295705718528581632,negative,0.07423789443282205
1295705719661039616,negative,0.0009172661200204738
1295705721175080960,negative,7.570109863359656e-05
1295705722177691653,negative,0.0010920145700008843
1295705727479222272,negative,0.013510911875181624
1295705729832292353,negative,0.000909595708988323
1295705729937088512,neutral,0.5551637671921773
1295705736723468289,negative,0.04902306646380183
1295705748736016384,negative,2.5631897456250014e-05
1295705750883442688,negative,0.0001417892679741681
1295705751021916161,negative,5.24155191563176e-07
1295705752561123332,negative,1.386942646094858e-08
1295705752833855488,negative,0.0047977260186318075
1295705757095202819,negative,0.0047977260186318075
1295705758441644032,negative,0.0001417892679741681
1295705763080527872,negative,0.012583286666898548
1295705768747032576,negative,2.193380771801874e-06
1295705770177310720,negative,0.00018461212049835743
1295705771733168130,negative,0.00010510897920645915
1295705772626771968,negative,3.689172459241574e-07
1295705778821705729,negative,1.3269756586921969e-16
1295705781598326785,negative,0.005246160535052898
1295705783217332225,negative,0.0011917883565307579
1295705792134492160,negative,0.09609265314937881
1295705794311225344,neutral,0.49789225920557484
1295705795020103680,negative,0.00027426305464918385
1295705798430031873,negative,0.0001417892679741681
1295705801533857795,negative,0.0002748735903416322
1295705801768816644,negative,0.0001417892679741681
1295705803253522433,negative,0.0047977260186318075
1295705810375450624,negative,7.073382698629757e-05
1295705812665540609,negative,0.006214843962711178
1295705814963978241,negative,0.0047977260186318075
1295705815937093634,negative,0.00021689406578265607
1295705816180437000,negative,0.0001417892679741681
1295705818776698881,negative,2.5521893570034472e-05
1295705822828408832,negative,0.01558753423592045
1295705823348482048,negative,0.0005142697412586493
1295705825508499458,negative,1.8806114823543238e-06
1295705828482265088,neutral,0.49789225920557484
1295705829623177216,negative,0.003079460331094158
1295705834652082178,negative,0.0001417892679741681
1295705835340005377,negative,0.008212067766192136
1295705839928586241,negative,8.987463327699684e-05
1295705842294063113,negative,0.0003954019918034098
1295705846358433792,negative,2.749793779780395e-18
1295705846438133763,negative,0.017672215562041124
1295705847662882817,negative,0.03912535784791072
1295705849101455360,negative,0.0032829252293608397
1295705850837950464,negative,4.106910659531813e-06
1295705857737601031,negative,4.5818022217529554e-05
1295705858702180356,negative,0.0002047870926257499
1295705861483094016,negative,0.22764743344149357
1295705866239463428,negative,0.10028053296428709
1295705868063985664,neutral,0.37487644987518626
1295705868546322433,negative,0.0404149782463406
1295705870165250049,negative,0.0011917883565307579
1295705872560263169,negative,0.0047977260186318075
1295705877098500097,negative,0.00010017056144494442
1295705877450756098,negative,0.0047977260186318075
1295705881359912961,negative,7.940641407359778e-06
1295705883008217089,negative,1.6162106481519296e-05
1295705893196136449,negative,1.323121445244727e-05
1295705895477948416,negative,0.32393391153437756
1295705896090325000,negative,3.529619416887287e-05
1295705896832638979,negative,0.0014773190016524945
1295705900146200576,negative,0.015156632447582951
1295705903417765889,negative,8.211695074958497e-05
1295705905208725505,neutral,0.37487644987518626
1295705905242288130,negative,8.199273668496257e-14
1295705908849278977,negative,0.10307844033868241
1295705910602608641,negative,3.6464460493792586e-06
1295705912410279937,negative,0.0047977260186318075
1295705916860510209,negative,2.3888839811390883e-10
1295705917644779520,negative,0.0001417892679741681
1295705920702492672,negative,0.0001417892679741681
1295705923730706433,negative,3.945278549532997e-11
1295705930802266114,negative,5.314554665588307e-06
1295705932677156869,negative,4.4199244428817646e-07
1295705932991791106,negative,0.0009340223564432656
1295705935625826305,negative,0.10028053296428709
1295705938280800257,negative,3.857271698902446e-07
1295705940940009472,negative,0.0005576544818882541
1295705943443988481,negative,4.985603066532728e-05
1295705947466338305,negative,0.0001417892679741681
1295705949488009218,negative,0.0001417892679741681
1295705951387951104,negative,0.1391984342405165
1295705951643869186,negative,4.5818022217529554e-05
1295705952566607873,negative,1.9701766341120048e-05
1295705954441363456,negative,0.000222355536402039
1295705964167991296,negative,0.0001417892679741681
1295705967640940544,negative,0.02650540680745208
1295705973118689280,negative,1.7814619005461834e-06
1295705976503320578,negative,2.3468352231465504e-06
1295705980391559168,neutral,0.3722486922901105
1295705987018563585,negative,0.0011050839606330934
1295705987328942081,negative,0.0001417892679741681
1295705987521839106,negative,0.02650540680745208
1295705993926578176,negative,0.011662244603361013
1295705994924888064,negative,6.172691178271524e-13
1295705995038031877,negative,0.0001417892679741681
1295705995407241218,negative,0.0015645295878872025
1295706007373479938,negative,0.03573047194107764
1295706012507348999,neutral,0.42943678910667643
1295706013430161408,negative,0.0005690389270141196
1295706013887270916,negative,1.1656442397497296e-06
1295706015674007554,negative,0.0001417892679741681
1295706020552024064,negative,9.169834788999726e-05
1295706021697130496,negative,0.002622262012454927
1295706022938583042,negative,2.57826023100395e-06
1295706023018270720,negative,0.0047977260186318075
1295706024536662018,negative,8.723139555122483e-07
1295706031293685761,negative,0.0005062369195551545
1295706032589737985,negative,0.0047977260186318075
1295706044803489792,negative,8.949849014689666e-06
1295706046284136448,negative,0.0015558178413717235
1295706047399759873,negative,0.2917113770618448
1295706047705997312,negative,0.0001417892679741681
1295706048150593536,negative,0.2661743835825717
1295706051183026177,negative,3.314886641772634e-05
1295706052214890498,negative,0.010664964479300239
1295706053238284292,negative,8.648702689458968e-05
1295706054098067458,negative,0.17823154162182836
1295706056308535299,negative,0.06161537906806061
1295706056874762240,negative,1.4969247425422536e-05
1295706059127033856,negative,1.7540919552273365e-08
1295706060091777025,negative,0.012505675253240877
1295706061710778370,negative,0.003025714189810673
1295706063807930368,negative,0.0001417892679741681
1295706066609754112,negative,0.0009234064454600542
1295706070736830464,negative,2.3015004809593544e-08
1295706076785057792,negative,3.3283774855312075e-08
1295706083680493570,negative,0.07691077086498119
1295706086469701632,negative,0.00036154896390077485
1295706086801059847,negative,4.573186503396545e-08
1295706087535116290,neutral,0.5136446707795853
1295706088101367808,negative,0.0047977260186318075
1295706090022133761,negative,0.0003392526710820864
1295706093230882816,negative,0.0199896614245825
1295706096678641665,negative,0.06048865089905147
1295706097928503296,neutral,0.3519927622691324
1295706098033401858,negative,0.010169097293237549
1295706099518144517,negative,0.00018499587058611356
1295706101401387010,negative,0.0012298040458753941
1295706103272136704,negative,1.386942646094858e-08
1295706103997661185,positive,0.6839062159262657
1295706104551415808,negative,1.0319428829635772e-06
1295706111820136448,negative,0.00027326956809056247
1295706117771800579,negative,4.117655899827004e-06
1295706123534835712,negative,6.494817898389819e-09
1295706132720353281,negative,0.0012238334958247366
1295706141314502659,negative,0.046866648454876404
1295706142602072065,negative,0.0001417892679741681
1295706143952642048,negative,0.00019314849454837277
1295706144116285441,negative,2.649185023529444e-06
1295706145869500421,negative,0.10307844033868241
1295706152756547585,negative,0.010664964479300239
1295706153226305536,negative,0.0010920145700008843
1295706161908416512,negative,0.15012498448397407
1295706162772443136,neutral,0.5217460309718567
1295706163070337024,negative,1.6644110942796033e-07
1295706165503037440,negative,0.0001417892679741681
1295706168266981378,negative,0.013510911875181624
1295706169378512898,negative,0.0625932855156542
1295706174415937538,negative,2.6375177697001472e-05
1295706177993572357,negative,2.89540770647737e-08
1295706180971565056,negative,0.0047977260186318075
1295706193088913408,negative,0.0001417892679741681
1295706197136474113,negative,6.874232658770314e-14
1295706201288826881,negative,0.0001417892679741681
1295706202429685760,negative,0.0003392526710820864
1295706205915152389,negative,0.019220336727609765
1295706220624576518,negative,0.0010952998432860771
1295706225817124866,negative,3.893244666028559e-09
1295706226181849090,negative,0.0002047870926257499
1295706228069478400,negative,2.866652054484707e-08
1295706229323464704,negative,0.0057019721404465585
1295706229755568128,negative,0.0001417892679741681
1295706230912999426,negative,0.003145447786023834
1295706232154722305,negative,2.450819232526861e-07
1295706236990754816,negative,7.073382698629757e-05
1295706243206721540,negative,1.5228856091167195e-11
1295706243277955072,negative,0.024781233788079317
1295706243919761408,negative,0.00902414779977543
1295706246209835009,negative,0.0008372561869524064
1295706247992356864,negative,2.0647624642110427e-05
1295706251930853377,negative,1.3531592835543625e-05
1295706256527593474,neutral,0.41256018869119365
1295706256825614339,negative,0.0018948462687289388
1295706258062880768,negative,0.0001417892679741681
1295706258759131138,negative,0.017439016269580564
1295706262370492416,negative,0.02504562805325111
1295706277239312385,negative,6.861236890517741e-09
1295706277985816582,negative,0.018376445187170718
1295706278078152707,negative,0.08814233342678487
1295706278212370432,negative,1.386942646094858e-08
1295706281622351874,negative,0.2301917679834784
1295706284306698242,negative,0.0032829252293608397
1295706285141352448,neutral,0.42943678910667643
1295706285279715328,negative,1.386942646094858e-08
1295706287506894854,negative,3.667936338353628e-05
1295706289499189249,negative,0.0001417892679741681
1295706291571249155,negative,3.0523764197816404e-07
1295706297480941568,negative,4.950260279597088e-07
1295706300018569218,neutral,0.3519927622691324
1295706300651917317,negative,0.0001417892679741681
1295706308105121798,negative,0.0001417892679741681
1295706310911168512,negative,2.221840741085434e-09
1295706314044329984,negative,7.174675469754778e-10
1295706317399699458,negative,0.03174633319886895
1295706319572344832,negative,0.018181780699229596
1295706325855461376,negative,0.0047977260186318075
1295706329282154496,negative,0.0001417892679741681
1295706330427260929,negative,0.0001417892679741681
1295706338522259456,negative,2.6125865153205107e-07
1295706341357563905,negative,0.010664964479300239
1295706348227907584,negative,0.20075238785724814
1295706350538895360,negative,0.001012039924636441
1295706350710861825,negative,0.009828325666285503
1295706353487482880,negative,0.0001417892679741681
1295706353776898048,negative,3.3283774855312075e-08
1295706357488918529,negative,0.0001417892679741681
1295706357556039680,neutral,0.5495922250151081
1295706359959375873,negative,8.006360101023379e-06
1295706361163124737,negative,0.0001417892679741681
1295706361356066821,negative,0.2301917679834784
1295706364325449729,negative,3.9893356049677106e-05
1295706365537726464,negative,0.0047977260186318075
1295706367047675904,negative,1.604258944537255e-08
1295706371183251456,negative,0.014855252711289787
1295706371787284481,negative,1.386942646094858e-08
1295706377105608704,negative,0.016860855610593643
1295706377193693190,negative,0.024018932901769045
1295706379173408769,negative,4.5818022217529554e-05
1295706379173466112,negative,0.10307844033868241
1295706379802628103,negative,0.01030823238629368
1295706382050775041,negative,4.1804032040157516e-05
1295706382721744896,negative,0.010714463438518366
1295706387079729153,positive,0.9739322021227819
1295706394251976704,negative,8.34340836620005e-05
1295706394847580160,negative,0.01273953652522007
1295706398580518912,negative,0.0001417892679741681
1295706400220479488,negative,0.0740481499987239
1295706400707022849,negative,0.0009291346790867043
1295706401029988354,negative,0.0012721150573267394
1295706405803089926,negative,0.003025714189810673
1295706406738432001,negative,2.5964290122143778e-05
1295706410068643841,negative,0.0032829252293608397
1295706411238858752,negative,0.0001417892679741681
1295706413424087041,negative,2.0233286425123515e-15
1295706413591928832,negative,0.00029314451703584145
1295706414413996033,negative,0.014996418683775879
1295706415315656705,negative,1.386942646094858e-08
1295706416028831747,neutral,0.5523318573592522
1295706417001889792,neutral,0.37487644987518626
1295706417199013888,negative,0.0001417892679741681
1295706428515155968,negative,0.0003075850370888771
1295706430096515072,negative,0.09609265314937881
1295706433976246274,negative,0.0012516526691777963
1295706434701860870,neutral,0.49789225920557484
1295706434907312129,negative,3.697183523540155e-13
1295706436975067137,negative,0.0047977260186318075
1295706437113569281,negative,1.386942646094858e-08
1295706440565501952,negative,0.051308214371323574
1295706442318712833,negative,4.5818022217529554e-05
1295706444206149632,negative,0.0001417892679741681
1295706446085201921,negative,0.0002676475954483508
1295706447280508928,negative,1.5373739683310427e-08
1295706448761159681,negative,0.0010952998432860771
1295706450388496385,negative,0.0010952998432860771
1295706450761846784,negative,0.0625932855156542
1295706456801644544,negative,2.7437578360933708e-05
1295706457854353411,negative,0.0001417892679741681
1295706459024633862,negative,0.27526676994252497
1295706461981552642,negative,0.0003075850370888771
1295706465756471299,negative,0.00015270296279280702
1295706467518033920,negative,4.987816896228251e-07
1295706469124517889,negative,0.0031029119174546594
1295706471687233536,negative,0.002352336209732074
1295706477202755589,negative,0.0060502823314950785
1295706481371893761,negative,0.0001417892679741681
1295706493698936835,negative,0.11626753095335347
1295706497096323073,negative,1.2213563288886512e-07
1295706497977024515,negative,0.0047977260186318075
1295706498065145858,negative,3.14170194258107e-13
